Tiempo (s),Datos
180.65211365211366,-0.022499999
180.65221265221265,-0.024999999
180.65231165231165,-0.0175
180.65241065241065,-0.024999999
180.65250965250965,-0.0275
180.65260865260868,-0.0275
180.65270765270768,-0.03
180.65280665280667,-0.03
180.65290565290567,-0.03
180.65300465300467,-0.0275
180.65310365310367,-0.03
180.65320265320267,-0.03
180.65330165330167,-0.03
180.65340065340067,-0.0325
180.65349965349967,-0.0325
180.65359865359866,-0.035
180.65369765369766,-0.0325
180.65379665379666,-0.0325
180.65389565389566,-0.035
180.65399465399466,-0.037499998
180.65409365409366,-0.037499998
180.65419265419266,-0.035
180.65429165429165,-0.035
180.65439065439065,-0.037499998
180.65448965448965,-0.037499998
180.65458865458868,-0.037499998
180.65468765468768,-0.04
180.65478665478668,-0.0425
180.65488565488567,-0.044999998
180.65498465498467,-0.037499998
180.65508365508367,-0.04
180.65518265518267,-0.04
180.65528165528167,-0.044999998
180.65538065538067,-0.044999998
180.65547965547967,-0.044999998
180.65557865557867,-0.044999998
180.65567765567766,-0.04
180.65577665577666,-0.044999998
180.65587565587566,-0.049999997
180.65597465597466,-0.044999998
180.65607365607366,-0.044999998
180.65617265617266,-0.044999998
180.65627165627166,-0.0475
180.65637065637065,-0.044999998
180.65646965646968,-0.0425
180.65656865656868,-0.04
180.65666765666768,-0.0475
180.65676665676668,-0.04
180.65686565686568,-0.0425
180.65696465696467,-0.04
180.65706365706367,-0.0425
180.65716265716267,-0.0425
180.65726165726167,-0.037499998
180.65736065736067,-0.037499998
180.65745965745967,-0.04
180.65755865755867,-0.04
180.65765765765767,-0.044999998
180.65775665775666,-0.0425
180.65785565785566,-0.0425
180.65795465795466,-0.0425
180.65805365805366,-0.044999998
180.65815265815266,-0.0425
180.65825165825166,-0.0425
180.65835065835066,-0.0425
180.65844965844968,-0.0425
180.65854865854868,-0.0425
180.65864765864768,-0.037499998
180.65874665874668,-0.0425
180.65884565884568,-0.044999998
180.65894465894468,-0.044999998
180.65904365904368,-0.0425
180.65914265914267,-0.0425
180.65924165924167,-0.044999998
180.65934065934067,-0.0425
180.65943965943967,-0.044999998
180.65953865953867,-0.0425
180.65963765963767,-0.044999998
180.65973665973667,-0.0425
180.65983565983566,-0.037499998
180.65993465993466,-0.044999998
180.66003366003366,-0.0425
180.66013266013266,-0.04
180.66023166023166,-0.035
180.66033066033066,-0.035
180.66042966042968,-0.037499998
180.66052866052868,-0.035
180.66062766062768,-0.037499998
180.66072666072668,-0.037499998
180.66082566082568,-0.035
180.66092466092468,-0.04
180.66102366102368,-0.037499998
180.66112266112268,-0.037499998
180.66122166122167,-0.035
180.66132066132067,-0.035
180.66141966141967,-0.037499998
180.66151866151867,-0.037499998
180.66161766161767,-0.037499998
180.66171666171667,-0.037499998
180.66181566181567,-0.0425
180.66191466191466,-0.0425
180.66201366201366,-0.04
180.66211266211266,-0.044999998
180.66221166221166,-0.0425
180.66231066231066,-0.044999998
180.6624096624097,-0.044999998
180.66250866250869,-0.0425
180.66260766260768,-0.044999998
180.66270666270668,-0.0475
180.66280566280568,-0.0425
180.66290466290468,-0.0475
180.66300366300368,-0.044999998
180.66310266310268,-0.04
180.66320166320168,-0.0425
180.66330066330067,-0.037499998
180.66339966339967,-0.037499998
180.66349866349867,-0.04
180.66359766359767,-0.037499998
180.66369666369667,-0.037499998
180.66379566379567,-0.037499998
180.66389466389467,-0.035
180.66399366399366,-0.04
180.66409266409266,-0.035
180.66419166419166,-0.035
180.6642906642907,-0.035
180.6643896643897,-0.03
180.6644886644887,-0.0325
180.66458766458769,-0.03
180.66468666468668,-0.0325
180.66478566478568,-0.0275
180.66488466488468,-0.0275
180.66498366498368,-0.024999999
180.66508266508268,-0.0275
180.66518166518168,-0.0275
180.66528066528068,-0.03
180.66537966537967,-0.0325
180.66547866547867,-0.0325
180.66557766557767,-0.03
180.66567666567667,-0.0325
180.66577566577567,-0.03
180.66587466587467,-0.0325
180.66597366597367,-0.03
180.66607266607267,-0.035
180.66617166617166,-0.03
180.6662706662707,-0.03
180.6663696663697,-0.0325
180.6664686664687,-0.03
180.6665676665677,-0.0275
180.66666666666669,-0.0275
180.66676566676568,-0.0275
180.66686466686468,-0.03
180.66696366696368,-0.03
180.66706266706268,-0.022499999
180.66716166716168,-0.03
180.66726066726068,-0.0275
180.66735966735968,-0.024999999
180.66745866745867,-0.02
180.66755766755767,-0.022499999
180.66765666765667,-0.024999999
180.66775566775567,-0.024999999
180.66785466785467,-0.0275
180.66795366795367,-0.022499999
180.66805266805267,-0.022499999
180.66815166815167,-0.0275
180.6682506682507,-0.022499999
180.6683496683497,-0.0275
180.6684486684487,-0.0325
180.6685476685477,-0.0275
180.6686466686467,-0.024999999
180.6687456687457,-0.0325
180.66884466884468,-0.0275
180.66894366894368,-0.0275
180.66904266904268,-0.022499999
180.66914166914168,-0.024999999
180.66924066924068,-0.02
180.66933966933968,-0.022499999
180.66943866943868,-0.0275
180.66953766953768,-0.0275
180.66963666963667,-0.0275
180.66973566973567,-0.022499999
180.66983466983467,-0.022499999
180.66993366993367,-0.024999999
180.67003267003267,-0.024999999
180.6701316701317,-0.024999999
180.6702306702307,-0.024999999
180.6703296703297,-0.024999999
180.6704286704287,-0.024999999
180.6705276705277,-0.022499999
180.6706266706267,-0.022499999
180.6707256707257,-0.022499999
180.6708246708247,-0.022499999
180.67092367092368,-0.0175
180.67102267102268,-0.012499999
180.67112167112168,-0.012499999
180.67122067122068,-0.0175
180.67131967131968,-0.0175
180.67141867141868,-0.0175
180.67151767151768,-0.015
180.67161667161668,-0.02
180.67171567171567,-0.022499999
180.67181467181467,-0.0175
180.67191367191367,-0.022499999
180.67201267201267,-0.015
180.6721116721117,-0.022499999
180.6722106722107,-0.0175
180.6723096723097,-0.0175
180.6724086724087,-0.02
180.6725076725077,-0.02
180.6726066726067,-0.022499999
180.6727056727057,-0.022499999
180.6728046728047,-0.02
180.6729036729037,-0.0175
180.67300267300269,-0.0175
180.67310167310168,-0.02
180.67320067320068,-0.022499999
180.67329967329968,-0.022499999
180.67339867339868,-0.022499999
180.67349767349768,-0.015
180.67359667359668,-0.012499999
180.67369567369568,-0.0175
180.67379467379467,-0.0175
180.67389367389367,-0.015
180.67399267399267,-0.0175
180.6740916740917,-0.015
180.6741906741907,-0.012499999
180.6742896742897,-0.015
180.6743886743887,-0.015
180.6744876744877,-0.015
180.6745866745867,-0.015
180.6746856746857,-0.0175
180.6747846747847,-0.012499999
180.6748836748837,-0.01
180.6749826749827,-0.0075
180.67508167508169,-0.012499999
180.67518067518068,-0.01
180.67527967527968,-0.01
180.67537867537868,-0.01
180.67547767547768,-0.01
180.67557667557668,-0.012499999
180.67567567567568,-0.01
180.67577467577468,-0.005
180.67587367587367,-0.01
180.67597267597267,-0.01
180.6760716760717,-0.005
180.6761706761707,-0.0075
180.6762696762697,-0.01
180.6763686763687,-0.01
180.6764676764677,-0.01
180.6765666765667,-0.01
180.6766656766657,-0.01
180.6767646767647,-0.01
180.6768636768637,-0.01
180.6769626769627,-0.01
180.6770616770617,-0.012499999
180.67716067716069,-0.0075
180.67725967725968,-0.0075
180.67735867735868,-0.0075
180.67745767745768,-0.0075
180.67755667755668,-0.012499999
180.67765567765568,-0.01
180.67775467775468,-0.012499999
180.67785367785368,-0.012499999
180.6779526779527,-0.01
180.6780516780517,-0.015
180.6781506781507,-0.01
180.6782496782497,-0.012499999
180.6783486783487,-0.012499999
180.6784476784477,-0.015
180.6785466785467,-0.015
180.6786456786457,-0.01
180.6787446787447,-0.01
180.6788436788437,-0.012499999
180.6789426789427,-0.015
180.6790416790417,-0.012499999
180.6791406791407,-0.01
180.67923967923969,-0.01
180.67933867933868,-0.0175
180.67943767943768,-0.0175
180.67953667953668,-0.012499999
180.67963567963568,-0.01
180.67973467973468,-0.015
180.67983367983368,-0.015
180.6799326799327,-0.012499999
180.6800316800317,-0.0075
180.6801306801307,-0.01
180.6802296802297,-0.01
180.6803286803287,-0.012499999
180.6804276804277,-0.012499999
180.6805266805267,-0.012499999
180.6806256806257,-0.015
180.6807246807247,-0.015
180.6808236808237,-0.012499999
180.6809226809227,-0.01
180.6810216810217,-0.01
180.6811206811207,-0.01
180.6812196812197,-0.01
180.6813186813187,-0.0075
180.68141768141768,-0.0075
180.68151668151668,-0.01
180.68161568161568,-0.0075
180.68171468171468,-0.01
180.68181368181368,-0.01
180.6819126819127,-0.0075
180.6820116820117,-0.0025
180.6821106821107,-0.005
180.6822096822097,-0.01
180.6823086823087,-0.01
180.6824076824077,-0.0075
180.6825066825067,-0.0075
180.6826056826057,-0.0075
180.6827046827047,-0.0075
180.6828036828037,-0.005
180.6829026829027,-0.005
180.6830016830017,-0.005
180.6831006831007,-0.0025
180.6831996831997,-0.015
180.6832986832987,-0.012499999
180.6833976833977,-0.01
180.68349668349668,-0.0075
180.68359568359568,-0.0025
180.68369468369468,-0.0075
180.68379368379368,-0.01
180.6838926838927,-0.01
180.6839916839917,-0.012499999
180.6840906840907,-0.012499999
180.6841896841897,-0.01
180.6842886842887,-0.012499999
180.6843876843877,-0.01
180.6844866844867,-0.0075
180.6845856845857,-0.0075
180.6846846846847,-0.0075
180.6847836847837,-0.01
180.6848826848827,-0.0075
180.6849816849817,-0.0075
180.6850806850807,-0.0075
180.6851796851797,-0.005
180.6852786852787,-0.0075
180.6853776853777,-0.01
180.6854766854767,-0.01
180.68557568557569,-0.0075
180.68567468567468,-0.01
180.6857736857737,-0.01
180.6858726858727,-0.0075
180.6859716859717,-0.0025
180.6860706860707,-0.005
180.6861696861697,-0.0025
180.6862686862687,-0.0025
180.6863676863677,0.0
180.6864666864667,-0.0025
180.6865656865657,-0.0025
180.6866646866647,-0.005
180.6867636867637,0.0
180.6868626868627,-0.0025
180.6869616869617,-0.0025
180.6870606870607,-0.0075
180.6871596871597,-0.0075
180.6872586872587,-0.005
180.6873576873577,-0.0025
180.6874566874567,-0.0025
180.6875556875557,0.005
180.68765468765469,0.0025
180.6877536877537,-0.0075
180.6878526878527,-0.0075
180.6879516879517,-0.01
180.6880506880507,-0.012499999
180.6881496881497,-0.012499999
180.6882486882487,-0.01
180.6883476883477,-0.005
180.6884466884467,-0.01
180.6885456885457,-0.01
180.6886446886447,-0.0075
180.6887436887437,-0.01
180.6888426888427,-0.005
180.6889416889417,-0.0075
180.6890406890407,-0.005
180.6891396891397,-0.0025
180.6892386892387,-0.005
180.6893376893377,-0.0025
180.6894366894367,-0.005
180.6895356895357,-0.0075
180.6896346896347,-0.005
180.6897336897337,-0.0075
180.6898326898327,-0.0075
180.6899316899317,-0.0025
180.6900306900307,-0.0075
180.6901296901297,-0.012499999
180.6902286902287,-0.01
180.6903276903277,-0.0075
180.6904266904267,-0.005
180.6905256905257,-0.005
180.6906246906247,-0.0025
180.6907236907237,-0.005
180.6908226908227,0.0
180.6909216909217,-0.005
180.6910206910207,-0.005
180.6911196911197,-0.0025
180.6912186912187,-0.005
180.6913176913177,-0.0025
180.6914166914167,-0.005
180.6915156915157,-0.005
180.69161469161472,-0.0025
180.69171369171372,-0.0025
180.69181269181271,0.0025
180.6919116919117,0.0
180.6920106920107,0.0
180.6921096921097,-0.0025
180.6922086922087,-0.0025
180.6923076923077,0.0
180.6924066924067,-0.005
180.6925056925057,-0.0025
180.6926046926047,-0.0025
180.6927036927037,-0.0025
180.6928026928027,-0.0025
180.6929016929017,-0.0025
180.6930006930007,0.0
180.6930996930997,0.0
180.6931986931987,-0.005
180.6932976932977,0.0
180.6933966933967,-0.0025
180.6934956934957,0.0
180.69359469359472,0.0
180.69369369369372,-0.0025
180.69379269379272,-0.0025
180.69389169389171,-0.005
180.6939906939907,-0.005
180.6940896940897,-0.0075
180.6941886941887,-0.005
180.6942876942877,-0.0025
180.6943866943867,-0.0025
180.6944856944857,0.0
180.6945846945847,-0.0025
180.6946836946837,-0.0025
180.6947826947827,-0.0025
180.6948816948817,-0.0025
180.6949806949807,-0.0075
180.6950796950797,-0.01
180.6951786951787,-0.01
180.6952776952777,-0.01
180.6953766953767,-0.005
180.6954756954757,-0.005
180.69557469557472,-0.0075
180.69567369567372,-0.01
180.69577269577272,-0.012499999
180.69587169587172,-0.01
180.69597069597071,-0.0075
180.6960696960697,-0.01
180.6961686961687,-0.012499999
180.6962676962677,-0.0075
180.6963666963667,-0.01
180.6964656964657,-0.01
180.6965646965647,-0.015
180.6966636966637,-0.01
180.6967626967627,-0.012499999
180.6968616968617,-0.012499999
180.6969606969607,-0.01
180.6970596970597,-0.0075
180.6971586971587,-0.0075
180.6972576972577,-0.0075
180.6973566973567,-0.0075
180.6974556974557,-0.0075
180.69755469755472,-0.005
180.69765369765372,-0.0025
180.69775269775272,0.0
180.69785169785172,-0.0025
180.69795069795072,-0.0025
180.69804969804972,-0.01
180.6981486981487,-0.005
180.6982476982477,-0.005
180.6983466983467,-0.0075
180.6984456984457,-0.01
180.6985446985447,-0.0075
180.6986436986437,-0.0025
180.6987426987427,-0.005
180.6988416988417,0.0
180.6989406989407,0.0
180.6990396990397,-0.0025
180.6991386991387,0.005
180.6992376992377,0.0025
180.6993366993367,-0.005
180.69943569943572,0.0
180.69953469953472,-0.005
180.69963369963372,-0.0075
180.69973269973272,-0.0025
180.69983169983172,-0.005
180.69993069993072,-0.0025
180.70002970002972,-0.005
180.70012870012872,-0.005
180.7002277002277,-0.0025
180.7003267003267,-0.0025
180.7004257004257,-0.005
180.7005247005247,-0.0075
180.7006237006237,-0.01
180.7007227007227,-0.0075
180.7008217008217,-0.005
180.7009207009207,-0.012499999
180.7010197010197,-0.005
180.7011187011187,-0.0075
180.7012177012177,-0.01
180.7013167013167,-0.01
180.70141570141573,-0.005
180.70151470151472,-0.005
180.70161370161372,-0.005
180.70171270171272,-0.0075
180.70181170181172,-0.0075
180.70191070191072,-0.01
180.70200970200972,-0.01
180.70210870210872,-0.01
180.70220770220772,-0.0075
180.70230670230671,-0.01
180.7024057024057,-0.0075
180.7025047025047,-0.01
180.7026037026037,-0.0075
180.7027027027027,-0.01
180.7028017028017,-0.005
180.7029007029007,-0.0075
180.7029997029997,-0.0025
180.7030987030987,0.0
180.7031977031977,-0.005
180.7032967032967,-0.005
180.70339570339573,0.0
180.70349470349473,0.0025
180.70359370359373,-0.0025
180.70369270369272,-0.005
180.70379170379172,-0.005
180.70389070389072,0.0025
180.70398970398972,-0.0025
180.70408870408872,-0.005
180.70418770418772,-0.0075
180.70428670428672,-0.005
180.70438570438571,-0.0075
180.7044847044847,-0.0025
180.7045837045837,0.0
180.7046827046827,0.0
180.7047817047817,0.0
180.7048807048807,0.0
180.7049797049797,-0.0025
180.7050787050787,-0.0025
180.7051777051777,-0.005
180.7052767052767,-0.005
180.70537570537573,0.0
180.70547470547473,-0.005
180.70557370557373,-0.005
180.70567270567273,-0.005
180.70577170577172,0.0
180.70587070587072,-0.0025
180.70596970596972,-0.0025
180.70606870606872,-0.0025
180.70616770616772,-0.005
180.70626670626672,-0.0025
180.70636570636572,-0.005
180.70646470646471,-0.005
180.7065637065637,-0.0075
180.7066627066627,-0.0075
180.7067617067617,-0.005
180.7068607068607,-0.0025
180.7069597069597,-0.005
180.7070587070587,-0.0025
180.7071577071577,-0.005
180.70725670725673,-0.0025
180.70735570735573,-0.005
180.70745470745473,-0.005
180.70755370755373,-0.0025
180.70765270765273,-0.005
180.70775170775173,-0.0025
180.70785070785072,-0.0025
180.70794970794972,-0.005
180.70804870804872,0.0
180.70814770814772,-0.0025
180.70824670824672,-0.005
180.70834570834572,-0.0075
180.70844470844472,-0.01
180.70854370854371,-0.005
180.7086427086427,-0.005
180.7087417087417,-0.0025
180.7088407088407,0.0
180.7089397089397,-0.0025
180.7090387090387,0.0
180.7091377091377,0.0
180.70923670923673,0.0
180.70933570933573,-0.005
180.70943470943473,0.0
180.70953370953373,0.0
180.70963270963273,0.0
180.70973170973173,-0.0025
180.70983070983073,-0.005
180.70992970992972,-0.005
180.71002871002872,-0.0025
180.71012771012772,-0.0025
180.71022671022672,-0.0025
180.71032571032572,-0.0025
180.71042471042472,-0.005
180.71052371052372,0.0
180.71062271062272,-0.0025
180.7107217107217,-0.0025
180.7108207108207,-0.0025
180.7109197109197,0.0
180.7110187110187,0.0
180.7111177111177,-0.005
180.71121671121674,-0.0025
180.71131571131573,-0.005
180.71141471141473,-0.0025
180.71151371151373,-0.0025
180.71161271161273,-0.005
180.71171171171173,0.0
180.71181071181073,-0.0025
180.71190971190973,-0.0075
180.71200871200872,-0.015
180.71210771210772,-0.012499999
180.71220671220672,-0.0075
180.71230571230572,-0.005
180.71240471240472,-0.005
180.71250371250372,-0.0075
180.71260271260272,0.0
180.71270171270172,-0.005
180.7128007128007,-0.01
180.7128997128997,-0.01
180.7129987129987,-0.015
180.71309771309774,-0.005
180.71319671319674,-0.005
180.71329571329574,-0.01
180.71339471339473,-0.0075
180.71349371349373,-0.01
180.71359271359273,-0.0075
180.71369171369173,-0.01
180.71379071379073,-0.0025
180.71388971388973,-0.005
180.71398871398873,-0.005
180.71408771408773,-0.005
180.71418671418672,-0.005
180.71428571428572,-0.0025
180.71438471438472,-0.0075
180.71448371448372,-0.0075
180.71458271458272,-0.0075
180.71468171468172,-0.0075
180.71478071478072,-0.0075
180.71487971487971,-0.0025
180.7149787149787,-0.0025
180.71507771507774,-0.005
180.71517671517674,-0.01
180.71527571527574,-0.0075
180.71537471537474,-0.005
180.71547371547373,-0.005
180.71557271557273,-0.0075
180.71567171567173,-0.005
180.71577071577073,-0.005
180.71586971586973,0.0025
180.71596871596873,0.0025
180.71606771606773,0.0025
180.71616671616673,0.0025
180.71626571626572,0.0025
180.71636471636472,0.0
180.71646371646372,-0.0025
180.71656271656272,-0.005
180.71666171666172,-0.005
180.71676071676072,-0.0025
180.71685971685972,-0.0025
180.71695871695871,-0.0075
180.71705771705774,-0.0075
180.71715671715674,-0.01
180.71725571725574,-0.005
180.71735471735474,-0.0075
180.71745371745374,-0.0075
180.71755271755273,-0.005
180.71765171765173,-0.005
180.71775071775073,-0.0025
180.71784971784973,-0.005
180.71794871794873,-0.005
180.71804771804773,-0.005
180.71814671814673,-0.0075
180.71824571824573,-0.0075
180.71834471834472,-0.0075
180.71844371844372,-0.005
180.71854271854272,-0.005
180.71864171864172,-0.01
180.71874071874072,-0.012499999
180.71883971883972,-0.0075
180.71893871893872,-0.0075
180.71903771903774,-0.01
180.71913671913674,-0.0075
180.71923571923574,-0.005
180.71933471933474,-0.0025
180.71943371943374,-0.005
180.71953271953274,-0.0025
180.71963171963174,-0.0075
180.71973071973073,-0.005
180.71982971982973,0.0
180.71992871992873,-0.0025
180.72002772002773,-0.0025
180.72012672012673,0.0
180.72022572022573,0.0
180.72032472032473,0.0025
180.72042372042372,-0.005
180.72052272052272,0.0
180.72062172062172,0.0
180.72072072072072,0.0
180.72081972081972,-0.0025
180.72091872091875,0.0
180.72101772101774,-0.0025
180.72111672111674,-0.0025
180.72121572121574,-0.0075
180.72131472131474,-0.005
180.72141372141374,-0.005
180.72151272151274,-0.0075
180.72161172161174,-0.0075
180.72171072171074,-0.0025
180.72180972180973,-0.005
180.72190872190873,-0.005
180.72200772200773,-0.005
180.72210672210673,-0.0075
180.72220572220573,-0.01
180.72230472230473,-0.01
180.72240372240373,-0.01
180.72250272250272,-0.015
180.72260172260172,-0.0075
180.72270072270072,-0.005
180.72279972279972,-0.005
180.72289872289875,-0.005
180.72299772299775,-0.0025
180.72309672309675,-0.005
180.72319572319574,-0.0025
180.72329472329474,-0.0025
180.72339372339374,-0.005
180.72349272349274,-0.005
180.72359172359174,-0.005
180.72369072369074,-0.005
180.72378972378974,-0.0025
180.72388872388873,-0.005
180.72398772398773,-0.005
180.72408672408673,-0.005
180.72418572418573,-0.005
180.72428472428473,-0.0075
180.72438372438373,-0.0075
180.72448272448273,-0.0075
180.72458172458172,-0.0075
180.72468072468072,-0.0075
180.72477972477972,-0.0075
180.72487872487875,-0.0025
180.72497772497775,-0.0025
180.72507672507675,-0.0025
180.72517572517575,-0.0075
180.72527472527474,-0.0025
180.72537372537374,-0.005
180.72547272547274,-0.0075
180.72557172557174,-0.005
180.72567072567074,-0.0075
180.72576972576974,-0.005
180.72586872586874,-0.0025
180.72596772596773,-0.005
180.72606672606673,0.0
180.72616572616573,-0.005
180.72626472626473,-0.005
180.72636372636373,-0.005
180.72646272646273,-0.005
180.72656172656173,0.0
180.72666072666073,0.0
180.72675972675972,-0.0025
180.72685872685875,-0.0025
180.72695772695775,0.0
180.72705672705675,-0.0025
180.72715572715575,-0.0025
180.72725472725475,0.0
180.72735372735374,-0.0025
180.72745272745274,-0.005
180.72755172755174,-0.005
180.72765072765074,-0.005
180.72774972774974,-0.0075
180.72784872784874,-0.005
180.72794772794774,-0.0075
180.72804672804673,-0.0075
180.72814572814573,-0.01
180.72824472824473,-0.01
180.72834372834373,-0.0075
180.72844272844273,-0.0075
180.72854172854173,-0.01
180.72864072864073,-0.0075
180.72873972873975,-0.0075
180.72883872883875,-0.012499999
180.72893772893775,-0.005
180.72903672903675,-0.012499999
180.72913572913575,-0.01
180.72923472923475,-0.01
180.72933372933375,-0.0075
180.72943272943274,-0.0075
180.72953172953174,-0.012499999
180.72963072963074,-0.012499999
180.72972972972974,-0.01
180.72982872982874,-0.01
180.72992772992774,-0.01
180.73002673002674,-0.0075
180.73012573012574,-0.0075
180.73022473022473,-0.01
180.73032373032373,-0.0075
180.73042273042273,-0.012499999
180.73052173052173,-0.01
180.73062073062073,-0.012499999
180.73071973071976,-0.01
180.73081873081875,-0.012499999
180.73091773091775,-0.01
180.73101673101675,-0.0075
180.73111573111575,-0.0075
180.73121473121475,-0.005
180.73131373131375,-0.0025
180.73141273141275,0.0
180.73151173151174,-0.005
180.73161073161074,-0.005
180.73170973170974,-0.0025
180.73180873180874,-0.005
180.73190773190774,-0.0025
180.73200673200674,-0.005
180.73210573210574,-0.0025
180.73220473220474,-0.0075
180.73230373230373,-0.01
180.73240273240273,-0.005
180.73250173250173,0.0
180.73260073260073,-0.005
180.73269973269976,-0.0025
180.73279873279876,-0.0025
180.73289773289775,-0.0075
180.73299673299675,-0.01
180.73309573309575,-0.01
180.73319473319475,-0.0075
180.73329373329375,-0.0025
180.73339273339275,-0.005
180.73349173349175,-0.0075
180.73359073359075,-0.005
180.73368973368974,-0.005
180.73378873378874,-0.0025
180.73388773388774,-0.005
180.73398673398674,-0.005
180.73408573408574,-0.0075
180.73418473418474,-0.005
180.73428373428374,-0.0075
180.73438273438273,-0.005
180.73448173448173,-0.0075
180.73458073458073,-0.005
180.73467973467976,-0.005
180.73477873477876,-0.005
180.73487773487776,-0.01
180.73497673497675,0.0
180.73507573507575,-0.005
180.73517473517475,-0.0025
180.73527373527375,-0.0025
180.73537273537275,-0.0075
180.73547173547175,-0.01
180.73557073557075,-0.01
180.73566973566975,-0.005
180.73576873576874,-0.005
180.73586773586774,-0.01
180.73596673596674,-0.01
180.73606573606574,-0.005
180.73616473616474,-0.005
180.73626373626374,-0.01
180.73636273636274,-0.01
180.73646173646173,-0.01
180.73656073656076,-0.0075
180.73665973665976,-0.0075
180.73675873675876,-0.005
180.73685773685776,-0.0025
180.73695673695676,-0.005
180.73705573705575,-0.0025
180.73715473715475,-0.0075
180.73725373725375,-0.0025
180.73735273735275,0.0
180.73745173745175,-0.005
180.73755073755075,-0.0075
180.73764973764975,-0.005
180.73774873774875,-0.0025
180.73784773784774,-0.005
180.73794673794674,-0.005
180.73804573804574,-0.0075
180.73814473814474,-0.01
180.73824373824374,-0.005
180.73834273834274,-0.005
180.73844173844174,-0.0025
180.73854073854076,-0.005
180.73863973863976,-0.0075
180.73873873873876,-0.01
180.73883773883776,-0.0075
180.73893673893676,-0.0075
180.73903573903576,-0.005
180.73913473913476,-0.005
180.73923373923375,-0.005
180.73933273933275,-0.0075
180.73943173943175,-0.01
180.73953073953075,-0.01
180.73962973962975,-0.0075
180.73972873972875,-0.005
180.73982773982775,-0.012499999
180.73992673992674,-0.005
180.74002574002574,-0.01
180.74012474012474,-0.0075
180.74022374022374,-0.015
180.74032274032274,-0.012499999
180.74042174042174,-0.0075
180.74052074052076,-0.012499999
180.74061974061976,-0.01
180.74071874071876,-0.01
180.74081774081776,-0.012499999
180.74091674091676,-0.01
180.74101574101576,-0.0075
180.74111474111476,-0.012499999
180.74121374121376,-0.012499999
180.74131274131275,-0.0075
180.74141174141175,-0.0075
180.74151074151075,-0.0075
180.74160974160975,-0.0075
180.74170874170875,-0.012499999
180.74180774180775,-0.012499999
180.74190674190675,-0.01
180.74200574200574,-0.005
180.74210474210474,-0.0075
180.74220374220374,-0.0075
180.74230274230274,-0.0025
180.74240174240177,-0.005
180.74250074250077,-0.005
180.74259974259977,-0.01
180.74269874269876,-0.0075
180.74279774279776,-0.0075
180.74289674289676,-0.0075
180.74299574299576,-0.005
180.74309474309476,-0.005
180.74319374319376,-0.0075
180.74329274329276,-0.0075
180.74339174339175,-0.005
180.74349074349075,-0.005
180.74358974358975,0.0
180.74368874368875,-0.0025
180.74378774378775,-0.0025
180.74388674388675,-0.005
180.74398574398575,-0.0075
180.74408474408474,-0.005
180.74418374418374,-0.0075
180.74428274428274,-0.0075
180.74438174438177,-0.0075
180.74448074448077,-0.0075
180.74457974457977,-0.01
180.74467874467877,-0.0075
180.74477774477776,-0.01
180.74487674487676,-0.01
180.74497574497576,-0.01
180.74507474507476,-0.01
180.74517374517376,-0.015
180.74527274527276,-0.015
180.74537174537176,-0.012499999
180.74547074547075,-0.012499999
180.74556974556975,-0.01
180.74566874566875,-0.012499999
180.74576774576775,-0.01
180.74586674586675,-0.01
180.74596574596575,-0.01
180.74606474606475,-0.01
180.74616374616375,-0.015
180.74626274626274,-0.012499999
180.74636174636177,-0.012499999
180.74646074646077,-0.012499999
180.74655974655977,-0.015
180.74665874665877,-0.015
180.74675774675777,-0.015
180.74685674685676,-0.012499999
180.74695574695576,-0.01
180.74705474705476,-0.012499999
180.74715374715376,-0.0075
180.74725274725276,-0.005
180.74735174735176,-0.01
180.74745074745076,-0.0075
180.74754974754975,-0.0025
180.74764874764875,-0.005
180.74774774774775,-0.005
180.74784674784675,-0.01
180.74794574794575,-0.0075
180.74804474804475,-0.0075
180.74814374814375,-0.015
180.74824274824275,-0.012499999
180.74834174834177,-0.0075
180.74844074844077,-0.012499999
180.74853974853977,-0.01
180.74863874863877,-0.0075
180.74873774873777,-0.005
180.74883674883677,-0.01
180.74893574893576,-0.0075
180.74903474903476,-0.01
180.74913374913376,-0.0075
180.74923274923276,-0.0075
180.74933174933176,-0.012499999
180.74943074943076,-0.01
180.74952974952976,-0.01
180.74962874962876,-0.0075
180.74972774972775,-0.0075
180.74982674982675,-0.0075
180.74992574992575,-0.01
180.75002475002475,-0.012499999
180.75012375012375,-0.01
180.75022275022278,-0.01
180.75032175032177,-0.0075
180.75042075042077,-0.01
180.75051975051977,-0.012499999
180.75061875061877,-0.012499999
180.75071775071777,-0.015
180.75081675081677,-0.012499999
180.75091575091577,-0.012499999
180.75101475101476,-0.012499999
180.75111375111376,-0.012499999
180.75121275121276,-0.015
180.75131175131176,-0.012499999
180.75141075141076,-0.012499999
180.75150975150976,-0.012499999
180.75160875160876,-0.012499999
180.75170775170776,-0.01
180.75180675180675,-0.01
180.75190575190575,-0.012499999
180.75200475200475,-0.012499999
180.75210375210375,-0.01
180.75220275220278,-0.015
180.75230175230178,-0.0175
180.75240075240077,-0.0075
180.75249975249977,-0.01
180.75259875259877,-0.01
180.75269775269777,-0.015
180.75279675279677,-0.015
180.75289575289577,-0.012499999
180.75299475299477,-0.02
180.75309375309376,-0.015
180.75319275319276,-0.01
180.75329175329176,-0.01
180.75339075339076,-0.01
180.75348975348976,-0.01
180.75358875358876,-0.0075
180.75368775368776,-0.012499999
180.75378675378676,-0.01
180.75388575388575,-0.0075
180.75398475398475,-0.005
180.75408375408375,-0.005
180.75418275418278,-0.0075
180.75428175428178,-0.01
180.75438075438078,-0.0075
180.75447975447977,-0.01
180.75457875457877,-0.0075
180.75467775467777,-0.01
180.75477675477677,-0.012499999
180.75487575487577,-0.0075
180.75497475497477,-0.01
180.75507375507377,-0.012499999
180.75517275517277,-0.01
180.75527175527176,-0.0075
180.75537075537076,-0.01
180.75546975546976,-0.0025
180.75556875556876,-0.0025
180.75566775566776,-0.0025
180.75576675576676,-0.0075
180.75586575586576,-0.012499999
180.75596475596475,-0.01
180.75606375606375,-0.01
180.75616275616278,-0.01
180.75626175626178,-0.012499999
180.75636075636078,-0.0075
180.75645975645978,-0.0075
180.75655875655877,-0.0025
180.75665775665777,-0.012499999
180.75675675675677,-0.01
180.75685575685577,-0.0075
180.75695475695477,-0.0025
180.75705375705377,-0.005
180.75715275715277,-0.005
180.75725175725177,-0.005
180.75735075735076,-0.0075
180.75744975744976,-0.0075
180.75754875754876,-0.0075
180.75764775764776,-0.005
180.75774675774676,-0.0075
180.75784575784576,-0.0075
180.75794475794476,-0.012499999
180.75804375804378,-0.0075
180.75814275814278,-0.0025
180.75824175824178,-0.0025
180.75834075834078,-0.0025
180.75843975843978,-0.0025
180.75853875853878,-0.005
180.75863775863778,-0.01
180.75873675873677,0.0
180.75883575883577,-0.0025
180.75893475893477,-0.005
180.75903375903377,0.0
180.75913275913277,-0.0025
180.75923175923177,-0.005
180.75933075933077,-0.0075
180.75942975942976,-0.0075
180.75952875952876,-0.0075
180.75962775962776,-0.0025
180.75972675972676,-0.0075
180.75982575982576,-0.005
180.75992475992476,-0.01
180.76002376002378,-0.0075
180.76012276012278,-0.0075
180.76022176022178,-0.0025
180.76032076032078,-0.0025
180.76041976041978,-0.005
180.76051876051878,-0.0025
180.76061776061778,0.0
180.76071676071678,0.0
180.76081576081577,-0.0075
180.76091476091477,-0.0075
180.76101376101377,-0.0025
180.76111276111277,0.0
180.76121176121177,0.0
180.76131076131077,-0.005
180.76140976140977,-0.0075
180.76150876150876,-0.012499999
180.76160776160776,-0.012499999
180.76170676170676,-0.015
180.76180576180576,-0.0175
180.76190476190476,-0.012499999
180.7620037620038,-0.01
180.76210276210278,-0.01
180.76220176220178,-0.005
180.76230076230078,-0.01
180.76239976239978,-0.0175
180.76249876249878,-0.012499999
180.76259776259778,-0.01
180.76269676269678,-0.015
180.76279576279578,-0.015
180.76289476289477,-0.012499999
180.76299376299377,-0.012499999
180.76309276309277,-0.01
180.76319176319177,-0.01
180.76329076329077,-0.015
180.76338976338977,-0.015
180.76348876348877,-0.0175
180.76358776358776,-0.012499999
180.76368676368676,-0.012499999
180.76378576378576,-0.012499999
180.7638847638848,-0.01
180.7639837639838,-0.01
180.7640827640828,-0.01
180.76418176418179,-0.0075
180.76428076428078,-0.005
180.76437976437978,-0.005
180.76447876447878,-0.0025
180.76457776457778,-0.005
180.76467676467678,-0.005
180.76477576477578,-0.005
180.76487476487478,-0.005
180.76497376497377,-0.005
180.76507276507277,-0.0075
180.76517176517177,-0.0075
180.76527076527077,-0.005
180.76536976536977,-0.005
180.76546876546877,-0.0075
180.76556776556777,-0.0025
180.76566676566677,-0.005
180.76576576576576,-0.0075
180.7658647658648,-0.0075
180.7659637659638,-0.0075
180.7660627660628,-0.0075
180.7661617661618,-0.0075
180.76626076626079,-0.005
180.76635976635978,-0.005
180.76645876645878,-0.0075
180.76655776655778,-0.0075
180.76665676665678,-0.01
180.76675576675578,-0.01
180.76685476685478,-0.01
180.76695376695378,-0.0075
180.76705276705277,-0.01
180.76715176715177,-0.0075
180.76725076725077,-0.0075
180.76734976734977,-0.005
180.76744876744877,-0.01
180.76754776754777,-0.01
180.76764676764677,-0.01
180.76774576774577,-0.005
180.7678447678448,-0.01
180.7679437679438,-0.0075
180.7680427680428,-0.01
180.7681417681418,-0.01
180.7682407682408,-0.01
180.76833976833979,-0.01
180.76843876843878,-0.01
180.76853776853778,-0.012499999
180.76863676863678,-0.012499999
180.76873576873578,-0.015
180.76883476883478,-0.012499999
180.76893376893378,-0.015
180.76903276903278,-0.01
180.76913176913177,-0.012499999
180.76923076923077,-0.01
180.76932976932977,-0.01
180.76942876942877,-0.01
180.76952776952777,-0.01
180.76962676962677,-0.0075
180.76972576972577,-0.0075
180.7698247698248,-0.0075
180.7699237699238,-0.01
180.7700227700228,-0.0025
180.7701217701218,-0.0025
180.7702207702208,0.0
180.7703197703198,-0.0075
180.7704187704188,-0.005
180.77051777051778,-0.005
180.77061677061678,-0.005
180.77071577071578,-0.01
180.77081477081478,-0.01
180.77091377091378,-0.005
180.77101277101278,-0.0075
180.77111177111178,-0.005
180.77121077121078,-0.005
180.77130977130977,-0.005
180.77140877140877,-0.01
180.77150777150777,-0.0075
180.77160677160677,-0.0075
180.7717057717058,-0.0075
180.7718047718048,-0.0075
180.7719037719038,-0.01
180.7720027720028,-0.0025
180.7721017721018,-0.0075
180.7722007722008,-0.012499999
180.7722997722998,-0.012499999
180.7723987723988,-0.01
180.7724977724978,-0.01
180.77259677259678,-0.012499999
180.77269577269578,-0.012499999
180.77279477279478,-0.0075
180.77289377289378,-0.005
180.77299277299278,-0.005
180.77309177309178,-0.005
180.77319077319078,-0.005
180.77328977328978,-0.005
180.77338877338877,-0.005
180.77348777348777,-0.0025
180.77358677358677,-0.0075
180.7736857736858,-0.0075
180.7737847737848,-0.0075
180.7738837738838,-0.005
180.7739827739828,-0.005
180.7740817740818,-0.01
180.7741807741808,-0.0075
180.7742797742798,-0.01
180.7743787743788,-0.005
180.7744777744778,-0.0075
180.7745767745768,-0.005
180.77467577467579,-0.0075
180.77477477477478,-0.0025
180.77487377487378,-0.0025
180.77497277497278,-0.0025
180.77507177507178,0.0
180.77517077517078,0.0
180.77526977526978,-0.0025
180.77536877536878,-0.0025
180.77546777546777,0.0
180.77556677556677,-0.005
180.7756657756658,-0.005
180.7757647757648,0.0
180.7758637758638,-0.005
180.7759627759628,0.0
180.7760617760618,-0.005
180.7761607761608,-0.005
180.7762597762598,-0.0075
180.7763587763588,-0.0075
180.7764577764578,-0.005
180.7765567765568,-0.0025
180.7766557766558,-0.005
180.77675477675479,-0.005
180.77685377685378,-0.0075
180.77695277695278,-0.005
180.77705177705178,-0.0025
180.77715077715078,-0.0025
180.77724977724978,0.005
180.77734877734878,0.0
180.77744777744778,-0.005
180.77754677754677,-0.005
180.7776457776458,-0.0025
180.7777447777448,-0.005
180.7778437778438,-0.0075
180.7779427779428,-0.005
180.7780417780418,-0.01
180.7781407781408,-0.0075
180.7782397782398,-0.0025
180.7783387783388,-0.0075
180.7784377784378,-0.0075
180.7785367785368,-0.005
180.7786357786358,-0.01
180.7787347787348,-0.0075
180.77883377883379,-0.005
180.77893277893278,-0.0075
180.77903177903178,-0.005
180.77913077913078,-0.005
180.77922977922978,-0.0075
180.77932877932878,-0.0075
180.77942777942778,-0.0075
180.7795267795268,-0.0075
180.7796257796258,-0.005
180.7797247797248,-0.0075
180.7798237798238,-0.005
180.7799227799228,-0.0075
180.7800217800218,-0.0075
180.7801207801208,-0.0075
180.7802197802198,-0.01
180.7803187803188,-0.01
180.7804177804178,-0.005
180.7805167805168,-0.0075
180.7806157806158,-0.005
180.7807147807148,-0.005
180.7808137808138,-0.005
180.7809127809128,-0.0075
180.78101178101178,0.0
180.78111078111078,0.0
180.78120978120978,-0.005
180.78130878130878,-0.0025
180.78140778140778,0.0025
180.7815067815068,0.0
180.7816057816058,-0.0025
180.7817047817048,-0.0075
180.7818037818038,-0.0025
180.7819027819028,0.0
180.7820017820018,-0.0025
180.7821007821008,-0.0025
180.7821997821998,0.0
180.7822987822988,-0.0025
180.7823977823978,-0.005
180.7824967824968,-0.005
180.7825957825958,-0.0025
180.7826947826948,-0.0025
180.7827937827938,0.0
180.7828927828928,-0.0025
180.7829917829918,-0.0025
180.78309078309078,-0.0075
180.78318978318978,-0.0075
180.78328878328878,-0.005
180.78338778338778,-0.0075
180.7834867834868,-0.01
180.7835857835858,-0.0075
180.7836847836848,-0.005
180.7837837837838,-0.01
180.7838827838828,-0.0075
180.7839817839818,-0.012499999
180.7840807840808,-0.01
180.7841797841798,-0.0075
180.7842787842788,-0.005
180.7843777843778,-0.0075
180.7844767844768,-0.0075
180.7845757845758,-0.01
180.7846747846748,-0.01
180.7847737847738,-0.01
180.7848727848728,-0.012499999
180.7849717849718,-0.012499999
180.7850707850708,-0.012499999
180.78516978516978,-0.012499999
180.78526878526878,-0.0075
180.7853677853678,-0.0075
180.7854667854668,-0.01
180.7855657855658,-0.01
180.7856647856648,-0.012499999
180.7857637857638,-0.0075
180.7858627858628,-0.0075
180.7859617859618,-0.0075
180.7860607860608,-0.01
180.7861597861598,-0.01
180.7862587862588,-0.0075
180.7863577863578,-0.0075
180.7864567864568,-0.01
180.7865557865558,-0.0075
180.7866547866548,-0.0075
180.7867537867538,-0.01
180.7868527868528,-0.01
180.7869517869518,-0.0075
180.7870507870508,-0.0075
180.7871497871498,-0.01
180.78724878724879,-0.0075
180.7873477873478,-0.005
180.7874467874468,-0.005
180.7875457875458,-0.01
180.7876447876448,-0.01
180.7877437877438,-0.01
180.7878427878428,-0.0075
180.7879417879418,-0.005
180.7880407880408,-0.005
180.7881397881398,-0.005
180.7882387882388,-0.0075
180.7883377883378,-0.0025
180.7884367884368,-0.0025
180.7885357885358,-0.01
180.7886347886348,-0.0075
180.7887337887338,-0.0075
180.7888327888328,-0.0075
180.7889317889318,-0.0075
180.7890307890308,-0.005
180.7891297891298,-0.0075
180.7892287892288,-0.0025
180.7893277893278,-0.0075
180.7894267894268,-0.0025
180.7895257895258,-0.005
180.7896247896248,0.0
180.7897237897238,0.0
180.7898227898228,-0.0025
180.7899217899218,-0.0025
180.7900207900208,0.0
180.7901197901198,0.0
180.7902187902188,0.0
180.7903177903178,-0.0075
180.7904167904168,-0.0075
180.7905157905158,-0.01
180.7906147906148,-0.005
180.7907137907138,-0.0075
180.7908127908128,-0.0025
180.7909117909118,-0.0075
180.7910107910108,-0.0075
180.7911097911098,-0.0075
180.7912087912088,-0.005
180.79130779130782,-0.0075
180.7914067914068,-0.005
180.7915057915058,-0.0075
180.7916047916048,-0.0025
180.7917037917038,-0.0075
180.7918027918028,-0.0025
180.7919017919018,-0.0075
180.7920007920008,0.0
180.7920997920998,-0.005
180.7921987921988,-0.0025
180.7922977922978,-0.005
180.7923967923968,-0.005
180.7924957924958,-0.0075
180.7925947925948,-0.01
180.7926937926938,-0.0075
180.7927927927928,-0.0025
180.7928917928918,-0.0025
180.7929907929908,-0.0025
180.7930897930898,-0.0075
180.79318879318882,-0.0075
180.79328779328782,-0.005
180.79338679338682,-0.0025
180.79348579348581,-0.005
180.7935847935848,-0.005
180.7936837936838,-0.005
180.7937827937828,0.0
180.7938817938818,0.0
180.7939807939808,0.0
180.7940797940798,-0.0025
180.7941787941788,0.0025
180.7942777942778,0.0
180.7943767943768,-0.0025
180.7944757944758,-0.0025
180.7945747945748,-0.01
180.7946737946738,-0.005
180.7947727947728,-0.005
180.7948717948718,-0.005
180.7949707949708,-0.0075
180.7950697950698,-0.0075
180.79516879516882,-0.0075
180.79526779526782,-0.01
180.79536679536682,-0.01
180.79546579546582,-0.005
180.79556479556481,-0.005
180.7956637956638,-0.01
180.7957627957628,-0.01
180.7958617958618,-0.012499999
180.7959607959608,-0.0075
180.7960597960598,-0.0075
180.7961587961588,-0.005
180.7962577962578,-0.005
180.7963567963568,-0.005
180.7964557964558,-0.0075
180.7965547965548,-0.005
180.7966537966538,-0.005
180.7967527967528,-0.005
180.7968517968518,-0.0075
180.7969507969508,-0.0075
180.7970497970498,-0.005
180.79714879714882,-0.0025
180.79724779724782,-0.005
180.79734679734682,-0.0075
180.79744579744582,-0.0075
180.79754479754482,-0.0075
180.79764379764381,0.0
180.7977427977428,-0.0075
180.7978417978418,-0.0025
180.7979407979408,-0.005
180.7980397980398,-0.0025
180.7981387981388,-0.005
180.7982377982378,0.0
180.7983367983368,-0.0075
180.7984357984358,-0.005
180.7985347985348,-0.005
180.7986337986338,-0.0025
180.7987327987328,-0.005
180.7988317988318,-0.0025
180.7989307989308,-0.0025
180.7990297990298,0.0025
180.79912879912882,0.0025
180.79922779922782,0.0025
180.79932679932682,0.0025
180.79942579942582,0.0025
180.79952479952482,-0.005
180.79962379962382,-0.005
180.79972279972282,-0.005
180.7998217998218,-0.005
180.7999207999208,-0.0075
180.8000198000198,-0.012499999
180.8001188001188,-0.01
180.8002178002178,-0.0075
180.8003168003168,-0.01
180.8004158004158,-0.01
180.8005148005148,-0.01
180.8006138006138,-0.0075
180.8007128007128,-0.005
180.8008118008118,-0.0075
180.8009108009108,-0.01
180.80100980100983,-0.0075
180.80110880110882,-0.0075
180.80120780120782,-0.012499999
180.80130680130682,-0.005
180.80140580140582,-0.0025
180.80150480150482,-0.005
180.80160380160382,-0.0025
180.80170280170282,-0.0025
180.80180180180182,0.0
180.8019008019008,-0.005
180.8019998019998,-0.0075
180.8020988020988,-0.0075
180.8021978021978,-0.005
180.8022968022968,-0.0075
180.8023958023958,-0.005
180.8024948024948,-0.0075
180.8025938025938,0.0
180.8026928026928,-0.0025
180.8027918027918,-0.0075
180.8028908028908,-0.0025
180.80298980298983,-0.0075
180.80308880308883,-0.0075
180.80318780318783,-0.01
180.80328680328682,-0.0075
180.80338580338582,-0.0075
180.80348480348482,-0.005
180.80358380358382,-0.0075
180.80368280368282,-0.0025
180.80378180378182,-0.01
180.80388080388082,-0.0075
180.80397980397981,-0.01
180.8040788040788,-0.005
180.8041778041778,-0.0025
180.8042768042768,-0.0025
180.8043758043758,-0.005
180.8044748044748,-0.0025
180.8045738045738,-0.005
180.8046728046728,-0.0025
180.8047718047718,-0.005
180.8048708048708,-0.005
180.80496980496983,-0.005
180.80506880506883,-0.005
180.80516780516783,-0.0025
180.80526680526683,-0.0075
180.80536580536582,-0.01
180.80546480546482,-0.005
180.80556380556382,-0.0075
180.80566280566282,-0.0075
180.80576180576182,-0.0075
180.80586080586082,-0.005
180.80595980595982,-0.005
180.80605880605881,-0.01
180.8061578061578,-0.01
180.8062568062568,-0.005
180.8063558063558,-0.0025
180.8064548064548,-0.0025
180.8065538065538,-0.005
180.8066528066528,-0.005
180.8067518067518,-0.0075
180.80685080685083,-0.0075
180.80694980694983,-0.0025
180.80704880704883,-0.005
180.80714780714783,-0.0025
180.80724680724683,-0.0025
180.80734580734583,-0.0025
180.80744480744482,-0.0025
180.80754380754382,0.0
180.80764280764282,-0.0025
180.80774180774182,-0.0025
180.80784080784082,-0.005
180.80793980793982,0.0
180.80803880803882,-0.005
180.80813780813781,-0.005
180.8082368082368,0.0
180.8083358083358,0.0
180.8084348084348,0.0025
180.8085338085338,0.0025
180.8086328086328,0.0
180.8087318087318,-0.0025
180.80883080883083,-0.0025
180.80892980892983,0.0025
180.80902880902883,0.0025
180.80912780912783,-0.0025
180.80922680922683,-0.0025
180.80932580932583,0.0
180.80942480942483,0.0025
180.80952380952382,-0.0025
180.80962280962282,-0.005
180.80972180972182,-0.0025
180.80982080982082,-0.0025
180.80991980991982,0.0
180.81001881001882,-0.005
180.81011781011782,-0.005
180.81021681021682,0.0
180.8103158103158,-0.005
180.8104148104148,-0.005
180.8105138105138,-0.0075
180.8106128106128,-0.01
180.8107118107118,-0.005
180.81081081081084,-0.0025
180.81090981090983,-0.0025
180.81100881100883,-0.0025
180.81110781110783,-0.0025
180.81120681120683,-0.0075
180.81130581130583,-0.0075
180.81140481140483,-0.01
180.81150381150383,-0.0075
180.81160281160282,-0.0075
180.81170181170182,-0.01
180.81180081180082,-0.01
180.81189981189982,-0.01
180.81199881199882,-0.012499999
180.81209781209782,-0.012499999
180.81219681219682,-0.01
180.81229581229582,-0.0075
180.8123948123948,-0.01
180.8124938124938,-0.01
180.8125928125928,-0.01
180.8126918126918,-0.01
180.81279081279084,-0.0075
180.81288981288984,-0.01
180.81298881298883,-0.0075
180.81308781308783,-0.0075
180.81318681318683,-0.005
180.81328581328583,-0.0075
180.81338481338483,-0.01
180.81348381348383,-0.01
180.81358281358283,-0.0075
180.81368181368182,-0.01
180.81378081378082,-0.005
180.81387981387982,0.0
180.81397881397882,-0.0025
180.81407781407782,-0.0075
180.81417681417682,-0.0025
180.81427581427582,-0.0075
180.81437481437482,-0.005
180.8144738144738,0.0
180.8145728145728,0.0
180.81467181467184,-0.005
180.81477081477084,-0.0025
180.81486981486984,-0.005
180.81496881496884,-0.01
180.81506781506783,-0.005
180.81516681516683,0.0
180.81526581526583,0.0025
180.81536481536483,0.0
180.81546381546383,0.0
180.81556281556283,-0.0075
180.81566181566183,-0.005
180.81576081576083,-0.0075
180.81585981585982,-0.0025
180.81595881595882,-0.0075
180.81605781605782,-0.0075
180.81615681615682,-0.012499999
180.81625581625582,-0.01
180.81635481635482,-0.005
180.81645381645382,-0.005
180.81655281655281,-0.005
180.81665181665184,-0.0075
180.81675081675084,-0.0075
180.81684981684984,-0.0075
180.81694881694884,-0.005
180.81704781704784,-0.005
180.81714681714683,-0.0075
180.81724581724583,-0.0075
180.81734481734483,-0.01
180.81744381744383,-0.012499999
180.81754281754283,-0.01
180.81764181764183,-0.012499999
180.81774081774083,-0.01
180.81783981783983,-0.0075
180.81793881793882,-0.005
180.81803781803782,-0.0075
180.81813681813682,-0.012499999
180.81823581823582,-0.01
180.81833481833482,-0.005
180.81843381843382,-0.005
180.81853281853282,-0.0075
180.81863181863184,-0.005
180.81873081873084,-0.01
180.81882981882984,-0.01
180.81892881892884,-0.0075
180.81902781902784,-0.0075
180.81912681912684,-0.0075
180.81922581922584,-0.012499999
180.81932481932483,-0.0025
180.81942381942383,-0.005
180.81952281952283,-0.0075
180.81962181962183,-0.0075
180.81972081972083,-0.01
180.81981981981983,-0.0075
180.81991881991883,-0.0025
180.82001782001782,0.0
180.82011682011682,-0.005
180.82021582021582,-0.0025
180.82031482031482,-0.005
180.82041382041382,-0.005
180.82051282051282,0.0
180.82061182061184,-0.0025
180.82071082071084,-0.0025
180.82080982080984,-0.005
180.82090882090884,-0.0025
180.82100782100784,0.0
180.82110682110684,-0.0025
180.82120582120584,-0.0025
180.82130482130484,-0.0075
180.82140382140383,-0.0025
180.82150282150283,-0.0025
180.82160182160183,-0.0025
180.82170082170083,-0.005
180.82179982179983,0.0
180.82189882189883,-0.005
180.82199782199783,-0.005
180.82209682209682,-0.005
180.82219582219582,-0.0025
180.82229482229482,-0.005
180.82239382239382,0.0
180.82249282249285,-0.005
180.82259182259185,-0.005
180.82269082269084,-0.005
180.82278982278984,-0.0075
180.82288882288884,-0.0025
180.82298782298784,0.0
180.82308682308684,0.0
180.82318582318584,-0.0025
180.82328482328484,-0.0025
180.82338382338384,0.0
180.82348282348283,-0.0025
180.82358182358183,0.0
180.82368082368083,0.0
180.82377982377983,-0.005
180.82387882387883,-0.005
180.82397782397783,-0.005
180.82407682407683,0.0
180.82417582417582,-0.0025
180.82427482427482,0.0
180.82437382437382,-0.0025
180.82447282447285,-0.0025
180.82457182457185,0.0
180.82467082467085,0.0
180.82476982476985,0.0025
180.82486882486884,0.0
180.82496782496784,0.0
180.82506682506684,-0.0025
180.82516582516584,-0.005
180.82526482526484,-0.0025
180.82536382536384,0.0
180.82546282546284,-0.0025
180.82556182556183,0.005
180.82566082566083,0.0025
180.82575982575983,0.0025
180.82585882585883,-0.005
180.82595782595783,0.0
180.82605682605683,0.0025
180.82615582615583,0.0025
180.82625482625483,0.0
180.82635382635382,0.0
180.82645282645285,0.0
180.82655182655185,0.0
180.82665082665085,-0.0025
180.82674982674985,0.0
180.82684882684885,0.0025
180.82694782694784,0.0025
180.82704682704684,0.0025
180.82714582714584,0.005
180.82724482724484,0.0025
180.82734382734384,0.005
180.82744282744284,0.005
180.82754182754184,0.0025
180.82764082764083,0.0
180.82773982773983,0.0
180.82783882783883,0.0025
180.82793782793783,0.0
180.82803682803683,-0.0025
180.82813582813583,-0.0025
180.82823482823483,-0.0025
180.82833382833385,0.0
180.82843282843285,0.0
180.82853182853185,0.0
180.82863082863085,-0.005
180.82872982872985,0.0
180.82882882882885,-0.0025
180.82892782892785,-0.005
180.82902682902684,0.0
180.82912582912584,-0.005
180.82922482922484,0.0
180.82932382932384,0.0
180.82942282942284,-0.0025
180.82952182952184,-0.0025
180.82962082962084,-0.005
180.82971982971983,-0.0025
180.82981882981883,-0.0025
180.82991782991783,-0.0025
180.83001683001683,-0.0025
180.83011583011583,0.0
180.83021483021483,-0.0025
180.83031383031386,-0.0025
180.83041283041285,-0.005
180.83051183051185,-0.005
180.83061083061085,-0.0025
180.83070983070985,-0.0025
180.83080883080885,-0.0025
180.83090783090785,-0.0025
180.83100683100685,0.0025
180.83110583110584,-0.0025
180.83120483120484,0.0
180.83130383130384,0.0025
180.83140283140284,-0.0025
180.83150183150184,0.0025
180.83160083160084,-0.0025
180.83169983169984,0.0
180.83179883179884,0.005
180.83189783189783,0.0
180.83199683199683,0.0
180.83209583209583,-0.0025
180.83219483219483,0.0
180.83229383229386,-0.0025
180.83239283239286,0.0
180.83249183249185,0.0025
180.83259083259085,0.0
180.83268983268985,-0.0025
180.83278883278885,-0.005
180.83288783288785,-0.005
180.83298683298685,-0.0025
180.83308583308585,-0.005
180.83318483318484,-0.005
180.83328383328384,-0.0025
180.83338283338284,-0.005
180.83348183348184,-0.005
180.83358083358084,0.0
180.83367983367984,-0.0025
180.83377883377884,-0.0025
180.83387783387784,-0.01
180.83397683397683,-0.0075
180.83407583407583,-0.01
180.83417483417483,-0.01
180.83427383427386,-0.01
180.83437283437286,-0.005
180.83447183447186,-0.0075
180.83457083457085,-0.005
180.83466983466985,-0.005
180.83476883476885,-0.005
180.83486783486785,-0.0075
180.83496683496685,-0.005
180.83506583506585,-0.0025
180.83516483516485,-0.0075
180.83526383526385,-0.01
180.83536283536284,-0.01
180.83546183546184,-0.0075
180.83556083556084,-0.0075
180.83565983565984,-0.012499999
180.83575883575884,-0.01
180.83585783585784,-0.01
180.83595683595684,-0.012499999
180.83605583605583,-0.0075
180.83615483615486,-0.01
180.83625383625386,-0.01
180.83635283635286,-0.012499999
180.83645183645186,-0.0075
180.83655083655086,-0.0025
180.83664983664985,0.0
180.83674883674885,-0.0025
180.83684783684785,0.0
180.83694683694685,0.0
180.83704583704585,0.0
180.83714483714485,0.0
180.83724383724385,0.0
180.83734283734285,-0.005
180.83744183744184,-0.005
180.83754083754084,-0.0075
180.83763983763984,-0.005
180.83773883773884,-0.005
180.83783783783784,-0.0025
180.83793683793684,-0.0025
180.83803583803584,0.0025
180.83813483813486,-0.0025
180.83823383823386,-0.005
180.83833283833286,-0.005
180.83843183843186,-0.0025
180.83853083853086,-0.0025
180.83862983862986,-0.0025
180.83872883872885,-0.0025
180.83882783882785,-0.0025
180.83892683892685,-0.0025
180.83902583902585,-0.0025
180.83912483912485,-0.0075
180.83922383922385,-0.005
180.83932283932285,-0.0025
180.83942183942185,-0.0025
180.83952083952084,0.0025
180.83961983961984,0.0025
180.83971883971884,-0.0025
180.83981783981784,-0.0025
180.83991683991684,0.0025
180.84001584001584,-0.0025
180.84011484011486,-0.005
180.84021384021386,-0.01
180.84031284031286,-0.005
180.84041184041186,-0.005
180.84051084051086,-0.0025
180.84060984060986,-0.0025
180.84070884070886,0.0
180.84080784080786,-0.0025
180.84090684090685,-0.0025
180.84100584100585,0.0
180.84110484110485,-0.005
180.84120384120385,-0.0075
180.84130284130285,-0.005
180.84140184140185,-0.0025
180.84150084150085,-0.005
180.84159984159984,-0.0025
180.84169884169884,0.0025
180.84179784179784,-0.005
180.84189684189684,-0.0025
180.84199584199584,-0.0025
180.84209484209487,0.0025
180.84219384219386,-0.005
180.84229284229286,-0.0025
180.84239184239186,0.0
180.84249084249086,-0.005
180.84258984258986,-0.0075
180.84268884268886,-0.0075
180.84278784278786,-0.0075
180.84288684288686,-0.005
180.84298584298585,0.0
180.84308484308485,-0.005
180.84318384318385,-0.0025
180.84328284328285,0.0025
180.84338184338185,-0.0025
180.84348084348085,0.0
180.84357984357985,0.0
180.84367884367884,0.0
180.84377784377784,-0.0025
180.84387684387684,-0.0075
180.84397584397587,-0.005
180.84407484407487,0.0
180.84417384417387,0.0
180.84427284427287,-0.0025
180.84437184437186,-0.0025
180.84447084447086,0.0
180.84456984456986,0.0
180.84466884466886,-0.0025
180.84476784476786,-0.0025
180.84486684486686,-0.005
180.84496584496586,-0.0025
180.84506484506485,-0.01
180.84516384516385,-0.005
180.84526284526285,-0.005
180.84536184536185,-0.01
180.84546084546085,-0.0075
180.84555984555985,-0.005
180.84565884565885,-0.005
180.84575784575784,-0.005
180.84585684585684,-0.0075
180.84595584595587,-0.005
180.84605484605487,-0.005
180.84615384615387,-0.01
180.84625284625287,-0.0075
180.84635184635187,-0.01
180.84645084645086,-0.01
180.84654984654986,-0.0075
180.84664884664886,-0.005
180.84674784674786,-0.0075
180.84684684684686,-0.005
180.84694584694586,-0.0025
180.84704484704486,-0.0075
180.84714384714385,-0.012499999
180.84724284724285,-0.01
180.84734184734185,-0.0075
180.84744084744085,-0.0075
180.84753984753985,-0.005
180.84763884763885,-0.005
180.84773784773785,-0.0025
180.84783684783685,-0.005
180.84793584793587,-0.0025
180.84803484803487,-0.0025
180.84813384813387,-0.005
180.84823284823287,-0.01
180.84833184833187,-0.005
180.84843084843087,-0.0025
180.84852984852986,-0.0025
180.84862884862886,-0.005
180.84872784872786,-0.01
180.84882684882686,-0.01
180.84892584892586,-0.0025
180.84902484902486,-0.005
180.84912384912386,-0.005
180.84922284922285,-0.0025
180.84932184932185,-0.005
180.84942084942085,-0.005
180.84951984951985,-0.0025
180.84961884961885,-0.005
180.84971784971785,-0.0075
180.84981684981688,-0.015
180.84991584991587,-0.012499999
180.85001485001487,-0.005
180.85011385011387,-0.0075
180.85021285021287,-0.0075
180.85031185031187,-0.01
180.85041085041087,-0.01
180.85050985050987,-0.0075
180.85060885060886,-0.0075
180.85070785070786,-0.0075
180.85080685080686,-0.01
180.85090585090586,-0.01
180.85100485100486,-0.0075
180.85110385110386,-0.0075
180.85120285120286,-0.0075
180.85130185130186,-0.012499999
180.85140085140085,-0.0075
180.85149985149985,-0.01
180.85159885159885,-0.01
180.85169785169785,-0.0075
180.85179685179688,-0.005
180.85189585189588,-0.005
180.85199485199487,-0.012499999
180.85209385209387,-0.012499999
180.85219285219287,-0.01
180.85229185229187,-0.01
180.85239085239087,-0.0075
180.85248985248987,-0.01
180.85258885258887,-0.01
180.85268785268786,-0.0075
180.85278685278686,-0.01
180.85288585288586,-0.01
180.85298485298486,-0.012499999
180.85308385308386,-0.015
180.85318285318286,-0.0075
180.85328185328186,-0.01
180.85338085338086,-0.005
180.85347985347985,-0.005
180.85357885357885,-0.012499999
180.85367785367785,-0.01
180.85377685377688,-0.01
180.85387585387588,-0.005
180.85397485397488,-0.0075
180.85407385407387,-0.0075
180.85417285417287,-0.0075
180.85427185427187,-0.01
180.85437085437087,-0.0025
180.85446985446987,-0.005
180.85456885456887,-0.0025
180.85466785466787,-0.0075
180.85476685476686,-0.005
180.85486585486586,-0.005
180.85496485496486,-0.01
180.85506385506386,-0.0025
180.85516285516286,-0.0025
180.85526185526186,-0.0075
180.85536085536086,-0.005
180.85545985545986,-0.005
180.85555885555885,-0.0075
180.85565785565785,-0.005
180.85575685575688,-0.0025
180.85585585585588,-0.005
180.85595485595488,-0.0075
180.85605385605388,-0.0075
180.85615285615287,-0.005
180.85625185625187,-0.005
180.85635085635087,-0.0075
180.85644985644987,-0.0075
180.85654885654887,-0.005
180.85664785664787,-0.01
180.85674685674687,-0.012499999
180.85684585684587,-0.0075
180.85694485694486,-0.0075
180.85704385704386,-0.0075
180.85714285714286,-0.0075
180.85724185724186,-0.005
180.85734085734086,-0.005
180.85743985743986,-0.0075
180.85753885753886,-0.0075
180.85763785763788,-0.0075
180.85773685773688,-0.0075
180.85783585783588,-0.01
180.85793485793488,-0.01
180.85803385803388,-0.005
180.85813285813288,-0.0025
180.85823185823187,-0.005
180.85833085833087,-0.005
180.85842985842987,-0.005
180.85852885852887,-0.005
180.85862785862787,-0.005
180.85872685872687,-0.005
180.85882585882587,0.0
180.85892485892487,-0.005
180.85902385902386,0.005
180.85912285912286,-0.0075
180.85922185922186,-0.0075
180.85932085932086,0.0
180.85941985941986,-0.005
180.85951885951886,-0.0075
180.85961785961788,-0.005
180.85971685971688,-0.0075
180.85981585981588,-0.0025
180.85991485991488,-0.005
180.86001386001388,-0.005
180.86011286011288,0.0
180.86021186021188,-0.0025
180.86031086031088,0.0
180.86040986040987,-0.0025
180.86050886050887,-0.0025
180.86060786060787,-0.0025
180.86070686070687,-0.0025
180.86080586080587,-0.0025
180.86090486090487,-0.0025
180.86100386100387,-0.0025
180.86110286110286,-0.0025
180.86120186120186,-0.0075
180.86130086130086,-0.005
180.86139986139986,-0.0075
180.86149886149886,-0.0075
180.8615978615979,-0.01
180.86169686169688,-0.01
180.86179586179588,-0.0075
180.86189486189488,-0.01
180.86199386199388,-0.012499999
180.86209286209288,-0.012499999
180.86219186219188,-0.012499999
180.86229086229088,-0.01
180.86238986238988,-0.015
180.86248886248887,-0.01
180.86258786258787,-0.01
180.86268686268687,-0.0075
180.86278586278587,-0.012499999
180.86288486288487,-0.012499999
180.86298386298387,-0.01
180.86308286308287,-0.012499999
180.86318186318186,-0.02
180.86328086328086,-0.015
180.86337986337986,-0.012499999
180.86347886347886,-0.012499999
180.8635778635779,-0.0075
180.8636768636769,-0.015
180.86377586377588,-0.01
180.86387486387488,-0.01
180.86397386397388,-0.012499999
180.86407286407288,-0.015
180.86417186417188,-0.01
180.86427086427088,-0.005
180.86436986436988,0.0
180.86446886446888,-0.0075
180.86456786456787,-0.01
180.86466686466687,-0.01
180.86476586476587,-0.01
180.86486486486487,-0.0075
180.86496386496387,-0.0025
180.86506286506287,-0.0025
180.86516186516187,-0.005
180.86526086526086,-0.005
180.86535986535986,-0.005
180.8654588654589,-0.0025
180.8655578655579,-0.0075
180.8656568656569,-0.01
180.8657558657559,-0.005
180.86585486585489,-0.0075
180.86595386595388,-0.005
180.86605286605288,-0.0025
180.86615186615188,-0.005
180.86625086625088,-0.0075
180.86634986634988,-0.01
180.86644886644888,-0.0075
180.86654786654788,-0.0075
180.86664686664687,-0.005
180.86674586674587,-0.005
180.86684486684487,-0.0075
180.86694386694387,-0.005
180.86704286704287,-0.005
180.86714186714187,-0.0075
180.86724086724087,-0.01
180.86733986733987,-0.01
180.8674388674389,-0.0075
180.8675378675379,-0.0075
180.8676368676369,-0.01
180.8677358677359,-0.01
180.8678348678349,-0.012499999
180.86793386793389,-0.012499999
180.86803286803288,-0.015
180.86813186813188,-0.012499999
180.86823086823088,-0.01
180.86832986832988,-0.01
180.86842886842888,-0.012499999
180.86852786852788,-0.0175
180.86862686862688,-0.0175
180.86872586872587,-0.01
180.86882486882487,-0.012499999
180.86892386892387,-0.0075
180.86902286902287,-0.01
180.86912186912187,-0.01
180.86922086922087,-0.01
180.86931986931987,-0.012499999
180.8694188694189,-0.02
180.8695178695179,-0.012499999
180.8696168696169,-0.015
180.8697158697159,-0.012499999
180.8698148698149,-0.01
180.8699138699139,-0.0075
180.87001287001289,-0.0025
180.87011187011188,-0.005
180.87021087021088,-0.01
180.87030987030988,-0.0075
180.87040887040888,-0.005
180.87050787050788,-0.005
180.87060687060688,-0.01
180.87070587070588,-0.005
180.87080487080488,-0.005
180.87090387090387,-0.01
180.87100287100287,-0.0075
180.87110187110187,-0.0075
180.87120087120087,-0.005
180.8712998712999,-0.01
180.8713988713989,-0.01
180.8714978714979,-0.0025
180.8715968715969,-0.005
180.8716958716959,-0.0075
180.8717948717949,-0.005
180.8718938718939,-0.0075
180.8719928719929,-0.005
180.8720918720919,-0.01
180.87219087219088,-0.01
180.87228987228988,-0.01
180.87238887238888,-0.005
180.87248787248788,-0.01
180.87258687258688,-0.015
180.87268587268588,-0.0075
180.87278487278488,-0.0075
180.87288387288388,0.0
180.87298287298287,-0.0025
180.87308187308187,-0.005
180.87318087318087,-0.005
180.8732798732799,-0.005
180.8733788733789,-0.0025
180.8734778734779,-0.0075
180.8735768735769,-0.0075
180.8736758736759,-0.0075
180.8737748737749,-0.0075
180.8738738738739,-0.0075
180.8739728739729,-0.0075
180.8740718740719,-0.005
180.8741708741709,-0.01
180.87426987426988,-0.0075
180.87436887436888,-0.01
180.87446787446788,-0.0075
180.87456687456688,-0.01
180.87466587466588,-0.012499999
180.87476487476488,-0.01
180.87486387486388,-0.0075
180.87496287496288,-0.0025
180.87506187506187,0.0
180.87516087516087,-0.005
180.8752598752599,-0.0075
180.8753588753589,-0.005
180.8754578754579,-0.01
180.8755568755569,-0.005
180.8756558756559,-0.005
180.8757548757549,-0.01
180.8758538758539,-0.0025
180.8759528759529,-0.0025
180.8760518760519,0.0
180.8761508761509,-0.0025
180.8762498762499,-0.005
180.87634887634889,-0.0025
180.87644787644788,-0.0075
180.87654687654688,-0.0075
180.87664587664588,-0.0025
180.87674487674488,-0.0075
180.87684387684388,-0.005
180.87694287694288,-0.005
180.87704187704188,-0.0025
180.87714087714087,0.0
180.8772398772399,0.0025
180.8773388773389,0.0
180.8774378774379,-0.0025
180.8775368775369,0.0025
180.8776358776359,0.0
180.8777348777349,0.0
180.8778338778339,-0.005
180.8779328779329,-0.0025
180.8780318780319,-0.005
180.8781308781309,-0.005
180.8782298782299,-0.0025
180.8783288783289,-0.005
180.87842787842789,-0.0075
180.87852687852688,-0.012499999
180.87862587862588,-0.0025
180.87872487872488,-0.0075
180.87882387882388,-0.0075
180.87892287892288,-0.0075
180.87902187902188,-0.015
180.8791208791209,-0.01
180.8792198792199,-0.0075
180.8793188793189,-0.0075
180.8794178794179,-0.015
180.8795168795169,-0.012499999
180.8796158796159,-0.01
180.8797148797149,-0.01
180.8798138798139,-0.01
180.8799128799129,-0.01
180.8800118800119,-0.012499999
180.8801108801109,-0.005
180.8802098802099,-0.005
180.8803088803089,-0.0075
180.8804078804079,-0.01
180.88050688050689,-0.01
180.88060588060588,-0.01
180.88070488070488,-0.005
180.88080388080388,-0.005
180.88090288090288,-0.0025
180.88100188100188,-0.0075
180.8811008811009,-0.005
180.8811998811999,-0.005
180.8812988812989,-0.0075
180.8813978813979,-0.0025
180.8814968814969,-0.0025
180.8815958815959,-0.005
180.8816948816949,-0.0025
180.8817938817939,-0.005
180.8818928818929,-0.0025
180.8819918819919,0.0
180.8820908820909,0.0
180.8821898821899,0.0025
180.8822888822889,0.0025
180.8823878823879,-0.0025
180.8824868824869,0.005
180.8825858825859,-0.0025
180.88268488268488,-0.0025
180.88278388278388,0.0
180.88288288288288,-0.0025
180.88298188298188,-0.0025
180.8830808830809,-0.005
180.8831798831799,-0.01
180.8832788832789,-0.005
180.8833778833779,0.0
180.8834768834769,-0.0025
180.8835758835759,-0.0025
180.8836748836749,-0.005
180.8837738837739,-0.0075
180.8838728838729,-0.0025
180.8839718839719,-0.005
180.8840708840709,-0.01
180.8841698841699,-0.01
180.8842688842689,-0.01
180.8843678843679,-0.005
180.8844668844669,-0.0075
180.8845658845659,-0.0075
180.8846648846649,-0.0075
180.88476388476388,-0.0075
180.88486288486288,-0.005
180.88496188496188,-0.005
180.8850608850609,-0.0075
180.8851598851599,-0.005
180.8852588852589,-0.0025
180.8853578853579,-0.0025
180.8854568854569,-0.0075
180.8855558855559,-0.0075
180.8856548856549,-0.005
180.8857538857539,-0.005
180.8858528858529,-0.005
180.8859518859519,-0.005
180.8860508860509,-0.005
180.8861498861499,-0.0075
180.8862488862489,-0.0025
180.8863478863479,-0.0025
180.8864468864469,-0.005
180.8865458865459,-0.005
180.8866448866449,-0.0025
180.8867438867439,0.0
180.88684288684289,-0.005
180.8869418869419,-0.0025
180.8870408870409,-0.005
180.8871398871399,-0.0025
180.8872388872389,0.0
180.8873378873379,-0.0025
180.8874368874369,0.0025
180.8875358875359,0.0025
180.8876348876349,0.0
180.8877338877339,0.0
180.8878328878329,-0.005
180.8879318879319,-0.0025
180.8880308880309,-0.005
180.8881298881299,0.0
180.8882288882289,-0.0025
180.8883278883279,-0.0025
180.8884268884269,0.0
180.8885258885259,0.0025
180.8886248886249,0.0
180.8887238887239,0.0025
180.8888228888229,0.0
180.8889218889219,0.0025
180.8890208890209,0.0
180.8891198891199,0.0
180.8892188892189,0.0
180.8893178893179,-0.005
180.8894168894169,-0.0025
180.8895158895159,-0.0025
180.8896148896149,0.0
180.8897138897139,0.0
180.8898128898129,-0.0025
180.8899118899119,-0.005
180.8900108900109,-0.0075
180.8901098901099,-0.0075
180.8902088902089,-0.0075
180.8903078903079,-0.005
180.8904068904069,-0.005
180.8905058905059,-0.005
180.8906048906049,-0.0025
180.8907038907039,-0.005
180.8908028908029,0.0
180.89090189090192,0.0
180.8910008910009,-0.0025
180.8910998910999,0.0
180.8911988911989,-0.005
180.8912978912979,-0.0075
180.8913968913969,-0.0025
180.8914958914959,0.0025
180.8915948915949,0.0025
180.8916938916939,-0.0025
180.8917928917929,-0.0025
180.8918918918919,0.0025
180.8919908919909,0.0
180.8920898920899,0.0025
180.8921888921889,0.005
180.8922878922879,0.005
180.8923868923869,-0.0025
180.8924858924859,0.0
180.8925848925849,0.0025
180.8926838926839,0.0
180.8927828927829,0.0
180.89288189288192,0.0
180.89298089298092,0.0
180.8930798930799,-0.0025
180.8931788931789,0.0025
180.8932778932779,-0.0025
180.8933768933769,-0.005
180.8934758934759,-0.0025
180.8935748935749,0.0
180.8936738936739,0.0
180.8937728937729,0.0025
180.8938718938719,0.0025
180.8939708939709,0.0
180.8940698940699,-0.0025
180.8941688941689,-0.0025
180.8942678942679,0.0
180.8943668943669,-0.005
180.8944658944659,0.0
180.8945648945649,0.0025
180.8946638946639,0.0
180.89476289476292,0.005
180.89486189486192,0.0
180.89496089496092,-0.005
180.89505989505992,-0.01
180.89515889515891,-0.0075
180.8952578952579,-0.0075
180.8953568953569,-0.005
180.8954558954559,-0.005
180.8955548955549,-0.0025
180.8956538956539,-0.0025
180.8957528957529,-0.005
180.8958518958519,0.0
180.8959508959509,-0.0025
180.8960498960499,-0.005
180.8961488961489,-0.0075
180.8962478962479,-0.005
180.8963468963469,-0.0025
180.8964458964459,0.0
180.8965448965449,-0.005
180.8966438966439,-0.0025
180.89674289674292,0.0
180.89684189684192,0.0
180.89694089694092,-0.0025
180.89703989703992,-0.0025
180.89713889713892,0.0
180.89723789723791,-0.0025
180.8973368973369,-0.0025
180.8974358974359,-0.0025
180.8975348975349,0.0
180.8976338976339,0.0
180.8977328977329,-0.0025
180.8978318978319,0.0025
180.8979308979309,-0.0025
180.8980298980299,-0.0075
180.8981288981289,-0.0025
180.8982278982279,-0.005
180.8983268983269,0.005
180.8984258984259,0.005
180.8985248985249,0.0075
180.8986238986239,0.0
180.89872289872292,0.0
180.89882189882192,-0.0025
180.89892089892092,0.005
180.89901989901992,0.005
180.89911889911892,-0.0025
180.89921789921792,0.0
180.89931689931691,0.0
180.8994158994159,0.0025
180.8995148995149,-0.0025
180.8996138996139,0.0025
180.8997128997129,0.0
180.8998118998119,-0.0025
180.8999108999109,0.0
180.9000099000099,-0.005
180.9001089001089,-0.0025
180.9002079002079,-0.0025
180.9003069003069,0.0
180.9004059004059,0.0025
180.9005049005049,0.0025
180.90060390060393,0.0
180.90070290070292,0.0
180.90080190080192,-0.0025
180.90090090090092,0.0
180.90099990099992,0.0
180.90109890109892,0.0
180.90119790119792,0.0
180.90129690129692,-0.0025
180.90139590139592,-0.0075
180.9014949014949,-0.0075
180.9015939015939,-0.005
180.9016929016929,-0.0025
180.9017919017919,-0.0025
180.9018909018909,0.0025
180.9019899019899,-0.005
180.9020889020889,-0.005
180.9021879021879,-0.0025
180.9022869022869,-0.005
180.9023859023859,-0.0075
180.9024849024849,-0.005
180.90258390258393,-0.0025
180.90268290268293,-0.0025
180.90278190278192,-0.005
180.90288090288092,-0.005
180.90297990297992,-0.0075
180.90307890307892,-0.005
180.90317790317792,-0.005
180.90327690327692,0.0025
180.90337590337592,0.005
180.90347490347492,0.005
180.9035739035739,0.0025
180.9036729036729,0.0
180.9037719037719,0.0
180.9038709038709,0.0
180.9039699039699,-0.005
180.9040689040689,-0.0025
180.9041679041679,0.0025
180.9042669042669,0.0
180.9043659043659,-0.0025
180.9044649044649,0.0
180.90456390456393,0.0
180.90466290466293,-0.005
180.90476190476193,-0.0025
180.90486090486093,0.0
180.90495990495992,0.0025
180.90505890505892,-0.0025
180.90515790515792,-0.0025
180.90525690525692,-0.0025
180.90535590535592,-0.0025
180.90545490545492,-0.0025
180.90555390555392,-0.005
180.90565290565291,-0.0075
180.9057519057519,-0.0075
180.9058509058509,-0.0075
180.9059499059499,-0.005
180.9060489060489,-0.005
180.9061479061479,-0.005
180.9062469062469,-0.0075
180.9063459063459,-0.005
180.9064449064449,0.0
180.90654390654393,0.0
180.90664290664293,-0.005
180.90674190674193,0.0
180.90684090684093,-0.0025
180.90693990693993,0.0
180.90703890703892,-0.0025
180.90713790713792,-0.005
180.90723690723692,-0.005
180.90733590733592,0.0
180.90743490743492,-0.005
180.90753390753392,-0.0025
180.90763290763292,-0.005
180.90773190773191,-0.005
180.9078309078309,-0.005
180.9079299079299,-0.005
180.9080289080289,-0.0075
180.9081279081279,-0.0025
180.9082269082269,0.0025
180.9083259083259,-0.0025
180.90842490842493,-0.0025
180.90852390852393,0.0
180.90862290862293,-0.0025
180.90872190872193,0.0
180.90882090882093,-0.0025
180.90891990891993,-0.0025
180.90901890901893,-0.0025
180.90911790911792,0.0
180.90921690921692,-0.0025
180.90931590931592,-0.0075
180.90941490941492,-0.01
180.90951390951392,-0.0025
180.90961290961292,-0.0025
180.90971190971192,0.0025
180.90981090981091,0.005
180.9099099099099,0.005
180.9100089100089,0.0025
180.9101079101079,-0.005
180.9102069102069,0.0025
180.9103059103059,0.0
180.91040491040494,0.0
180.91050391050393,0.0025
180.91060291060293,0.0025
180.91070191070193,0.005
180.91080091080093,0.005
180.91089991089993,0.0075
180.91099891099893,0.0075
180.91109791109793,0.0075
180.91119691119692,0.005
180.91129591129592,0.005
180.91139491139492,0.0025
180.91149391149392,0.0025
180.91159291159292,0.0
180.91169191169192,-0.005
180.91179091179092,0.0
180.91188991188992,-0.0025
180.9119889119889,-0.0025
180.9120879120879,-0.005
180.9121869121869,-0.0025
180.9122859122859,-0.0025
180.91238491238494,0.005
180.91248391248394,-0.005
180.91258291258293,0.0
180.91268191268193,0.0
180.91278091278093,-0.005
180.91287991287993,-0.0075
180.91297891297893,-0.0025
180.91307791307793,-0.005
180.91317691317693,-0.005
180.91327591327592,-0.01
180.91337491337492,-0.0075
180.91347391347392,-0.005
180.91357291357292,0.005
180.91367191367192,-0.0025
180.91377091377092,-0.0025
180.91386991386992,-0.0025
180.91396891396892,0.0
180.9140679140679,0.0025
180.9141669141669,-0.0025
180.9142659142659,0.0
180.91436491436494,0.0025
180.91446391446394,0.0075
180.91456291456294,0.01
180.91466191466193,0.005
180.91476091476093,0.005
180.91485991485993,0.005
180.91495891495893,0.005
180.91505791505793,0.0025
180.91515691515693,0.005
180.91525591525593,0.005
180.91535491535492,0.005
180.91545391545392,0.005
180.91555291555292,-0.0025
180.91565191565192,0.0025
180.91575091575092,0.005
180.91584991584992,0.0025
180.91594891594892,-0.0025
180.91604791604792,0.0025
180.91614691614691,0.0025
180.91624591624594,0.0
180.91634491634494,0.0025
180.91644391644394,0.0025
180.91654291654294,0.0
180.91664191664194,0.0
180.91674091674093,0.0
180.91683991683993,-0.0025
180.91693891693893,-0.005
180.91703791703793,-0.0025
180.91713691713693,0.0025
180.91723591723593,-0.0025
180.91733491733493,-0.0025
180.91743391743393,-0.0025
180.91753291753292,0.0
180.91763191763192,-0.0025
180.91773091773092,0.0
180.91782991782992,-0.0025
180.91792891792892,-0.0025
180.91802791802792,-0.0025
180.91812691812692,-0.0025
180.91822591822594,-0.005
180.91832491832494,-0.005
180.91842391842394,-0.0025
180.91852291852294,-0.005
180.91862191862194,-0.0075
180.91872091872094,-0.0025
180.91881991881993,-0.005
180.91891891891893,-0.005
180.91901791901793,-0.0075
180.91911691911693,-0.01
180.91921591921593,-0.005
180.91931491931493,-0.0075
180.91941391941393,-0.01
180.91951291951293,-0.012499999
180.91961191961192,-0.005
180.91971091971092,-0.0075
180.91980991980992,-0.0075
180.91990891990892,-0.005
180.92000792000792,0.0
180.92010692010692,-0.005
180.92020592020594,0.0
180.92030492030494,0.005
180.92040392040394,0.0025
180.92050292050294,0.0
180.92060192060194,-0.005
180.92070092070094,0.0
180.92079992079994,0.0025
180.92089892089894,0.0025
180.92099792099793,-0.0025
180.92109692109693,-0.005
180.92119592119593,-0.0075
180.92129492129493,-0.0025
180.92139392139393,-0.0025
180.92149292149293,-0.0025
180.92159192159193,0.0
180.92169092169092,0.0
180.92178992178992,0.0
180.92188892188892,0.0025
180.92198792198792,0.0
180.92208692208695,0.0
180.92218592218595,-0.005
180.92228492228494,-0.005
180.92238392238394,-0.0025
180.92248292248294,0.0
180.92258192258194,-0.005
180.92268092268094,-0.005
180.92277992277994,-0.005
180.92287892287894,-0.0025
180.92297792297794,-0.005
180.92307692307693,-0.005
180.92317592317593,0.0
180.92327492327493,0.0
180.92337392337393,0.0
180.92347292347293,0.0025
180.92357192357193,0.0
180.92367092367093,-0.0025
180.92376992376992,0.0
180.92386892386892,0.0025
180.92396792396792,0.0025
180.92406692406695,-0.0025
180.92416592416595,0.0025
180.92426492426495,0.0025
180.92436392436394,0.005
180.92446292446294,-0.0025
180.92456192456194,0.0
180.92466092466094,0.0
180.92475992475994,0.005
180.92485892485894,0.0
180.92495792495794,0.0
180.92505692505694,-0.0025
180.92515592515593,-0.0025
180.92525492525493,0.0025
180.92535392535393,-0.0025
180.92545292545293,-0.0025
180.92555192555193,-0.0025
180.92565092565093,0.0025
180.92574992574993,0.005
180.92584892584892,0.005
180.92594792594792,0.005
180.92604692604695,0.0025
180.92614592614595,-0.0025
180.92624492624495,0.0
180.92634392634395,0.0025
180.92644292644295,0.0025
180.92654192654194,0.005
180.92664092664094,-0.0025
180.92673992673994,0.0
180.92683892683894,0.0025
180.92693792693794,0.0025
180.92703692703694,-0.0025
180.92713592713594,0.0
180.92723492723493,0.0025
180.92733392733393,0.0025
180.92743292743293,0.0
180.92753192753193,0.005
180.92763092763093,0.01
180.92772992772993,0.005
180.92782892782893,0.0025
180.92792792792793,0.0025
180.92802692802695,-0.0025
180.92812592812595,0.0
180.92822492822495,-0.0025
180.92832392832395,0.0
180.92842292842295,-0.005
180.92852192852195,-0.0075
180.92862092862094,-0.005
180.92871992871994,-0.0025
180.92881892881894,-0.0025
180.92891792891794,-0.0025
180.92901692901694,0.0
180.92911592911594,-0.0075
180.92921492921494,-0.005
180.92931392931393,-0.0025
180.92941292941293,0.0
180.92951192951193,0.005
180.92961092961093,0.0
180.92970992970993,0.0025
180.92980892980893,-0.0025
180.92990792990796,0.0
180.93000693000695,0.0025
180.93010593010595,-0.0025
180.93020493020495,0.0
180.93030393030395,-0.0025
180.93040293040295,-0.005
180.93050193050195,0.0
180.93060093060095,0.0025
180.93069993069994,0.005
180.93079893079894,0.0
180.93089793089794,0.005
180.93099693099694,0.0025
180.93109593109594,0.0025
180.93119493119494,0.0025
180.93129393129394,0.0025
180.93139293139293,0.005
180.93149193149193,0.0
180.93159093159093,0.0025
180.93168993168993,0.0025
180.93178893178893,0.005
180.93188793188796,0.0025
180.93198693198696,0.0025
180.93208593208595,0.005
180.93218493218495,0.0
180.93228393228395,0.005
180.93238293238295,0.005
180.93248193248195,0.0025
180.93258093258095,-0.0025
180.93267993267995,-0.005
180.93277893277894,0.0
180.93287793287794,0.0025
180.93297693297694,0.0
180.93307593307594,0.005
180.93317493317494,0.0
180.93327393327394,-0.0025
180.93337293337294,0.0
180.93347193347194,0.0
180.93357093357093,-0.0025
180.93366993366993,-0.0025
180.93376893376893,0.0
180.93386793386796,0.0
180.93396693396696,0.0
180.93406593406596,-0.0025
180.93416493416495,-0.0025
180.93426393426395,0.0
180.93436293436295,0.0
180.93446193446195,0.0
180.93456093456095,0.0
180.93465993465995,0.0
180.93475893475895,-0.0025
180.93485793485794,-0.0025
180.93495693495694,-0.0025
180.93505593505594,-0.01
180.93515493515494,-0.0075
180.93525393525394,-0.005
180.93535293535294,-0.0025
180.93545193545194,-0.01
180.93555093555094,-0.005
180.93564993564993,-0.0025
180.93574893574893,-0.005
180.93584793584796,-0.0075
180.93594693594696,-0.0075
180.93604593604596,-0.0025
180.93614493614496,0.0025
180.93624393624395,0.0
180.93634293634295,-0.005
180.93644193644195,0.0
180.93654093654095,-0.005
180.93663993663995,-0.0025
180.93673893673895,0.0
180.93683793683795,0.005
180.93693693693695,0.0025
180.93703593703594,0.005
180.93713493713494,0.005
180.93723393723394,0.0
180.93733293733294,0.005
180.93743193743194,0.005
180.93753093753094,0.0025
180.93762993762994,0.0025
180.93772893772896,0.0
180.93782793782796,0.005
180.93792693792696,0.0
180.93802593802596,-0.0025
180.93812493812496,0.0075
180.93822393822396,0.0
180.93832293832295,0.0
180.93842193842195,-0.005
180.93852093852095,-0.005
180.93861993861995,-0.0025
180.93871893871895,0.0
180.93881793881795,-0.0025
180.93891693891695,-0.0025
180.93901593901595,-0.0025
180.93911493911494,0.0025
180.93921393921394,-0.0025
180.93931293931294,0.0
180.93941193941194,0.0025
180.93951093951094,0.0
180.93960993960994,0.0
180.93970893970896,0.005
180.93980793980796,0.0
180.93990693990696,0.0
180.94000594000596,0.0025
180.94010494010496,0.0
180.94020394020396,-0.0025
180.94030294030296,-0.005
180.94040194040196,0.0
180.94050094050095,-0.0025
180.94059994059995,-0.005
180.94069894069895,0.0
180.94079794079795,0.0025
180.94089694089695,0.005
180.94099594099595,0.0
180.94109494109495,0.0
180.94119394119394,-0.0025
180.94129294129294,-0.0025
180.94139194139194,-0.0025
180.94149094149094,0.005
180.94158994158994,0.0025
180.94168894168897,0.0025
180.94178794178796,0.0
180.94188694188696,0.0025
180.94198594198596,-0.0025
