Tiempo (s),Datos
37.98623898623899,0.0
37.986337986337986,-0.0025
37.98643698643699,0.0025
37.98653598653599,0.0
37.98663498663499,-0.0025
37.98673398673399,-0.0025
37.98683298683299,-0.0075
37.98693198693199,-0.0025
37.98703098703099,0.0
37.98712998712999,0.0025
37.98722898722899,0.005
37.98732798732799,0.0025
37.98742698742699,0.0025
37.98752598752599,0.0025
37.98762498762499,0.0025
37.98772398772399,0.0
37.98782298782299,-0.0025
37.98792198792199,-0.005
37.98802098802099,0.0
37.98811998811999,0.0025
37.98821898821899,0.0025
37.98831798831799,0.0025
37.98841698841699,0.0
37.98851598851599,0.0
37.98861498861499,0.0025
37.98871398871399,0.0
37.98881298881299,-0.0025
37.988911988911994,-0.0075
37.98901098901099,0.0
37.98910998910999,0.0
37.98920898920899,0.0
37.98930798930799,-0.0025
37.989406989406994,-0.0075
37.98950598950599,-0.0025
37.98960498960499,-0.0075
37.98970398970399,-0.0075
37.98980298980299,-0.0025
37.989901989901995,-0.0075
37.99000099000099,-0.0075
37.99009999009999,-0.005
37.99019899019899,-0.01
37.99029799029799,-0.0075
37.990396990396995,-0.0075
37.990495990495994,-0.0025
37.99059499059499,-0.005
37.99069399069399,-0.0075
37.99079299079299,-0.005
37.990891990891996,-0.0075
37.990990990990994,-0.01
37.99108999108999,-0.01
37.99118899118899,-0.012499999
37.99128799128799,-0.0075
37.991386991386996,-0.01
37.991485991485995,-0.0075
37.99158499158499,-0.005
37.99168399168399,-0.005
37.991782991783,-0.0025
37.991881991881996,-0.005
37.991980991980995,-0.005
37.992079992079994,-0.0025
37.99217899217899,-0.005
37.992277992278,-0.01
37.992376992377,-0.0075
37.992475992475995,-0.005
37.992574992574994,-0.005
37.99267399267399,-0.0025
37.992772992773,-0.005
37.992871992872,-0.0025
37.992970992970996,0.0
37.993069993069994,0.0
37.99316899316899,0.0
37.993267993268,0.0
37.993366993367,-0.0025
37.993465993465996,0.0
37.993564993564995,0.0025
37.99366399366399,-0.0025
37.993762993763,-0.0025
37.993861993862,-0.005
37.993960993961,-0.005
37.994059994059995,0.0
37.994158994158994,0.0025
37.994257994258,0.0025
37.994356994357,0.0
37.994455994456,-0.005
37.994554994554996,-0.005
37.994653994653994,-0.005
37.994752994753,-0.005
37.994851994852,-0.005
37.994950994951,0.0025
37.995049995049996,-0.005
37.995148995148995,-0.0025
37.995247995248,-0.0025
37.995346995347,-0.0025
37.995445995446,-0.005
37.995544995544996,-0.005
37.995643995643995,-0.0025
37.995742995743,-0.0025
37.995841995842,-0.0025
37.995940995941,-0.0075
37.99603999604,-0.005
37.996138996138995,-0.0025
37.996237996238,-0.0025
37.996336996337,-0.005
37.996435996436,0.0
37.996534996535,-0.0025
37.996633996633996,-0.005
37.996732996733,-0.005
37.996831996832,-0.005
37.996930996931,-0.0025
37.99702999703,-0.005
37.997128997128996,-0.005
37.997227997228,-0.005
37.997326997327,-0.0025
37.997425997426,-0.005
37.997524997525,-0.0025
37.997623997624,-0.0025
37.997722997723,0.0
37.997821997822,0.0
37.997920997921,0.0025
37.99801999802,0.0025
37.998118998119,0.0
37.998217998218,0.0
37.998316998317,0.0025
37.998415998416,0.0
37.998514998515,0.005
37.998613998614,0.0025
37.998712998713,-0.0025
37.998811998812,-0.0025
37.998910998911,0.0
37.99900999901,0.0025
37.999108999109005,0.0025
37.999207999208004,0.0025
37.999306999307,0.005
37.999405999406,0.0025
37.999504999505,0.005
37.999603999604005,0.0
37.999702999703004,-0.0025
37.999801999802,0.0025
37.999900999901,0.0
38.0,0.005
38.000099000099006,0.0
38.000198000198004,-0.005
38.000297000297,0.0025
38.000396000396,0.0
38.000495000495,0.0025
38.000594000594006,0.005
38.000693000693005,0.0025
38.000792000792,0.0
38.000891000891,-0.0025
38.00099000099,-0.0025
38.00108900108901,0.0
38.001188001188005,0.0025
38.001287001287004,0.0
38.001386001386,0.0025
38.001485001485,0.0
38.00158400158401,0.0025
38.001683001683006,0.0
38.001782001782004,0.0
38.001881001881,-0.0025
38.00198000198,-0.0025
38.00207900207901,0.0025
38.002178002178006,0.0
38.002277002277005,0.0025
38.002376002376,0.0
38.002475002475,0.005
38.00257400257401,-0.005
38.002673002673006,-0.0075
38.002772002772005,0.0
38.002871002871004,-0.005
38.00297000297,-0.005
38.00306900306901,-0.01
38.00316800316801,-0.0075
38.003267003267005,-0.0025
38.003366003366004,0.0
38.003465003465,-0.0025
38.00356400356401,-0.005
38.00366300366301,-0.0075
38.003762003762006,-0.005
38.003861003861005,-0.0025
38.00396000396,0.0
38.00405900405901,0.0025
38.00415800415801,0.0075
38.004257004257006,0.005
38.004356004356005,0.005
38.004455004455004,0.0025
38.00455400455401,0.0
38.00465300465301,0.005
38.00475200475201,0.0025
38.004851004851005,0.0
38.004950004950004,0.0025
38.00504900504901,0.005
38.00514800514801,0.0025
38.00524700524701,0.005
38.005346005346006,0.0025
38.005445005445004,0.0025
38.00554400554401,0.0
38.00564300564301,0.0
38.00574200574201,-0.005
38.005841005841006,0.005
38.005940005940005,0.0
38.00603900603901,-0.0025
38.00613800613801,-0.0025
38.00623700623701,0.0
38.00633600633601,-0.0025
38.00643500643501,-0.0025
38.00653400653401,0.0025
38.00663300663301,0.0
38.00673200673201,0.0025
38.00683100683101,0.0
38.00693000693001,0.0025
38.00702900702901,0.0025
38.00712800712801,0.0025
38.00722700722701,0.005
38.00732600732601,0.0025
38.00742500742501,0.0025
38.00752400752401,-0.005
38.00762300762301,-0.005
38.00772200772201,-0.0075
38.00782100782101,-0.0075
38.00792000792001,-0.0075
38.00801900801901,-0.005
38.00811800811801,-0.0025
38.00821700821701,-0.0025
38.00831600831601,-0.005
38.008415008415014,0.0
38.00851400851401,-0.0075
38.00861300861301,-0.0075
38.00871200871201,-0.0075
38.00881100881101,-0.0025
38.008910008910014,-0.0075
38.00900900900901,-0.005
38.00910800910801,-0.0075
38.00920700920701,-0.005
38.00930600930601,-0.005
38.009405009405015,-0.0075
38.00950400950401,-0.0025
38.00960300960301,-0.005
38.00970200970201,-0.0025
38.00980100980101,-0.0025
38.009900009900015,-0.005
38.009999009999014,0.0
38.01009801009801,0.0
38.01019701019701,0.005
38.01029601029601,0.0025
38.010395010395015,0.0025
38.010494010494014,0.0
38.01059301059301,0.005
38.01069201069201,0.0
38.01079101079101,0.0025
38.010890010890016,0.0
38.010989010989015,-0.0025
38.01108801108801,0.0
38.01118701118701,0.0
38.01128601128601,0.0
38.011385011385016,-0.0025
38.011484011484015,0.005
38.011583011583014,0.0
38.01168201168201,0.0025
38.01178101178101,0.0
38.01188001188002,0.0
38.011979011979015,0.005
38.012078012078014,0.0025
38.01217701217701,0.0
38.01227601227601,-0.0025
38.01237501237502,-0.0025
38.012474012474016,0.0
38.012573012573014,-0.0025
38.01267201267201,-0.005
38.01277101277101,-0.005
38.01287001287002,-0.0025
38.012969012969016,-0.005
38.013068013068015,-0.0025
38.01316701316701,0.0
38.01326601326602,-0.0025
38.01336501336502,-0.005
38.01346401346402,-0.0075
38.013563013563015,-0.005
38.013662013662014,-0.005
38.01376101376102,-0.0025
38.01386001386002,-0.0025
38.01395901395902,-0.0025
38.014058014058016,0.0
38.014157014157014,-0.0025
38.01425601425602,-0.0025
38.01435501435502,-0.0025
38.01445401445402,-0.005
38.014553014553016,0.0
38.014652014652015,-0.005
38.01475101475102,-0.005
38.01485001485002,-0.01
38.01494901494902,-0.005
38.015048015048016,0.0
38.015147015147015,-0.0025
38.01524601524602,0.0025
38.01534501534502,0.005
38.01544401544402,0.005
38.01554301554302,0.005
38.015642015642015,0.0025
38.01574101574102,0.0
38.01584001584002,0.0025
38.01593901593902,0.0
38.01603801603802,-0.0025
38.016137016137016,-0.0025
38.01623601623602,0.0
38.01633501633502,0.0025
38.01643401643402,0.005
38.01653301653302,0.005
38.016632016632016,0.005
38.01673101673102,0.0
38.01683001683002,0.0
38.01692901692902,-0.0025
38.01702801702802,0.0025
38.01712701712702,0.0075
38.01722601722602,0.0075
38.01732501732502,0.005
38.01742401742402,0.005
38.01752301752302,0.0025
38.01762201762202,0.0025
38.01772101772102,0.005
38.01782001782002,0.005
38.01791901791902,0.0
38.01801801801802,0.0
38.01811701811702,0.0
38.01821601821602,0.0
38.01831501831502,-0.005
38.01841401841402,0.0025
38.01851301851302,0.0025
38.01861201861202,0.0
38.01871101871102,0.0025
38.01881001881002,0.005
38.01890901890902,0.0025
38.01900801900802,0.0025
38.01910701910702,0.0
38.019206019206024,0.005
38.01930501930502,0.005
38.01940401940402,0.0025
38.01950301950302,0.0025
38.01960201960202,0.0
38.019701019701024,0.0
38.01980001980002,-0.0025
38.01989901989902,0.0
38.01999801999802,-0.0025
38.02009702009702,0.0
38.020196020196025,-0.0025
38.02029502029502,0.0075
38.02039402039402,0.0025
38.02049302049302,0.0025
38.02059202059203,0.0
38.020691020691025,0.0
38.020790020790024,0.0025
38.02088902088902,0.0025
38.02098802098802,0.005
38.02108702108703,0.0025
38.021186021186026,0.0025
38.021285021285024,0.0075
38.02138402138402,0.0075
38.02148302148302,0.0075
38.02158202158203,0.0025
38.021681021681026,0.005
38.021780021780025,0.0025
38.02187902187902,0.0025
38.02197802197802,0.005
38.02207702207703,0.005
38.022176022176026,0.005
38.022275022275025,0.0025
38.022374022374024,0.0
38.02247302247302,0.005
38.02257202257203,0.0
38.02267102267103,0.0025
38.022770022770025,0.0025
38.022869022869024,0.005
38.02296802296802,0.005
38.02306702306703,0.0025
38.02316602316603,0.0
38.023265023265026,0.0025
38.023364023364024,-0.0025
38.02346302346302,0.0
38.02356202356203,0.005
38.02366102366103,0.0
38.023760023760026,0.0025
38.023859023859025,-0.0075
38.02395802395802,0.005
38.02405702405703,0.0
38.02415602415603,-0.0025
38.02425502425503,-0.0075
38.024354024354025,-0.0025
38.024453024453024,-0.0025
38.02455202455203,-0.0075
38.02465102465103,-0.0025
38.02475002475003,-0.005
38.024849024849026,0.0025
38.024948024948024,-0.0075
38.02504702504703,-0.005
38.02514602514603,-0.0025
38.02524502524503,-0.005
38.025344025344026,-0.005
38.025443025443025,-0.0075
38.02554202554203,-0.005
38.02564102564103,-0.0025
38.02574002574003,-0.0025
38.025839025839026,-0.0025
38.025938025938025,-0.0025
38.02603702603703,-0.0025
38.02613602613603,-0.0025
38.02623502623503,-0.0025
38.02633402633403,-0.0025
38.026433026433025,-0.0025
38.02653202653203,-0.0025
38.02663102663103,0.0
38.02673002673003,0.005
38.02682902682903,0.0025
38.026928026928026,0.0025
38.02702702702703,0.0025
38.02712602712603,0.0
38.02722502722503,-0.0025
38.02732402732403,-0.0025
38.027423027423026,0.0
38.02752202752203,0.0
38.02762102762103,0.0
38.02772002772003,0.0
38.02781902781903,0.0
38.027918027918034,0.0
38.02801702801703,0.0
38.02811602811603,0.0025
38.02821502821503,0.005
38.02831402831403,-0.0025
38.028413028413034,-0.0025
38.02851202851203,0.0
38.02861102861103,0.0025
38.02871002871003,0.005
38.02880902880903,0.005
38.028908028908035,0.0025
38.02900702900703,0.0
38.02910602910603,0.0025
38.02920502920503,-0.0025
38.02930402930403,0.0
38.029403029403035,-0.005
38.029502029502034,0.0
38.02960102960103,0.0
38.02970002970003,-0.0025
38.02979902979903,-0.0025
38.029898029898035,-0.0025
38.029997029997034,0.0025
38.03009603009603,0.005
38.03019503019503,0.0075
38.03029403029403,0.0025
38.030393030393036,0.0
38.030492030492034,0.0
38.03059103059103,0.0025
38.03069003069003,0.0025
38.03078903078903,0.0025
38.030888030888036,0.0025
38.030987030987035,-0.0025
38.03108603108603,-0.0025
38.03118503118503,0.0
38.03128403128403,-0.005
38.03138303138304,-0.005
38.031482031482035,0.0
38.031581031581034,0.0
38.03168003168003,0.0025
38.03177903177903,0.0
38.03187803187804,-0.0025
38.031977031977036,0.0
38.032076032076034,0.0025
38.03217503217503,0.0025
38.03227403227403,0.0
38.03237303237304,-0.0025
38.032472032472036,0.0025
38.032571032571035,0.0025
38.03267003267003,0.0
38.03276903276903,0.005
38.03286803286804,0.0075
38.032967032967036,0.01
38.033066033066035,0.005
38.033165033165034,0.0025
38.03326403326403,0.005
38.03336303336304,0.0025
38.03346203346204,0.0025
38.033561033561035,0.0075
38.033660033660034,0.0
38.03375903375903,0.0
38.03385803385804,0.0025
38.03395703395704,0.01
38.034056034056036,0.0
38.034155034155035,0.0025
38.03425403425403,0.005
38.03435303435304,0.005
38.03445203445204,0.0075
38.034551034551036,-0.0025
38.034650034650035,-0.0025
38.034749034749034,0.0
38.03484803484804,0.0025
38.03494703494704,0.0
38.03504603504604,0.0
38.035145035145035,0.0025
38.03524403524404,0.005
38.03534303534304,0.0025
38.03544203544204,0.0025
38.03554103554104,0.0
38.035640035640036,0.0025
38.03573903573904,0.0
38.03583803583804,0.005
38.03593703593704,0.0075
38.03603603603604,0.005
38.036135036135036,0.005
38.03623403623404,0.0025
38.03633303633304,0.0025
38.03643203643204,0.0025
38.03653103653104,0.005
38.03663003663004,0.005
38.03672903672904,0.005
38.03682803682804,0.0075
38.03692703692704,0.01
38.03702603702604,0.0075
38.03712503712504,0.0075
38.03722403722404,0.0075
38.03732303732304,0.0075
38.03742203742204,0.0075
38.03752103752104,0.0075
38.03762003762004,0.005
38.03771903771904,0.0075
38.03781803781804,0.0075
38.03791703791704,0.005
38.03801603801604,0.01
38.03811503811504,0.01
38.03821403821404,0.0075
38.03831303831304,0.0075
38.03841203841204,0.005
38.03851103851104,0.005
38.03861003861004,0.005
38.038709038709044,0.005
38.03880803880804,0.005
38.03890703890704,0.0025
38.03900603900604,0.0025
38.03910503910504,0.005
38.039204039204044,0.0025
38.03930303930304,0.0025
38.03940203940204,0.005
38.03950103950104,0.0075
38.03960003960004,0.005
38.039699039699045,0.005
38.03979803979804,0.005
38.03989703989704,0.0025
38.03999603999604,0.0025
38.04009504009504,0.0025
38.040194040194045,0.0
38.040293040293044,0.0075
38.04039204039204,0.005
38.04049104049104,0.005
38.04059004059004,0.005
38.040689040689045,0.0
38.040788040788044,0.0025
38.04088704088704,0.0025
38.04098604098604,0.0
38.04108504108504,-0.0025
38.041184041184046,-0.005
38.041283041283044,-0.0025
38.04138204138204,-0.0025
38.04148104148104,0.0025
38.04158004158004,0.0
38.041679041679046,0.0
38.041778041778045,0.0025
38.04187704187704,0.0025
38.04197604197604,0.0025
38.04207504207505,0.005
38.04217404217405,0.0025
38.042273042273045,-0.0025
38.042372042372044,-0.0025
38.04247104247104,0.0
38.04257004257005,0.0
38.04266904266905,-0.0025
38.042768042768046,-0.0025
38.042867042867044,0.0
38.04296604296604,0.005
38.04306504306505,0.0
38.04316404316405,0.0025
38.043263043263046,0.0025
38.043362043362045,0.0025
38.04346104346104,0.005
38.04356004356005,0.005
38.04365904365905,0.005
38.04375804375805,0.005
38.043857043857045,0.0025
38.043956043956044,0.0025
38.04405504405505,0.0025
38.04415404415405,0.0025
38.04425304425305,0.005
38.044352044352046,0.005
38.044451044451044,0.0025
38.04455004455005,0.0025
38.04464904464905,0.005
38.04474804474805,0.0
38.044847044847046,0.005
38.044946044946045,0.0
38.04504504504505,0.0025
38.04514404514405,0.005
38.04524304524305,0.005
38.045342045342046,0.005
38.045441045441045,0.0
38.04554004554005,0.0025
38.04563904563905,0.0025
38.04573804573805,0.005
38.04583704583705,0.0
38.045936045936045,0.005
38.04603504603505,0.0025
38.04613404613405,0.0025
38.04623304623305,0.005
38.04633204633205,0.0025
38.046431046431046,0.0025
38.04653004653005,0.0025
38.04662904662905,0.0
38.04672804672805,0.0
38.04682704682705,0.0
38.046926046926046,0.0
38.04702504702505,0.0025
38.04712404712405,0.005
38.04722304722305,0.005
38.04732204732205,0.005
38.04742104742105,0.005
38.04752004752005,0.0
38.04761904761905,0.0025
38.04771804771805,0.0025
38.04781704781705,0.0025
38.04791604791605,0.0
38.04801504801505,0.0
38.04811404811405,0.0025
38.04821304821305,0.0025
38.04831204831205,0.005
38.04841104841105,-0.0025
38.04851004851005,0.005
38.04860904860905,0.005
38.04870804870805,0.0075
38.04880704880705,0.005
38.04890604890605,0.012499999
38.04900504900505,0.005
38.04910404910405,0.005
38.04920304920305,0.0
38.04930204930205,0.0075
38.049401049401055,0.0075
38.049500049500054,0.005
38.04959904959905,0.0075
38.04969804969805,0.005
38.04979704979705,0.005
38.049896049896056,0.005
38.049995049995054,0.005
38.05009405009405,0.0075
38.05019305019305,0.0075
38.05029205029205,0.0075
38.050391050391056,0.005
38.050490050490055,0.005
38.05058905058905,0.005
38.05068805068805,0.005
38.05078705078705,0.0075
38.05088605088606,0.0025
38.050985050985055,0.005
38.051084051084054,0.0075
38.05118305118305,0.0025
38.05128205128205,0.0025
38.05138105138106,0.005
38.051480051480056,0.005
38.051579051579054,0.005
38.05167805167805,0.005
38.05177705177705,0.0075
38.05187605187606,0.0075
38.051975051975056,0.0075
38.052074052074055,0.005
38.05217305217305,0.0075
38.05227205227205,0.0075
38.05237105237106,0.0075
38.052470052470056,0.0075
38.052569052569055,0.005
38.052668052668054,0.0025
38.05276705276705,0.005
38.05286605286606,0.005
38.05296505296506,0.005
38.053064053064055,0.015
38.053163053163054,0.0075
38.05326205326205,0.0075
38.05336105336106,0.0075
38.05346005346006,0.005
38.053559053559056,0.005
38.053658053658054,0.005
38.05375705375705,0.005
38.05385605385606,0.005
38.05395505395506,0.0075
38.054054054054056,0.0075
38.054153054153055,0.005
38.05425205425205,0.0075
38.05435105435106,0.0075
38.05445005445006,0.005
38.05454905454906,0.0025
38.054648054648055,0.005
38.054747054747054,0.012499999
38.05484605484606,0.01
38.05494505494506,0.01
38.05504405504406,0.012499999
38.055143055143056,0.012499999
38.055242055242054,0.005
38.05534105534106,0.005
38.05544005544006,0.012499999
38.05553905553906,0.01
38.055638055638056,0.0075
38.055737055737055,0.01
38.05583605583606,0.0075
38.05593505593506,0.01
38.05603405603406,0.005
38.056133056133056,0.0075
38.056232056232055,0.005
38.05633105633106,0.005
38.05643005643006,0.005
38.05652905652906,0.005
38.05662805662806,0.005
38.05672705672706,0.0025
38.05682605682606,-0.0025
38.05692505692506,0.0
38.05702405702406,0.0025
38.05712305712306,0.0025
38.05722205722206,0.005
38.05732105732106,0.0025
38.05742005742006,0.0025
38.05751905751906,0.0025
38.05761805761806,0.0
38.05771705771706,0.0025
38.05781605781606,-0.0025
38.05791505791506,-0.005
38.05801405801406,0.0
38.05811305811306,-0.0025
38.058212058212064,0.0
38.05831105831106,0.0
38.05841005841006,-0.0025
38.05850905850906,0.0025
38.05860805860806,0.0075
38.058707058707064,0.0025
38.05880605880606,0.0
38.05890505890506,0.0
38.05900405900406,0.0025
38.05910305910306,0.0025
38.059202059202065,0.0025
38.05930105930106,0.005
38.05940005940006,0.0
38.05949905949906,0.0025
38.05959805959806,0.0075
38.059697059697065,0.0075
38.059796059796064,0.005
38.05989505989506,0.0025
38.05999405999406,0.005
38.06009306009306,0.005
38.060192060192065,0.0025
38.060291060291064,0.005
38.06039006039006,0.0025
38.06048906048906,0.005
38.06058806058806,0.0025
38.060687060687066,0.005
38.060786060786064,0.0025
38.06088506088506,0.005
38.06098406098406,0.005
38.06108306108306,0.0075
38.061182061182066,0.0025
38.061281061281065,0.0075
38.06138006138006,0.005
38.06147906147906,0.005
38.06157806157806,0.0
38.06167706167707,0.0
38.061776061776065,0.005
38.061875061875064,0.005
38.06197406197406,0.005
38.06207306207306,0.0075
38.06217206217207,0.0
38.062271062271066,0.0
38.062370062370064,0.0025
38.06246906246906,0.005
38.06256806256806,0.0025
38.06266706266707,0.0025
38.062766062766066,0.005
38.062865062865065,0.01
38.06296406296406,0.0075
38.06306306306306,0.0075
38.06316206316207,0.0025
38.063261063261066,0.005
38.063360063360065,0.005
38.063459063459064,0.005
38.06355806355806,0.005
38.06365706365707,0.005
38.06375606375607,0.0
38.063855063855065,0.0
38.063954063954064,0.0
38.06405306405307,0.0025
38.06415206415207,0.0
38.06425106425107,0.0025
38.064350064350066,0.005
38.064449064449065,0.005
38.06454806454807,0.0025
38.06464706464707,0.0025
38.06474606474607,-0.0025
38.064845064845066,0.0
38.064944064944065,0.005
38.06504306504307,0.0
38.06514206514207,-0.0025
38.06524106524107,-0.0025
38.06534006534007,0.0
38.065439065439065,0.0025
38.06553806553807,0.005
38.06563706563707,0.005
38.06573606573607,0.0025
38.06583506583507,0.0075
38.065934065934066,0.005
38.06603306603307,0.005
38.06613206613207,0.005
38.06623106623107,0.005
38.06633006633007,0.0025
38.066429066429066,0.0025
38.06652806652807,0.0075
38.06662706662707,0.0075
38.06672606672607,0.005
38.06682506682507,0.0025
38.06692406692407,0.005
38.06702306702307,0.0075
38.06712206712207,0.0075
38.06722106722107,0.01
38.06732006732007,0.0075
38.06741906741907,0.005
38.06751806751807,0.005
38.06761706761707,0.0025
38.06771606771607,0.0025
38.06781506781507,0.005
38.06791406791407,0.0025
38.06801306801307,0.0025
38.06811206811207,0.0025
38.06821106821107,0.005
38.06831006831007,0.005
38.06840906840907,0.0
38.06850806850807,0.0025
38.06860706860707,0.0
38.06870606870607,-0.0025
38.06880506880507,0.0
38.06890406890407,0.005
38.069003069003074,0.0075
38.06910206910207,0.005
38.06920106920107,0.005
38.06930006930007,0.005
38.06939906939907,0.0075
38.069498069498074,0.0075
38.06959706959707,0.005
38.06969606969607,0.005
38.06979506979507,0.005
38.06989406989407,0.005
38.069993069993075,0.01
38.07009207009207,0.01
38.07019107019107,0.005
38.07029007029007,0.0075
38.07038907038907,0.0075
38.070488070488075,0.0075
38.070587070587074,0.0075
38.07068607068607,0.005
38.07078507078507,0.0075
38.07088407088408,0.0075
38.070983070983075,0.005
38.071082071082074,0.01
38.07118107118107,0.005
38.07128007128007,0.0025
38.07137907137908,0.0025
38.071478071478076,0.0025
38.071577071577074,0.0025
38.07167607167607,0.0025
38.07177507177507,0.005
38.07187407187408,0.005
38.071973071973076,0.0
38.072072072072075,0.0
38.07217107217107,0.005
38.07227007227007,0.0025
38.07236907236908,0.0025
38.07246807246808,0.0
38.072567072567075,0.0025
38.072666072666074,0.0025
38.07276507276507,0.0
38.07286407286408,0.005
38.07296307296308,0.005
38.073062073062076,0.0075
38.073161073161074,0.005
38.07326007326007,0.0075
38.07335907335908,0.0075
38.07345807345808,0.005
38.073557073557076,0.0025
38.073656073656075,0.005
38.07375507375507,0.0
38.07385407385408,0.0
38.07395307395308,0.005
38.07405207405208,0.0025
38.074151074151075,0.0025
38.074250074250074,0.0
38.07434907434908,-0.005
38.07444807444808,-0.005
38.07454707454708,-0.005
38.074646074646076,-0.005
38.074745074745074,0.0025
38.07484407484408,0.0025
38.07494307494308,0.005
38.07504207504208,0.0
38.075141075141076,0.0
38.075240075240075,0.0
38.07533907533908,-0.005
38.07543807543808,0.0
38.07553707553708,0.0025
38.075636075636076,-0.0025
38.075735075735075,0.0
38.07583407583408,0.0
38.07593307593308,0.0
38.07603207603208,0.005
38.07613107613108,0.0
38.076230076230075,0.0
38.07632907632908,0.0
38.07642807642808,0.0
38.07652707652708,0.0025
38.07662607662608,0.0025
38.076725076725076,0.0025
38.07682407682408,0.0025
38.07692307692308,0.0025
38.07702207702208,0.0025
38.07712107712108,0.0025
38.077220077220076,0.0
38.07731907731908,0.0
38.07741807741808,0.0
38.07751707751708,0.0075
38.07761607761608,0.0
38.07771507771508,0.0
38.07781407781408,0.0
38.07791307791308,-0.0025
38.07801207801208,0.0025
38.07811107811108,0.0075
38.078210078210084,0.005
38.07830907830908,0.0075
38.07840807840808,0.0025
38.07850707850708,0.0075
38.07860607860608,0.005
38.078705078705084,0.005
38.07880407880408,0.0025
38.07890307890308,0.005
38.07900207900208,0.0025
38.07910107910108,0.005
38.079200079200085,0.0025
38.07929907929908,0.0025
38.07939807939808,0.0025
38.07949707949708,0.0
38.07959607959608,-0.0025
38.079695079695085,0.0025
38.079794079794084,-0.0025
38.07989307989308,0.0
38.07999207999208,0.0025
38.08009108009108,-0.0025
38.080190080190086,0.0
38.080289080289084,0.0
38.08038808038808,0.0025
38.08048708048708,0.0025
38.08058608058608,0.0025
38.080685080685086,0.0025
38.080784080784085,0.005
38.08088308088308,0.0025
38.08098208098208,0.005
38.08108108108108,0.005
38.08118008118009,0.0025
38.081279081279085,0.0025
38.081378081378084,0.0025
38.08147708147708,0.0025
38.08157608157608,0.005
38.08167508167509,0.005
38.081774081774086,0.005
38.081873081873084,-0.0025
38.08197208197208,-0.0025
38.08207108207108,-0.0025
38.08217008217009,0.0
38.082269082269086,0.005
38.082368082368085,0.005
38.08246708246708,0.0025
38.08256608256608,0.005
38.08266508266509,0.005
38.082764082764086,0.005
38.082863082863085,0.005
38.082962082962084,0.005
38.08306108306108,0.005
38.08316008316009,0.0075
38.08325908325909,0.005
38.083358083358085,0.005
38.083457083457084,0.005
38.08355608355608,0.0075
38.08365508365509,0.01
38.08375408375409,0.0075
38.083853083853086,0.01
38.083952083952084,0.005
38.08405108405108,0.0075
38.08415008415009,0.0025
38.08424908424909,0.005
38.084348084348086,0.005
38.084447084447085,0.005
38.08454608454608,0.0075
38.08464508464509,0.005
38.08474408474409,0.0025
38.08484308484309,0.0
38.084942084942085,0.005
38.085041085041084,0.005
38.08514008514009,0.0025
38.08523908523909,0.005
38.08533808533809,0.0025
38.085437085437086,0.005
38.08553608553609,0.005
38.08563508563509,0.0025
38.08573408573409,0.0
38.08583308583309,0.005
38.085932085932086,0.005
38.08603108603109,0.0025
38.08613008613009,0.0025
38.08622908622909,-0.0025
38.08632808632809,0.0
38.086427086427086,0.0
38.08652608652609,0.005
38.08662508662509,-0.0025
38.08672408672409,0.0025
38.08682308682309,0.005
38.08692208692209,0.0075
38.08702108702109,0.0075
38.08712008712009,0.0075
38.08721908721909,0.005
38.08731808731809,0.0025
38.08741708741709,0.005
38.08751608751609,0.005
38.08761508761509,0.0025
38.08771408771409,0.005
38.08781308781309,0.0075
38.08791208791209,0.0075
38.08801108801109,0.0025
38.08811008811009,0.005
38.08820908820909,0.005
38.08830808830809,0.005
38.08840708840709,0.0025
38.088506088506094,0.005
38.08860508860509,0.005
38.08870408870409,0.005
38.08880308880309,0.0025
38.08890208890209,0.0025
38.089001089001094,0.0075
38.08910008910009,0.0075
38.08919908919909,0.0075
38.08929808929809,0.005
38.08939708939709,0.005
38.089496089496095,0.0025
38.08959508959509,0.005
38.08969408969409,0.0025
38.08979308979309,0.0025
38.08989208989209,0.0025
38.089991089991095,0.0025
38.090090090090094,0.0025
38.09018909018909,0.0
38.09028809028809,0.0025
38.09038709038709,0.0
38.090486090486095,0.0
38.090585090585094,0.0025
38.09068409068409,0.0025
38.09078309078309,0.0025
38.09088209088209,-0.0025
38.090981090981096,-0.0025
38.091080091080094,-0.005
38.09117909117909,-0.005
38.09127809127809,-0.005
38.09137709137709,-0.005
38.091476091476096,-0.0025
38.091575091575095,-0.0025
38.09167409167409,-0.005
38.09177309177309,-0.0025
38.09187209187209,0.0
38.0919710919711,0.0
38.092070092070095,0.0025
38.092169092169094,-0.0025
38.09226809226809,-0.0075
38.0923670923671,-0.005
38.0924660924661,-0.0075
38.092565092565096,-0.0025
38.092664092664094,0.005
38.09276309276309,0.0025
38.0928620928621,0.0025
38.0929610929611,0.005
38.093060093060096,0.0025
38.093159093159095,0.0
38.09325809325809,0.0
38.0933570933571,0.0025
38.0934560934561,0.005
38.093555093555096,0.0
38.093654093654095,0.0025
38.093753093753094,0.0075
38.0938520938521,0.005
38.0939510939511,0.0025
38.0940500940501,0.0025
38.094149094149095,0.0025
38.094248094248094,0.0025
38.0943470943471,0.005
38.0944460944461,0.01
38.0945450945451,0.01
38.094644094644096,0.005
38.094743094743095,0.005
38.0948420948421,0.005
38.0949410949411,0.01
38.0950400950401,0.0025
38.095139095139096,0.005
38.095238095238095,0.0075
38.0953370953371,0.0025
38.0954360954361,0.0025
38.0955350955351,0.0075
38.0956340956341,0.005
38.095733095733095,0.005
38.0958320958321,0.005
38.0959310959311,0.0025
38.0960300960301,0.0025
38.0961290961291,0.005
38.096228096228096,0.0
38.0963270963271,0.0
38.0964260964261,0.0
38.0965250965251,0.0025
38.0966240966241,-0.0025
38.096723096723096,0.0
38.0968220968221,0.0
38.0969210969211,0.0
38.0970200970201,-0.0025
38.0971190971191,-0.0025
38.0972180972181,0.0
38.0973170973171,0.0
38.0974160974161,0.0
38.0975150975151,0.0
38.0976140976141,0.0025
38.0977130977131,-0.0025
38.0978120978121,0.0025
38.0979110979111,-0.0025
38.0980100980101,0.0025
38.0981090981091,0.005
38.0982080982081,0.0075
38.0983070983071,0.0075
38.0984060984061,0.0075
38.0985050985051,0.005
38.0986040986041,0.0075
38.0987030987031,0.005
38.0988020988021,0.005
38.0989010989011,0.0025
38.0990000990001,0.0025
38.0990990990991,0.005
38.0991980991981,0.0025
38.099297099297104,0.0075
38.0993960993961,0.0025
38.0994950994951,0.005
38.0995940995941,0.005
38.099693099693106,0.005
38.099792099792104,0.0025
38.0998910998911,0.005
38.0999900999901,0.005
38.1000891000891,0.0025
38.100188100188106,0.0025
38.100287100287105,0.0
38.1003861003861,0.0025
38.1004851004851,0.0025
38.1005841005841,0.005
38.100683100683106,0.005
38.100782100782105,0.005
38.100881100881104,0.0025
38.1009801009801,0.0025
38.1010791010791,0.005
38.10117810117811,0.005
38.101277101277105,0.0025
38.101376101376104,0.0025
38.1014751014751,0.005
38.1015741015741,0.0
38.10167310167311,0.0025
38.101772101772106,0.0
38.101871101871104,0.0
38.1019701019701,0.0025
38.1020691020691,0.0025
38.10216810216811,0.0
38.102267102267106,0.005
38.102366102366105,0.005
38.1024651024651,0.0075
38.1025641025641,0.0075
38.10266310266311,0.005
38.10276210276211,0.005
38.102861102861105,0.0
38.102960102960104,0.0025
38.1030591030591,0.0025
38.10315810315811,0.0
38.10325710325711,0.0025
38.103356103356106,0.005
38.103455103455104,0.0025
38.1035541035541,0.005
38.10365310365311,0.0
38.10375210375211,0.005
38.103851103851106,0.0025
38.103950103950105,0.005
38.1040491040491,0.005
38.10414810414811,0.005
38.10424710424711,0.0
38.10434610434611,-0.0025
38.104445104445105,0.0025
38.104544104544104,0.0025
38.10464310464311,0.0025
38.10474210474211,0.0
38.10484110484111,0.0
38.104940104940106,0.0025
38.105039105039104,0.0025
38.10513810513811,0.005
38.10523710523711,0.005
38.10533610533611,0.0075
38.105435105435106,0.0075
38.105534105534105,0.0025
38.10563310563311,0.005
38.10573210573211,0.0
38.10583110583111,0.0025
38.105930105930106,0.005
38.106029106029105,0.005
38.10612810612811,0.0075
38.10622710622711,0.01
38.10632610632611,0.005
38.10642510642511,0.0
38.106524106524105,-0.0025
38.10662310662311,0.0
38.10672210672211,0.0
38.10682110682111,0.005
38.10692010692011,0.0025
38.10701910701911,0.0
38.10711810711811,-0.0025
38.10721710721711,-0.005
38.10731610731611,-0.0075
38.10741510741511,-0.0025
38.10751410751411,0.0
38.10761310761311,-0.0025
38.10771210771211,-0.0075
38.10781110781111,-0.0025
38.10791010791011,0.0
38.108009108009114,-0.005
38.10810810810811,-0.0025
38.10820710820711,-0.0025
38.10830610830611,-0.0025
38.10840510840511,-0.005
38.108504108504114,-0.0025
38.10860310860311,0.0
38.10870210870211,0.0
38.10880110880111,0.0
38.10890010890011,0.0
38.108999108999114,-0.005
38.10909810909811,0.0025
38.10919710919711,0.0
38.10929610929611,0.0025
38.10939510939511,0.0025
38.109494109494115,0.0025
38.10959310959311,0.0
38.10969210969211,-0.0025
38.10979110979111,0.005
38.10989010989011,0.0
38.109989109989115,0.0025
38.110088110088114,0.0025
38.11018711018711,0.0025
38.11028611028611,0.0025
38.11038511038511,0.0025
38.110484110484116,0.0025
38.110583110583114,0.005
38.11068211068211,0.005
38.11078111078111,0.0
38.11088011088011,0.005
38.110979110979116,0.0025
38.111078111078115,0.0025
38.11117711117711,0.0025
38.11127611127611,0.0
38.11137511137511,0.0
38.11147411147412,0.0025
38.111573111573115,0.0025
38.111672111672114,0.0025
38.11177111177111,0.005
38.11187011187011,0.0025
38.11196911196912,0.005
38.112068112068116,0.005
38.112167112167114,0.005
38.11226611226611,0.0025
38.11236511236511,0.0
38.11246411246412,0.0025
38.112563112563116,0.005
38.112662112662115,0.0
38.11276111276111,0.0025
38.11286011286011,0.0
38.11295911295912,-0.0025
38.113058113058116,0.0
38.113157113157115,0.0
38.113256113256114,0.0025
38.11335511335511,0.0
38.11345411345412,-0.0025
38.11355311355312,0.0
38.113652113652115,0.0025
38.113751113751114,0.0
38.11385011385011,-0.0025
38.11394911394912,-0.0025
38.11404811404812,0.0
38.114147114147116,0.0025
38.114246114246114,-0.0025
38.11434511434512,0.0
38.11444411444412,0.0
38.11454311454312,0.005
38.114642114642116,-0.0075
38.114741114741115,0.0
38.11484011484012,-0.0025
38.11493911493912,-0.0025
38.11503811503812,-0.01
38.11513711513712,-0.0075
38.115236115236115,-0.0025
38.11533511533512,0.0025
38.11543411543412,0.0
38.11553311553312,0.005
38.11563211563212,0.0025
38.115731115731116,0.0025
38.11583011583012,0.0075
38.11592911592912,0.005
38.11602811602812,0.0025
38.11612711612712,0.005
38.116226116226116,0.005
38.11632511632512,0.0025
38.11642411642412,-0.0025
38.11652311652312,-0.0025
38.11662211662212,0.0025
38.116721116721116,-0.0025
38.11682011682012,0.0025
38.11691911691912,0.0025
38.11701811701812,0.0
38.11711711711712,0.0075
38.11721611721612,0.005
38.11731511731512,0.0025
38.11741411741412,0.0
38.11751311751312,0.0
38.11761211761212,0.0
38.11771111771112,0.0025
38.11781011781012,0.0025
38.11790911790912,0.005
38.11800811800812,0.0
38.11810711810712,0.005
38.11820611820612,0.005
38.11830511830512,0.0
38.11840411840412,-0.005
38.11850311850312,0.0
38.11860211860212,0.0
38.11870111870112,0.0
38.118800118800124,0.0
38.11889911889912,0.0
38.11899811899812,0.0
38.11909711909712,0.005
38.11919611919612,0.0025
38.119295119295124,0.0025
38.11939411939412,0.0
38.11949311949312,-0.0025
38.11959211959212,-0.0025
38.11969111969112,0.0
38.119790119790125,-0.0025
38.11988911988912,0.0
38.11998811998812,-0.0025
38.12008712008712,-0.0025
38.12018612018612,-0.0025
38.120285120285125,-0.0025
38.120384120384124,0.0
38.12048312048312,0.0
38.12058212058212,-0.0025
38.12068112068112,-0.0025
38.120780120780125,-0.005
38.120879120879124,0.0025
38.12097812097812,0.0025
38.12107712107712,0.005
38.12117612117613,0.005
38.121275121275126,0.0025
38.121374121374124,0.0025
38.12147312147312,0.0
38.12157212157212,0.005
38.12167112167113,0.0025
38.121770121770126,0.0025
38.121869121869125,0.005
38.12196812196812,0.005
38.12206712206712,0.0
38.12216612216613,0.0
38.12226512226513,0.0025
38.122364122364125,0.0
38.122463122463124,-0.0025
38.12256212256212,0.0
38.12266112266113,-0.0025
38.12276012276013,-0.0025
38.122859122859126,0.0
38.122958122958124,0.0025
38.12305712305712,0.0025
38.12315612315613,0.0
38.12325512325513,-0.005
38.123354123354126,-0.0025
38.123453123453125,-0.0025
38.12355212355212,-0.0025
38.12365112365113,-0.0025
38.12375012375013,-0.0025
38.123849123849126,0.0025
38.123948123948125,-0.005
38.124047124047124,0.0
38.12414612414613,-0.0025
38.12424512424513,-0.005
38.12434412434413,-0.005
38.124443124443125,-0.0075
38.124542124542124,-0.0025
38.12464112464113,-0.0025
38.12474012474013,-0.005
38.12483912483913,-0.005
38.124938124938126,0.0025
38.125037125037124,0.0
38.12513612513613,0.0025
38.12523512523513,-0.005
38.12533412533413,-0.012499999
38.125433125433126,-0.0075
38.125532125532125,-0.0075
38.12563112563113,-0.005
38.12573012573013,-0.005
38.12582912582913,-0.005
38.12592812592813,-0.005
38.126027126027125,-0.0025
38.12612612612613,-0.0025
38.12622512622513,-0.0025
38.12632412632413,0.0
38.12642312642313,-0.0025
38.126522126522126,-0.0025
38.12662112662113,0.0
38.12672012672013,0.0
38.12681912681913,0.0
38.12691812691813,0.0
38.127017127017126,0.0
38.12711612711613,0.0
38.12721512721513,0.0
38.12731412731413,0.0
38.12741312741313,0.0025
38.12751212751213,0.0
38.12761112761113,-0.0025
38.12771012771013,0.0
38.12780912780913,0.0
38.12790812790813,0.0025
38.12800712800713,0.0025
38.12810612810613,0.0
38.12820512820513,0.0025
38.12830412830413,-0.0025
38.12840312840313,0.0025
38.128502128502134,0.0025
38.12860112860113,0.005
38.12870012870013,-0.0025
38.12879912879913,0.0
38.12889812889813,-0.005
38.128997128997135,0.0
38.12909612909613,-0.0025
38.12919512919513,0.0
38.12929412929413,0.0
38.12939312939313,0.005
38.129492129492135,0.0025
38.129591129591134,0.0025
38.12969012969013,0.0
38.12978912978913,-0.005
38.12988812988813,-0.005
38.129987129987136,-0.0025
38.130086130086134,0.0025
38.13018513018513,-0.005
38.13028413028413,0.0
38.13038313038313,0.0
38.130482130482136,-0.005
38.130581130581135,-0.0025
38.13068013068013,-0.005
38.13077913077913,-0.005
38.13087813087813,-0.01
38.130977130977136,-0.01
38.131076131076135,-0.0075
38.131175131175134,-0.0025
38.13127413127413,-0.005
38.13137313137313,-0.01
38.13147213147214,-0.0075
38.131571131571135,-0.005
38.131670131670134,0.0
38.13176913176913,-0.005
38.13186813186813,-0.005
38.13196713196714,-0.005
38.132066132066136,-0.005
38.132165132165134,-0.005
38.13226413226413,0.0
38.13236313236313,0.0
38.13246213246214,0.0025
38.132561132561136,0.0
38.132660132660135,-0.0025
38.13275913275913,0.0
38.13285813285813,-0.0025
38.13295713295714,-0.005
38.13305613305614,-0.0075
38.133155133155135,-0.0025
38.133254133254134,-0.0025
38.13335313335313,0.0025
38.13345213345214,0.0025
38.13355113355114,0.0025
38.133650133650136,0.0025
38.133749133749134,0.0025
38.13384813384813,0.0025
38.13394713394714,0.0
38.13404613404614,0.0
38.134145134145136,0.0
38.134244134244135,0.0
38.13434313434313,0.0075
38.13444213444214,0.0025
38.13454113454114,0.0025
38.13464013464014,0.005
38.134739134739135,0.005
38.134838134838134,0.0025
38.13493713493714,0.0
38.13503613503614,-0.0025
38.13513513513514,0.0
38.135234135234136,0.005
38.135333135333134,0.0025
38.13543213543214,-0.0025
38.13553113553114,-0.0025
38.13563013563014,0.0
38.135729135729136,0.0025
38.13582813582814,0.005
38.13592713592714,0.0
38.13602613602614,0.0025
38.13612513612514,-0.0025
38.136224136224136,-0.0025
38.13632313632314,0.0
38.13642213642214,0.0025
38.13652113652114,0.0
38.13662013662014,0.0025
38.13671913671914,0.005
38.13681813681814,0.0025
38.13691713691714,0.0025
38.13701613701614,0.0
38.13711513711514,0.0025
38.13721413721414,0.0
38.13731313731314,-0.0025
38.13741213741214,0.0
38.13751113751114,-0.0025
38.13761013761014,-0.0025
38.13770913770914,0.0025
38.13780813780814,0.0025
38.13790713790714,-0.0025
38.13800613800614,0.0
38.13810513810514,0.0
38.13820413820414,0.0025
38.138303138303144,0.005
38.13840213840214,0.0025
38.13850113850114,0.0025
38.13860013860014,0.0025
38.13869913869914,0.0025
38.138798138798144,0.0
38.13889713889714,0.005
38.13899613899614,0.0
38.13909513909514,0.005
38.13919413919414,0.0025
38.139293139293144,0.0025
38.13939213939214,0.0025
38.13949113949114,0.0025
38.13959013959014,0.0
38.13968913968914,0.0
38.139788139788145,0.0
38.13988713988714,0.005
38.13998613998614,0.0025
38.14008514008514,0.0
38.14018414018414,-0.0025
38.140283140283145,0.0
38.140382140382144,0.0
38.14048114048114,0.0
38.14058014058014,0.0
38.14067914067914,-0.0075
38.140778140778146,-0.0025
38.140877140877144,-0.005
38.14097614097614,-0.0075
38.14107514107514,-0.0075
38.14117414117414,-0.01
38.141273141273146,-0.005
38.141372141372145,-0.0025
38.14147114147114,-0.0075
38.14157014157014,-0.0075
38.14166914166914,-0.0075
38.14176814176815,-0.012499999
38.141867141867145,-0.0025
38.141966141966144,-0.0025
38.14206514206514,-0.0075
38.14216414216414,-0.005
38.14226314226315,-0.005
38.142362142362146,-0.0025
38.142461142461144,0.0025
38.14256014256014,-0.005
38.14265914265914,-0.0025
38.14275814275815,0.0
38.142857142857146,-0.0025
38.142956142956145,-0.0025
38.14305514305514,-0.0075
38.14315414315415,-0.005
38.14325314325315,-0.0025
38.143352143352146,-0.005
38.143451143451145,-0.0025
38.143550143550144,-0.0025
38.14364914364915,0.0025
38.14374814374815,0.005
38.14384714384715,0.0025
38.143946143946145,0.0025
38.144045144045144,0.0
38.14414414414415,0.0025
38.14424314424315,0.0
38.14434214434215,0.0
38.144441144441146,0.0
38.144540144540144,-0.005
38.14463914463915,0.0
38.14473814473815,0.005
38.14483714483715,0.0
38.144936144936146,0.0025
38.145035145035145,-0.0025
38.14513414513415,0.0
38.14523314523315,0.0
38.14533214533215,-0.0025
38.14543114543115,0.0
38.145530145530145,-0.0025
38.14562914562915,-0.005
38.14572814572815,-0.0075
38.14582714582715,-0.0075
38.14592614592615,-0.0025
38.146025146025146,0.005
38.14612414612415,-0.0025
38.14622314622315,0.005
38.14632214632215,0.0025
38.14642114642115,-0.005
38.146520146520146,0.0025
38.14661914661915,0.005
38.14671814671815,0.005
38.14681714681715,0.0025
38.14691614691615,-0.0025
38.147015147015146,0.0
38.14711414711415,-0.0025
38.14721314721315,0.0025
38.14731214731215,-0.005
38.14741114741115,0.0025
38.14751014751015,0.005
38.14760914760915,0.01
38.14770814770815,0.01
38.14780714780715,0.0075
38.14790614790615,-0.0025
38.14800514800515,0.0
38.14810414810415,-0.005
38.14820314820315,0.0
38.14830214830215,0.0
38.14840114840115,-0.005
38.14850014850015,0.0025
38.14859914859915,0.005
38.14869814869815,0.0
38.14879714879715,-0.0025
38.14889614889615,0.0025
38.14899514899515,0.005
38.149094149094154,0.012499999
38.14919314919315,0.0025
38.14929214929215,0.01
38.14939114939115,0.01
38.14949014949015,0.0025
38.149589149589154,0.0025
38.14968814968815,0.005
38.14978714978715,0.0075
38.14988614988615,0.0025
38.149985149985156,0.005
38.150084150084155,-0.01
38.15018315018315,0.0025
38.15028215028215,0.0
38.15038115038115,0.0
38.150480150480156,-0.0025
38.150579150579155,-0.005
38.150678150678154,-0.005
38.15077715077715,-0.005
38.15087615087615,-0.0025
38.15097515097516,0.0
38.151074151074155,-0.0025
38.151173151173154,-0.0025
38.15127215127215,-0.0025
38.15137115137115,0.0
38.15147015147016,-0.0025
38.151569151569156,0.0
38.151668151668154,0.0
38.15176715176715,-0.0025
38.15186615186615,0.0025
38.15196515196516,0.0025
38.152064152064156,0.0025
38.152163152163155,0.0025
38.15226215226215,0.0025
38.15236115236115,0.0
38.15246015246016,0.0
38.15255915255916,0.0025
38.152658152658155,0.0025
38.152757152757154,0.0
38.15285615285615,0.0
38.15295515295516,0.0
38.15305415305416,0.0
38.153153153153156,0.0025
38.153252153252154,0.0025
38.15335115335115,0.0025
38.15345015345016,0.0025
38.15354915354916,0.0
38.153648153648156,-0.005
38.153747153747155,-0.0025
38.15384615384615,-0.0025
38.15394515394516,-0.0025
38.15404415404416,-0.0025
38.154143154143156,0.0025
38.154242154242155,0.0025
38.154341154341154,0.0025
38.15444015444016,0.0
38.15453915453916,0.0
38.15463815463816,-0.0025
38.154737154737155,0.0
38.154836154836154,0.005
38.15493515493516,0.005
38.15503415503416,0.0025
38.15513315513316,0.005
38.155232155232156,0.0025
38.155331155331154,0.005
38.15543015543016,0.0
38.15552915552916,0.0
38.15562815562816,-0.0025
38.155727155727156,0.0
38.155826155826155,0.0025
38.15592515592516,0.0025
38.15602415602416,0.005
38.15612315612316,0.0025
38.15622215622216,0.005
38.156321156321155,0.0025
38.15642015642016,0.005
38.15651915651916,0.0025
38.15661815661816,0.0025
38.15671715671716,0.0
38.156816156816156,0.0025
38.15691515691516,-0.0025
38.15701415701416,-0.005
38.15711315711316,-0.005
38.15721215721216,0.0
38.15731115731116,0.0
38.15741015741016,-0.005
38.15750915750916,-0.0025
38.15760815760816,-0.005
38.15770715770716,-0.0075
38.157806157806164,-0.005
38.15790515790516,-0.0025
38.15800415800416,-0.01
38.15810315810316,-0.01
38.15820215820216,-0.0025
38.158301158301164,-0.005
38.15840015840016,0.0
38.15849915849916,-0.01
38.15859815859816,-0.0075
38.15869715869716,-0.0075
38.158796158796164,-0.005
38.15889515889516,-0.005
38.15899415899416,-0.005
38.15909315909316,-0.005
38.15919215919216,-0.0025
38.159291159291165,0.0
38.15939015939016,0.0
38.15948915948916,0.0
38.15958815958816,0.0025
38.15968715968716,0.0025
38.159786159786165,0.0
38.159885159885164,-0.0025
38.15998415998416,0.0025
38.16008316008316,-0.005
38.16018216018216,-0.0025
38.160281160281166,0.0
38.160380160380164,0.0
38.16047916047916,0.0025
38.16057816057816,0.0
38.16067716067716,-0.005
38.160776160776166,-0.005
38.160875160875165,-0.0025
38.16097416097416,-0.0075
38.16107316107316,-0.005
38.16117216117216,-0.0075
38.161271161271166,-0.005
38.161370161370165,-0.005
38.161469161469164,-0.005
38.16156816156816,-0.005
38.16166716166716,-0.005
38.16176616176617,-0.0075
38.161865161865165,-0.005
38.161964161964164,-0.0075
38.16206316206316,-0.005
38.16216216216216,-0.0025
38.16226116226117,-0.005
38.162360162360166,-0.0025
38.162459162459164,-0.0075
38.16255816255816,-0.0075
38.16265716265716,-0.0025
38.16275616275617,-0.0025
38.162855162855166,-0.005
38.162954162954165,0.0
38.16305316305316,-0.005
38.16315216315216,-0.0025
38.16325116325117,-0.0025
38.16335016335017,-0.0075
38.163449163449165,-0.005
38.163548163548164,-0.005
38.16364716364716,-0.0075
38.16374616374617,-0.0075
38.16384516384517,-0.0025
38.163944163944166,-0.0025
38.164043164043164,-0.005
38.16414216414216,-0.0025
38.16424116424117,-0.0025
38.16434016434017,-0.0025
38.164439164439166,-0.005
38.164538164538165,-0.0075
38.16463716463717,-0.0025
38.16473616473617,0.0
38.16483516483517,0.0
38.16493416493417,-0.0025
38.165033165033165,-0.0025
38.16513216513217,0.0025
38.16523116523117,0.0025
38.16533016533017,0.005
38.16542916542917,0.0
38.165528165528166,0.01
38.16562716562717,0.0075
38.16572616572617,0.005
38.16582516582517,0.0025
38.16592416592417,0.0025
38.166023166023166,0.0
38.16612216612217,0.005
38.16622116622117,0.0075
38.16632016632017,0.0075
38.16641916641917,0.005
38.166518166518166,0.0025
38.16661716661717,0.0075
38.16671616671617,0.005
38.16681516681517,0.0025
38.16691416691417,0.0025
38.16701316701317,0.0025
38.16711216711217,0.0075
38.16721116721117,0.005
38.16731016731017,0.005
38.16740916740917,0.005
38.16750816750817,0.005
38.16760716760717,0.005
38.16770616770617,0.0025
38.16780516780517,0.005
38.16790416790417,0.0025
38.16800316800317,0.0025
38.16810216810217,0.0
38.16820116820117,0.0025
38.16830016830017,0.0025
38.16839916839917,0.0025
38.16849816849817,0.0
38.168597168597174,0.0025
38.16869616869617,0.0025
38.16879516879517,0.005
38.16889416889417,0.005
38.16899316899317,0.0025
38.169092169092174,-0.0025
38.16919116919117,0.0025
38.16929016929017,0.005
38.16938916938917,0.005
38.16948816948817,0.005
38.169587169587174,0.0
38.16968616968617,0.0025
38.16978516978517,0.0025
38.16988416988417,0.0
38.16998316998317,0.0025
38.170082170082175,0.0
38.17018117018117,-0.0025
38.17028017028017,0.005
38.17037917037917,0.0025
38.17047817047817,0.0
38.170577170577175,0.005
38.170676170676174,0.005
38.17077517077517,0.005
38.17087417087417,0.0025
38.17097317097317,0.0025
38.171072171072176,0.0025
38.171171171171174,0.0
38.17127017127017,0.0025
38.17136917136917,0.0025
38.17146817146818,0.005
38.171567171567176,0.0075
38.171666171666175,0.005
38.17176517176517,0.005
38.17186417186417,0.005
38.17196317196318,0.005
38.172062172062176,0.0025
38.172161172161175,0.005
38.172260172260174,0.0075
38.17235917235917,0.0025
38.17245817245818,0.005
38.17255717255718,0.0025
38.172656172656175,0.005
38.172755172755174,0.005
38.17285417285417,0.005
38.17295317295318,0.005
38.17305217305218,0.0025
38.173151173151176,0.005
38.173250173250175,0.0025
38.17334917334917,0.0
38.17344817344818,0.0025
38.17354717354718,0.005
38.173646173646176,0.005
38.173745173745175,0.0075
38.173844173844174,0.0
38.17394317394318,0.0
38.17404217404218,0.0025
38.17414117414118,0.0025
38.174240174240175,0.0
38.174339174339174,-0.005
38.17443817443818,-0.0025
38.17453717453718,0.0
38.17463617463618,0.0
38.174735174735176,0.0
38.174834174834174,0.005
38.17493317493318,0.0025
38.17503217503218,0.0025
38.17513117513118,-0.005
38.175230175230176,-0.005
38.175329175329175,0.0
38.17542817542818,0.0025
38.17552717552718,0.0
38.17562617562618,-0.0025
38.17572517572518,0.0
38.175824175824175,0.0
38.17592317592318,-0.0025
38.17602217602218,0.0
38.17612117612118,0.0
38.17622017622018,0.0
38.176319176319176,0.0025
38.17641817641818,0.0
38.17651717651718,-0.0025
38.17661617661618,-0.0025
38.17671517671518,0.0025
38.176814176814176,0.005
38.17691317691318,0.01
38.17701217701218,0.0075
38.17711117711118,0.0025
38.17721017721018,0.0
38.177309177309176,0.0
38.17740817740818,0.0075
38.17750717750718,0.005
38.17760617760618,0.0025
38.17770517770518,0.0025
38.17780417780418,0.0
38.17790317790318,0.005
38.17800217800218,0.0025
38.17810117810118,0.005
38.17820017820018,-0.005
38.17829917829918,0.0025
38.17839817839818,0.0025
38.17849717849718,0.0
38.17859617859618,0.0
38.17869517869518,0.0
38.178794178794185,-0.0025
38.17889317889318,-0.005
38.17899217899218,-0.005
38.17909117909118,-0.0025
38.17919017919018,0.0025
38.179289179289185,0.0
38.179388179388184,0.0025
38.17948717948718,-0.005
38.17958617958618,-0.0025
38.17968517968518,-0.0075
38.179784179784185,-0.0075
38.179883179883184,0.0
38.17998217998218,-0.0025
38.18008118008118,-0.01
38.18018018018018,-0.01
38.180279180279186,-0.005
38.180378180378185,0.0
38.18047718047718,0.0
38.18057618057618,-0.005
38.18067518067518,-0.005
38.180774180774186,0.0025
38.180873180873185,-0.0025
38.180972180972184,0.0
38.18107118107118,0.0
38.18117018117018,0.0
38.18126918126919,0.0
38.181368181368185,0.0
38.181467181467184,-0.0025
38.18156618156618,-0.0025
38.18166518166518,0.0
38.18176418176419,0.0
38.181863181863186,-0.005
38.181962181962184,-0.005
38.18206118206118,0.0
38.18216018216018,0.005
38.18225918225919,0.0025
38.182358182358186,0.0025
38.182457182457185,0.005
38.18255618255618,0.0025
38.18265518265518,0.005
38.18275418275419,0.005
38.18285318285319,0.005
38.182952182952185,0.005
38.183051183051184,0.0025
38.18315018315018,0.0025
38.18324918324919,0.005
38.18334818334819,0.0
38.183447183447186,0.01
38.183546183546184,0.0075
38.18364518364518,0.0075
38.18374418374419,0.0075
38.18384318384319,0.0025
38.183942183942186,0.0025
38.184041184041185,0.005
38.18414018414018,0.0
38.18423918423919,0.0025
38.18433818433819,0.0025
38.184437184437186,0.0025
38.184536184536185,0.0
38.184635184635184,0.0025
38.18473418473419,0.0025
38.18483318483319,0.0
38.18493218493219,0.0
38.185031185031185,0.0025
38.185130185130184,-0.0025
38.18522918522919,-0.0025
38.18532818532819,-0.0025
38.18542718542719,0.0
38.185526185526186,0.0
38.185625185625184,0.0
38.18572418572419,-0.0025
38.18582318582319,0.0
38.18592218592219,-0.005
38.186021186021186,-0.0025
38.18612018612019,-0.005
38.18621918621919,-0.005
38.18631818631819,-0.005
38.18641718641719,-0.0025
38.18651618651619,0.0
38.18661518661519,-0.0025
38.18671418671419,-0.0025
38.18681318681319,-0.0025
38.18691218691219,0.0025
38.18701118701119,-0.005
38.18711018711019,-0.0025
38.18720918720919,0.0
38.18730818730819,-0.0025
38.18740718740719,-0.005
38.18750618750619,-0.0025
38.18760518760519,0.0
38.18770418770419,0.0
38.18780318780319,0.0
38.18790218790219,0.0025
38.18800118800119,0.0025
38.188100188100194,0.0025
38.18819918819919,0.0025
38.18829818829819,0.0
38.18839718839719,0.0025
38.18849618849619,0.005
38.188595188595194,0.005
38.18869418869419,0.005
38.18879318879319,0.005
38.18889218889219,0.005
38.18899118899119,0.0025
38.189090189090194,0.0
38.18918918918919,0.0
38.18928818928819,0.0025
38.18938718938719,0.0
38.18948618948619,0.0
38.189585189585195,0.0
38.18968418968419,0.0
38.18978318978319,0.0
38.18988218988219,0.0
38.18998118998119,0.0025
38.190080190080195,0.0
38.190179190179194,0.0
38.19027819027819,0.0
38.19037719037719,0.0
38.19047619047619,0.0
38.190575190575196,0.0
38.190674190674194,-0.0025
38.19077319077319,0.0
38.19087219087219,-0.0025
38.19097119097119,-0.005
38.191070191070196,-0.005
38.191169191169195,-0.0025
38.19126819126819,-0.0025
38.19136719136719,-0.005
38.19146619146619,-0.005
38.191565191565196,-0.005
38.191664191664195,-0.0025
38.191763191763194,-0.005
38.19186219186219,-0.005
38.19196119196119,-0.0025
38.1920601920602,-0.005
38.192159192159195,-0.0075
38.192258192258194,-0.0075
38.19235719235719,-0.005
38.19245619245619,-0.0025
38.1925551925552,-0.0025
38.192654192654196,0.0
38.192753192753194,-0.005
38.19285219285219,-0.0025
38.19295119295119,0.0
38.1930501930502,-0.0025
38.193149193149196,0.0025
38.193248193248195,0.0025
38.19334719334719,-0.0025
38.1934461934462,0.0
38.1935451935452,-0.0025
38.1936441936442,-0.0025
38.193743193743195,-0.0025
38.193842193842194,0.0025
38.1939411939412,-0.0025
38.1940401940402,-0.005
38.1941391941392,0.0
38.194238194238196,0.0
38.194337194337194,0.0025
38.1944361944362,0.0025
38.1945351945352,0.0025
38.1946341946342,0.0
38.194733194733196,-0.0025
38.194832194832195,0.0025
38.1949311949312,0.0025
38.1950301950302,0.0025
38.1951291951292,-0.005
38.1952281952282,0.0025
38.195327195327195,0.0
38.1954261954262,0.0
38.1955251955252,0.0
38.1956241956242,0.0
38.1957231957232,0.0
38.195822195822196,0.0
38.1959211959212,-0.005
38.1960201960202,0.0
38.1961191961192,0.0
38.1962181962182,0.0025
38.196317196317196,0.0
38.1964161964162,0.0
38.1965151965152,0.0
38.1966141966142,-0.0025
38.1967131967132,-0.0025
38.196812196812196,0.0025
38.1969111969112,0.0
38.1970101970102,-0.0025
38.1971091971092,0.005
38.1972081972082,0.0
38.1973071973072,0.0
38.1974061974062,-0.0025
38.1975051975052,0.0
38.1976041976042,-0.0025
38.1977031977032,-0.005
38.1978021978022,0.0
38.1979011979012,-0.0025
38.1980001980002,-0.0025
38.1980991980992,0.0025
38.1981981981982,-0.0025
38.1982971982972,-0.005
38.1983961983962,-0.005
38.1984951984952,-0.0025
38.1985941985942,0.0
38.1986931986932,-0.0025
38.1987921987922,-0.0025
38.198891198891204,-0.0025
38.1989901989902,-0.0025
38.1990891990892,-0.0025
38.1991881991882,0.0
38.1992871992872,0.0025
38.199386199386204,0.005
38.1994851994852,0.0
38.1995841995842,-0.0025
38.1996831996832,0.005
38.1997821997822,0.005
38.199881199881204,0.005
38.1999801999802,0.0025
38.2000792000792,0.0
38.2001782001782,0.0025
38.200277200277206,0.005
38.200376200376205,0.0025
38.2004752004752,0.0
38.2005742005742,0.0
38.2006732006732,0.0025
38.20077220077221,0.0025
38.200871200871205,0.0025
38.200970200970204,0.005
38.2010692010692,0.0025
38.2011682011682,0.0025
38.20126720126721,0.0
38.201366201366206,0.0
38.201465201465204,0.0025
38.2015642015642,0.005
38.2016632016632,0.0025
38.20176220176221,0.0025
38.201861201861206,0.005
38.201960201960205,0.0025
38.2020592020592,0.0025
38.2021582021582,0.0025
38.20225720225721,0.005
38.202356202356206,0.005
38.202455202455205,0.0075
38.202554202554204,0.005
38.2026532026532,0.0025
38.20275220275221,0.0075
38.20285120285121,0.0025
38.202950202950205,0.005
38.203049203049204,0.0025
38.2031482031482,0.005
38.20324720324721,0.0025
38.20334620334621,0.0
38.203445203445206,0.0
38.203544203544205,0.0
38.2036432036432,0.0
38.20374220374221,0.0
38.20384120384121,0.0
38.203940203940206,0.005
38.204039204039205,0.0025
38.204138204138204,0.005
38.20423720423721,0.005
38.20433620433621,0.0025
38.20443520443521,-0.0025
38.204534204534205,0.0
38.204633204633204,0.005
38.20473220473221,0.005
38.20483120483121,0.0075
38.20493020493021,0.005
38.205029205029206,-0.0025
38.205128205128204,0.0
38.20522720522721,0.005
38.20532620532621,0.005
38.20542520542521,0.0075
38.205524205524206,0.0025
38.205623205623205,0.0025
38.20572220572221,0.0025
38.20582120582121,0.005
38.20592020592021,0.005
38.20601920601921,0.0025
38.206118206118205,0.005
38.20621720621721,0.0
38.20631620631621,0.0
38.20641520641521,0.005
38.20651420651421,0.0025
38.206613206613206,0.0025
38.20671220671221,0.0025
38.20681120681121,0.005
38.20691020691021,0.005
38.20700920700921,0.005
38.207108207108206,0.0
38.20720720720721,0.0025
38.20730620730621,0.0
38.20740520740521,0.0
38.20750420750421,-0.0025
38.20760320760321,0.0025
38.20770220770221,-0.0075
38.20780120780121,-0.0025
38.20790020790021,-0.0025
38.20799920799921,-0.0025
38.208098208098214,0.0025
38.20819720819721,-0.0025
38.20829620829621,-0.0025
38.20839520839521,0.0025
38.20849420849421,-0.0025
38.208593208593214,0.0025
38.20869220869221,-0.005
38.20879120879121,-0.0025
38.20889020889021,-0.0025
38.20898920898921,-0.0075
38.209088209088215,-0.0025
38.20918720918721,0.0
38.20928620928621,0.0025
38.20938520938521,-0.0025
38.20948420948421,-0.005
38.209583209583215,0.0025
38.209682209682214,0.0
38.20978120978121,0.0025
38.20988020988021,0.005
38.20997920997921,0.0
38.210078210078215,0.0025
38.210177210177214,0.005
38.21027621027621,0.005
38.21037521037521,0.0025
38.21047421047421,0.0025
38.210573210573216,0.0025
38.210672210672215,0.0025
38.21077121077121,0.0075
38.21087021087021,0.005
38.21096921096921,0.005
38.211068211068216,0.0025
38.211167211167215,0.0
38.211266211266214,0.0
38.21136521136521,0.0
38.21146421146421,0.0075
38.21156321156322,0.005
38.211662211662215,0.0025
38.211761211761214,0.0025
38.21186021186021,0.0025
38.21195921195921,-0.0025
38.21205821205822,0.0025
38.212157212157216,0.0025
38.212256212256214,0.0025
38.21235521235521,0.0
38.21245421245421,0.0025
38.21255321255322,-0.005
38.212652212652216,0.0
38.212751212751215,0.0
38.21285021285021,0.0
38.21294921294921,0.0
38.21304821304822,0.0
38.21314721314722,0.0025
38.213246213246215,-0.005
38.213345213345214,-0.005
38.21344421344421,-0.005
38.21354321354322,0.0
38.21364221364222,0.0
38.213741213741216,0.0025
38.213840213840214,0.0
38.21393921393921,0.0
38.21403821403822,0.0
38.21413721413722,0.005
38.214236214236216,0.0025
38.214335214335215,0.005
38.21443421443421,0.0025
38.21453321453322,0.0025
38.21463221463222,0.0
38.214731214731216,0.0025
38.214830214830215,-0.0025
38.21492921492922,-0.0025
38.21502821502822,-0.0025
38.21512721512722,0.0025
38.21522621522622,0.0
38.215325215325215,-0.005
38.21542421542422,0.0
38.21552321552322,-0.0025
38.21562221562222,-0.005
38.21572121572122,-0.0025
38.215820215820216,0.0025
38.21591921591922,0.0025
38.21601821601822,0.0025
38.21611721611722,0.005
38.21621621621622,0.0075
38.216315216315216,0.005
38.21641421641422,0.005
38.21651321651322,0.005
38.21661221661222,0.005
38.21671121671122,0.0075
38.21681021681022,0.005
38.21690921690922,0.005
38.21700821700822,0.005
38.21710721710722,0.005
38.21720621720622,0.005
38.21730521730522,0.0025
38.21740421740422,0.005
38.21750321750322,0.0025
38.21760221760222,0.0025
38.21770121770122,0.005
38.21780021780022,0.005
38.21789921789922,0.0075
38.21799821799822,0.005
38.21809721809722,0.0
38.21819621819622,0.0
38.21829521829522,0.0
38.218394218394224,0.005
38.21849321849322,0.005
38.21859221859222,0.0075
38.21869121869122,0.005
38.21879021879022,-0.0025
38.218889218889224,0.005
38.21898821898822,0.0
38.21908721908722,0.0025
38.21918621918622,0.0
38.21928521928522,-0.0025
38.219384219384224,0.0
38.21948321948322,0.0
38.21958221958222,-0.0025
38.21968121968122,-0.0025
38.21978021978022,0.0025
38.219879219879225,-0.0025
38.21997821997822,0.0
38.22007722007722,0.0
38.22017622017622,0.0
38.22027522027522,0.0025
38.220374220374225,0.005
38.220473220473224,0.0025
38.22057222057222,-0.0025
38.22067122067122,0.0025
38.22077022077022,0.005
38.220869220869226,0.0
38.220968220968224,0.005
38.22106722106722,0.0025
38.22116622116622,0.0
38.22126522126522,0.005
38.221364221364226,0.005
38.221463221463225,0.0025
38.22156222156222,0.0025
38.22166122166122,0.0025
38.22176022176022,0.0075
38.221859221859226,0.005
38.221958221958225,0.005
38.222057222057224,0.005
38.22215622215622,0.005
38.22225522225523,-0.005
38.22235422235423,0.0025
38.222453222453225,0.005
38.222552222552224,-0.0025
38.22265122265122,0.0
38.22275022275023,0.005
38.22284922284923,0.0025
38.222948222948226,0.005
38.223047223047224,0.005
38.22314622314622,0.0025
38.22324522324523,0.0025
38.22334422334423,0.0
38.223443223443226,0.005
38.223542223542225,0.0025
38.22364122364122,0.0025
38.22374022374023,0.0025
38.22383922383923,0.0
38.22393822393823,0.0
38.224037224037225,-0.0025
38.224136224136224,0.0
38.22423522423523,-0.005
38.22433422433423,-0.005
38.22443322443323,-0.0025
38.224532224532226,0.0
38.224631224631224,0.005
38.22473022473023,0.0
38.22482922482923,0.0
38.22492822492823,0.0
38.225027225027226,0.0
38.225126225126225,0.0
38.22522522522523,-0.005
38.22532422532423,-0.0075
38.22542322542323,-0.005
38.22552222552223,-0.01
38.225621225621225,-0.0025
38.22572022572023,-0.005
38.22581922581923,-0.005
38.22591822591823,-0.0075
38.22601722601723,-0.005
38.226116226116226,-0.0025
38.22621522621523,0.0
38.22631422631423,-0.005
38.22641322641323,-0.0025
38.22651222651223,0.0025
38.226611226611226,0.0025
38.22671022671023,0.0
38.22680922680923,0.0
38.22690822690823,-0.0025
38.22700722700723,0.0
38.227106227106226,0.0
38.22720522720523,0.0
38.22730422730423,-0.0025
38.22740322740323,0.0
38.22750222750223,0.0025
38.22760122760123,0.0025
38.22770022770023,0.0025
38.22779922779923,0.0025
38.22789822789823,0.0025
38.22799722799723,-0.005
38.22809622809623,-0.005
38.22819522819523,-0.0025
38.22829422829423,-0.0025
38.22839322839323,-0.0025
38.22849222849223,-0.0025
38.22859122859123,0.0025
38.22869022869023,0.0
38.22878922878923,-0.0025
38.22888822888823,-0.0025
38.22898722898723,-0.0075
38.229086229086235,-0.0025
38.229185229185234,-0.005
38.22928422928423,-0.0075
38.22938322938323,-0.0025
38.22948222948223,-0.0025
38.229581229581235,-0.0025
38.229680229680234,0.0
38.22977922977923,0.0
38.22987822987823,0.0
38.22997722997723,-0.005
38.230076230076236,-0.0025
38.230175230175234,0.0025
38.23027423027423,0.0025
38.23037323037323,0.0025
38.23047223047223,0.0
38.230571230571236,-0.0025
38.230670230670235,-0.0025
38.23076923076923,-0.0025
38.23086823086823,-0.005
38.23096723096723,-0.01
38.23106623106624,-0.005
38.231165231165235,-0.0025
38.231264231264234,0.0
38.23136323136323,0.0
38.23146223146223,-0.0025
38.23156123156124,-0.0025
38.231660231660236,-0.0025
38.231759231759234,0.0
38.23185823185823,0.0
38.23195723195723,0.0
38.23205623205624,0.0025
38.232155232155236,-0.0025
38.232254232254235,-0.0025
38.23235323235323,0.005
38.23245223245223,0.005
38.23255123255124,0.0025
38.232650232650236,0.0025
38.232749232749235,0.005
38.232848232848234,0.005
38.23294723294723,0.005
38.23304623304624,0.005
38.23314523314524,0.005
38.233244233244235,0.005
38.233343233343234,0.005
38.23344223344223,0.005
38.23354123354124,0.0025
38.23364023364024,0.005
38.233739233739236,0.005
38.233838233838235,0.0025
38.23393723393723,0.005
38.23403623403624,0.005
38.23413523413524,0.0
38.234234234234236,-0.005
38.234333234333235,0.0
38.234432234432234,-0.0025
38.23453123453124,0.0
38.23463023463024,0.0025
38.23472923472924,0.0025
38.234828234828235,0.0
38.234927234927234,0.0
38.23502623502624,0.0025
38.23512523512524,0.005
38.23522423522424,-0.0025
38.235323235323236,-0.005
38.235422235422234,-0.0025
38.23552123552124,0.0025
38.23562023562024,-0.0025
38.23571923571924,-0.0025
38.235818235818236,-0.005
38.235917235917235,0.0025
38.23601623601624,-0.0025
38.23611523611524,-0.0025
38.23621423621424,0.0
38.23631323631324,-0.0025
38.23641223641224,-0.005
38.23651123651124,-0.0025
38.23661023661024,-0.0025
38.23670923670924,-0.0025
38.23680823680824,0.0
38.23690723690724,-0.0025
38.23700623700624,-0.0025
38.23710523710524,-0.0025
38.23720423720424,-0.0025
38.23730323730324,0.0025
38.23740223740224,0.0
38.23750123750124,-0.0025
38.23760023760024,0.0
38.23769923769924,0.005
38.23779823779824,-0.0025
38.23789723789724,0.0
38.23799623799624,0.0025
38.23809523809524,-0.0025
38.23819423819424,0.0
38.23829323829324,-0.0025
38.238392238392244,-0.005
38.23849123849124,0.0
38.23859023859024,0.0
38.23868923868924,0.0025
38.23878823878824,0.0
38.238887238887244,0.0025
38.23898623898624,-0.005
38.23908523908524,-0.0025
38.23918423918424,0.0025
38.23928323928324,0.0
38.239382239382245,0.0
38.23948123948124,0.0
38.23958023958024,-0.0025
38.23967923967924,0.0025
38.23977823977824,0.0
38.239877239877245,0.005
38.239976239976244,0.0025
38.24007524007524,0.005
38.24017424017424,0.0075
38.24027324027324,0.0
38.240372240372245,0.0
38.240471240471244,0.0
38.24057024057024,0.0
38.24066924066924,-0.0025
38.24076824076824,0.0
38.240867240867246,0.0
38.240966240966245,-0.0025
38.24106524106524,-0.005
38.24116424116424,-0.0075
38.24126324126324,-0.0075
38.241362241362246,-0.0025
38.241461241461245,-0.005
38.241560241560244,-0.005
38.24165924165924,-0.005
38.24175824175824,-0.005
38.24185724185725,-0.005
38.241956241956245,-0.005
38.242055242055244,-0.005
38.24215424215424,0.0
38.24225324225324,-0.0025
38.24235224235225,0.0
38.242451242451246,-0.0025
38.242550242550244,0.0
38.24264924264924,-0.0025
38.24274824274824,-0.0025
38.24284724284725,-0.0025
38.242946242946246,-0.0025
38.243045243045245,-0.0025
38.24314424314424,-0.0025
38.24324324324324,-0.005
38.24334224334225,0.0
38.24344124344125,0.0025
38.243540243540245,0.0075
38.243639243639244,0.0025
38.24373824373825,0.0025
38.24383724383725,0.0025
38.24393624393625,0.0
38.244035244035246,0.0025
38.244134244134244,0.0
38.24423324423325,0.0
38.24433224433225,0.0025
38.24443124443125,0.0025
38.244530244530246,0.0
38.244629244629245,-0.0025
38.24472824472825,-0.0025
38.24482724482725,-0.0025
38.24492624492625,0.0025
38.245025245025246,-0.005
38.245124245124245,-0.005
38.24522324522325,0.0
38.24532224532225,0.0
38.24542124542125,0.005
38.24552024552025,0.0
38.245619245619245,-0.0025
38.24571824571825,-0.0025
38.24581724581725,-0.005
38.24591624591625,-0.005
38.24601524601525,-0.005
38.246114246114246,-0.005
38.24621324621325,-0.0025
38.24631224631225,0.0
38.24641124641125,-0.005
38.24651024651025,-0.005
38.246609246609246,-0.005
38.24670824670825,-0.0075
38.24680724680725,-0.005
38.24690624690625,0.0
38.24700524700525,-0.005
38.24710424710425,-0.005
38.24720324720325,-0.0025
38.24730224730225,0.0
38.24740124740125,-0.0025
38.24750024750025,0.0
38.24759924759925,0.0
38.24769824769825,-0.0025
38.24779724779725,-0.0075
38.24789624789625,-0.0075
38.24799524799525,0.0
38.24809424809425,0.0
38.24819324819325,-0.005
38.24829224829225,-0.005
38.24839124839125,-0.0025
38.24849024849025,0.0
38.24858924858925,-0.0025
38.248688248688254,0.0
38.24878724878725,0.0
38.24888624888625,-0.005
38.24898524898525,-0.005
38.24908424908425,-0.005
38.249183249183254,-0.0025
38.24928224928225,0.0
38.24938124938125,0.0025
38.24948024948025,0.0
38.24957924957925,0.005
38.249678249678254,0.0
38.24977724977725,0.0
38.24987624987625,0.005
38.24997524997525,0.0
38.25007425007425,0.005
38.250173250173255,0.0025
38.25027225027225,0.005
38.25037125037125,0.0025
38.25047025047025,0.0025
38.25056925056925,0.0025
38.250668250668255,0.0025
38.250767250767254,0.0
38.25086625086625,0.0
38.25096525096525,0.0
38.25106425106426,0.0025
38.251163251163256,0.0
38.251262251262254,0.0025
38.25136125136125,-0.0025
38.25146025146025,0.0
38.25155925155926,-0.005
38.251658251658256,0.0
38.251757251757255,-0.0025
38.25185625185625,-0.0025
38.25195525195525,-0.0025
38.25205425205426,0.0
38.252153252153256,-0.0025
38.252252252252255,-0.0025
38.252351252351254,-0.0025
38.25245025245025,0.0
38.25254925254926,-0.0025
38.25264825264826,-0.0025
38.252747252747255,0.0
38.252846252846254,0.0
38.25294525294525,-0.005
38.25304425304426,0.0
38.25314325314326,-0.0025
38.253242253242256,0.0
38.253341253341254,-0.0025
38.25344025344025,-0.005
38.25353925353926,-0.0025
38.25363825363826,-0.005
38.253737253737256,-0.0025
38.253836253836255,-0.005
38.25393525393525,-0.0025
38.25403425403426,-0.0025
38.25413325413326,-0.0025
38.25423225423226,0.0
38.254331254331255,-0.0025
38.254430254430254,0.0
38.25452925452926,0.0
38.25462825462826,-0.0025
38.25472725472726,-0.0025
38.254826254826256,-0.0025
38.254925254925254,-0.0025
38.25502425502426,-0.005
38.25512325512326,0.0025
38.25522225522226,0.0
38.255321255321256,0.0
38.255420255420255,0.0
38.25551925551926,0.0025
38.25561825561826,0.0025
38.25571725571726,0.0
38.255816255816256,0.0025
38.255915255915255,0.0
38.25601425601426,0.0
38.25611325611326,0.0025
38.25621225621226,0.0
38.25631125631126,0.0025
38.256410256410255,0.005
38.25650925650926,0.0
38.25660825660826,0.0
38.25670725670726,0.0
38.25680625680626,-0.0025
38.256905256905256,0.0
38.25700425700426,-0.0025
38.25710325710326,-0.0025
38.25720225720226,-0.0025
38.25730125730126,0.0025
38.257400257400256,-0.0025
38.25749925749926,-0.005
38.25759825759826,0.0
38.25769725769726,0.0
38.25779625779626,-0.0075
38.257895257895264,-0.005
38.25799425799426,-0.005
38.25809325809326,-0.0075
38.25819225819226,-0.005
38.25829125829126,-0.005
38.258390258390264,-0.0025
38.25848925848926,0.0
38.25858825858826,0.0
38.25868725868726,-0.0025
38.25878625878626,-0.0025
38.258885258885265,-0.0025
38.25898425898426,-0.005
38.25908325908326,-0.0025
38.25918225918226,-0.0075
38.25928125928126,-0.005
38.259380259380265,-0.0025
38.259479259479264,-0.0075
38.25957825957826,-0.005
38.25967725967726,-0.0025
38.25977625977626,-0.0025
38.259875259875265,-0.005
38.259974259974264,-0.01
38.26007326007326,-0.005
38.26017226017226,-0.0025
38.26027126027126,-0.0075
38.260370260370266,-0.0075
38.260469260469264,-0.01
38.26056826056826,-0.005
38.26066726066726,-0.0025
38.26076626076626,-0.0025
38.260865260865266,-0.005
38.260964260964265,-0.005
38.26106326106326,-0.0025
38.26116226116226,-0.0075
38.26126126126126,-0.0075
38.26136026136027,-0.0025
38.261459261459265,-0.0075
38.261558261558264,-0.01
38.26165726165726,-0.0025
38.26175626175626,0.0
38.26185526185527,-0.0075
38.261954261954266,-0.0075
38.262053262053264,-0.005
38.26215226215226,-0.005
38.26225126225126,-0.0075
38.26235026235027,-0.0075
38.262449262449266,0.0
38.262548262548265,0.0
38.26264726264726,0.0
38.26274626274626,0.0
38.26284526284527,-0.005
38.262944262944266,-0.005
38.263043263043265,-0.0025
38.263142263142264,-0.0025
38.26324126324126,-0.0025
38.26334026334027,0.0025
38.26343926343927,0.0
38.263538263538265,-0.0025
38.263637263637264,0.0025
38.26373626373626,-0.0075
38.26383526383527,-0.005
38.26393426393427,0.0
38.264033264033266,-0.005
38.264132264132265,0.0025
38.26423126423126,0.0
38.26433026433027,0.0
38.26442926442927,0.0025
38.264528264528266,0.005
38.264627264627265,0.005
38.264726264726264,0.005
38.26482526482527,0.0025
38.26492426492427,0.005
38.26502326502327,0.0
38.265122265122265,0.0
38.26522126522127,0.0
38.26532026532027,0.005
38.26541926541927,0.0025
38.26551826551827,0.0025
38.265617265617266,0.0025
38.26571626571627,0.005
38.26581526581527,0.005
38.26591426591427,0.005
38.26601326601327,0.0075
38.266112266112266,0.0075
38.26621126621127,0.0
38.26631026631027,0.005
38.26640926640927,0.0025
38.26650826650827,0.0025
38.26660726660727,0.0025
38.26670626670627,0.005
38.26680526680527,0.0025
38.26690426690427,0.005
38.26700326700327,0.0025
38.26710226710227,0.005
38.26720126720127,0.005
38.26730026730027,0.005
38.26739926739927,0.0025
38.26749826749827,0.0
38.26759726759727,0.0025
38.26769626769627,0.005
38.26779526779527,0.005
38.26789426789427,0.005
38.26799326799327,0.0075
38.26809226809227,0.0075
38.26819126819127,0.0025
38.26829026829027,0.0025
38.26838926838927,0.0
38.26848826848827,0.0025
38.26858726858727,0.0025
38.268686268686274,0.005
38.26878526878527,0.0
38.26888426888427,0.0
38.26898326898327,0.005
38.26908226908227,-0.0025
38.269181269181274,0.0
38.26928026928027,0.005
38.26937926937927,0.0
38.26947826947827,0.0
38.26957726957727,-0.0025
38.269676269676275,0.0
38.26977526977527,0.0025
38.26987426987427,0.0075
38.26997326997327,0.0025
38.27007227007227,-0.0025
38.270171270171275,0.0
38.270270270270274,0.0025
38.27036927036927,0.0025
38.27046827046827,0.0025
38.27056727056727,0.0025
38.270666270666275,0.0
38.270765270765274,-0.0025
38.27086427086427,0.005
38.27096327096327,0.0025
38.27106227106227,0.0025
38.271161271161276,0.005
38.271260271260275,0.005
38.27135927135927,0.0
38.27145827145827,0.0
38.27155727155727,0.0
38.271656271656276,-0.0025
38.271755271755275,0.0
38.271854271854274,-0.0025
38.27195327195327,0.0
38.27205227205227,0.0025
38.27215127215128,0.0
38.272250272250275,0.0
38.272349272349274,-0.0025
38.27244827244827,0.0
38.27254727254728,0.0
38.27264627264628,0.0
38.272745272745276,0.0
38.272844272844274,-0.0025
38.27294327294327,-0.0025
38.27304227304228,-0.005
38.27314127314128,-0.0025
38.273240273240276,-0.005
38.273339273339275,-0.005
38.27343827343827,-0.005
38.27353727353728,-0.005
38.27363627363628,-0.0025
38.27373527373528,-0.005
38.273834273834275,-0.0075
38.273933273933274,-0.0075
38.27403227403228,-0.0075
38.27413127413128,-0.01
38.27423027423028,-0.01
38.274329274329276,-0.0075
38.274428274428274,-0.01
38.27452727452728,-0.01
38.27462627462628,-0.01
38.27472527472528,-0.01
38.274824274824276,-0.005
38.274923274923275,-0.005
38.27502227502228,-0.0075
38.27512127512128,-0.005
38.27522027522028,-0.01
38.275319275319276,-0.005
38.275418275418275,-0.0075
38.27551727551728,-0.0075
38.27561627561628,-0.01
38.27571527571528,-0.01
38.27581427581428,-0.012499999
38.275913275913275,-0.005
38.27601227601228,-0.0075
38.27611127611128,-0.0075
