Tiempo (s),Datos
134.83664983664985,0.0025
134.83674883674885,0.0025
134.83684783684785,0.0025
134.83694683694685,0.0025
134.83704583704585,0.0075
134.83714483714485,0.0025
134.83724383724385,0.005
134.83734283734285,0.005
134.83744183744184,0.005
134.83754083754084,0.005
134.83763983763984,0.0025
134.83773883773884,0.005
134.83783783783784,0.005
134.83793683793684,0.01
134.83803583803584,0.0075
134.83813483813483,0.005
134.83823383823383,0.005
134.83833283833286,0.0025
134.83843183843186,0.005
134.83853083853086,0.005
134.83862983862986,0.005
134.83872883872885,0.0075
134.83882783882785,0.005
134.83892683892685,0.0025
134.83902583902585,0.0025
134.83912483912485,0.0025
134.83922383922385,0.005
134.83932283932285,0.005
134.83942183942185,0.005
134.83952083952084,0.005
134.83961983961984,0.0025
134.83971883971884,0.0
134.83981783981784,0.0025
134.83991683991684,0.0025
134.84001584001584,0.005
134.84011484011484,0.005
134.84021384021383,0.005
134.84031284031286,0.0075
134.84041184041186,0.005
134.84051084051086,0.005
134.84060984060986,0.0
134.84070884070886,0.005
134.84080784080786,0.005
134.84090684090685,0.0025
134.84100584100585,0.0
134.84110484110485,0.0
134.84120384120385,0.0025
134.84130284130285,0.0075
134.84140184140185,0.0025
134.84150084150085,0.0025
134.84159984159984,0.0
134.84169884169884,-0.0025
134.84179784179784,0.0
134.84189684189684,0.0
134.84199584199584,-0.0025
134.84209484209484,-0.0025
134.84219384219384,-0.0025
134.84229284229286,0.0
134.84239184239186,0.0
134.84249084249086,-0.0025
134.84258984258986,0.0025
134.84268884268886,0.0025
134.84278784278786,0.01
134.84288684288686,0.0025
134.84298584298585,0.0025
134.84308484308485,0.0075
134.84318384318385,0.0075
134.84328284328285,0.005
134.84338184338185,0.005
134.84348084348085,0.005
134.84357984357985,0.0075
134.84367884367884,0.0075
134.84377784377784,0.005
134.84387684387684,0.005
134.84397584397584,0.0
134.84407484407484,-0.0025
134.84417384417387,0.0
134.84427284427287,0.005
134.84437184437186,0.005
134.84447084447086,0.0025
134.84456984456986,0.0025
134.84466884466886,0.005
134.84476784476786,0.0025
134.84486684486686,0.0075
134.84496584496586,0.0075
134.84506484506485,0.012499999
134.84516384516385,0.01
134.84526284526285,0.0025
134.84536184536185,0.005
134.84546084546085,0.0025
134.84555984555985,0.005
134.84565884565885,0.005
134.84575784575784,0.0075
134.84585684585684,0.005
134.84595584595584,0.0025
134.84605484605484,-0.0025
134.84615384615387,0.0025
134.84625284625287,0.0
134.84635184635187,0.0025
134.84645084645086,0.0025
134.84654984654986,0.0
134.84664884664886,-0.0025
134.84674784674786,-0.0025
134.84684684684686,-0.0025
134.84694584694586,0.0
134.84704484704486,0.0
134.84714384714385,0.0
134.84724284724285,0.0
134.84734184734185,0.0025
134.84744084744085,0.005
134.84753984753985,-0.005
134.84763884763885,0.0
134.84773784773785,0.0025
134.84783684783685,0.0
134.84793584793584,0.0
134.84803484803484,0.0025
134.84813384813387,0.0
134.84823284823287,0.0025
134.84833184833187,0.0025
134.84843084843087,0.0
134.84852984852986,0.0025
134.84862884862886,0.005
134.84872784872786,0.0025
134.84882684882686,-0.0025
134.84892584892586,0.0025
134.84902484902486,0.0025
134.84912384912386,0.005
134.84922284922285,0.0025
134.84932184932185,0.005
134.84942084942085,0.0025
134.84951984951985,0.0
134.84961884961885,0.005
134.84971784971785,0.005
134.84981684981685,0.0025
134.84991584991585,0.01
134.85001485001487,0.0075
134.85011385011387,0.005
134.85021285021287,0.0075
134.85031185031187,0.005
134.85041085041087,0.005
134.85050985050987,0.0075
134.85060885060886,0.005
134.85070785070786,0.005
134.85080685080686,0.005
134.85090585090586,0.0075
134.85100485100486,0.0075
134.85110385110386,0.005
134.85120285120286,0.0075
134.85130185130186,0.01
134.85140085140085,0.0075
134.85149985149985,0.005
134.85159885159885,0.005
134.85169785169785,0.0075
134.85179685179685,0.005
134.85189585189585,0.0075
134.85199485199487,0.005
134.85209385209387,0.0025
134.85219285219287,0.005
134.85229185229187,0.005
134.85239085239087,0.0025
134.85248985248987,0.005
134.85258885258887,0.005
134.85268785268786,0.0075
134.85278685278686,0.005
134.85288585288586,0.005
134.85298485298486,0.005
134.85308385308386,0.005
134.85318285318286,0.0075
134.85328185328186,0.005
134.85338085338086,0.005
134.85347985347985,0.0
134.85357885357885,0.0075
134.85367785367785,0.01
134.85377685377685,0.005
134.85387585387585,0.0025
134.85397485397488,0.0075
134.85407385407387,0.005
134.85417285417287,0.0025
134.85427185427187,0.0025
134.85437085437087,0.005
134.85446985446987,0.0075
134.85456885456887,0.005
134.85466785466787,0.01
134.85476685476686,0.0075
134.85486585486586,0.0075
134.85496485496486,0.0025
134.85506385506386,0.005
134.85516285516286,0.005
134.85526185526186,0.005
134.85536085536086,0.005
134.85545985545986,0.005
134.85555885555885,0.0025
134.85565785565785,0.0025
134.85575685575685,0.0025
134.85585585585585,0.0025
134.85595485595488,0.005
134.85605385605388,0.005
134.85615285615287,0.005
134.85625185625187,0.005
134.85635085635087,0.0075
134.85644985644987,0.0075
134.85654885654887,0.0075
134.85664785664787,0.005
134.85674685674687,0.01
134.85684585684587,0.01
134.85694485694486,0.005
134.85704385704386,0.005
134.85714285714286,0.005
134.85724185724186,0.0075
134.85734085734086,0.0025
134.85743985743986,0.0025
134.85753885753886,0.0025
134.85763785763785,0.0025
134.85773685773685,0.0025
134.85783585783588,0.0025
134.85793485793488,0.0025
134.85803385803388,0.0025
134.85813285813288,0.0025
134.85823185823187,0.0
134.85833085833087,0.0025
134.85842985842987,-0.0025
134.85852885852887,0.0025
134.85862785862787,0.0
134.85872685872687,0.0
134.85882585882587,-0.0025
134.85892485892487,-0.0025
134.85902385902386,-0.0025
134.85912285912286,-0.0075
134.85922185922186,0.0
134.85932085932086,0.0
134.85941985941986,0.0
134.85951885951886,0.0
134.85961785961786,0.0025
134.85971685971685,0.005
134.85981585981588,0.0025
134.85991485991488,0.0
134.86001386001388,0.0
134.86011286011288,0.0
134.86021186021188,0.0
134.86031086031088,-0.0025
134.86040986040987,-0.0025
134.86050886050887,0.0025
134.86060786060787,0.0
134.86070686070687,-0.0025
134.86080586080587,0.0025
134.86090486090487,0.0
134.86100386100387,-0.0025
134.86110286110286,0.0
134.86120186120186,0.0
134.86130086130086,0.0025
134.86139986139986,-0.0025
134.86149886149886,0.0
134.86159786159786,0.0025
134.86169686169686,-0.0025
134.86179586179588,-0.005
134.86189486189488,0.0
134.86199386199388,0.0025
134.86209286209288,0.005
134.86219186219188,-0.0025
134.86229086229088,0.0
134.86238986238988,-0.0025
134.86248886248887,0.0
134.86258786258787,-0.0025
134.86268686268687,-0.0025
134.86278586278587,0.0
134.86288486288487,-0.0025
134.86298386298387,-0.005
134.86308286308287,-0.005
134.86318186318186,-0.0025
134.86328086328086,-0.005
134.86337986337986,-0.005
134.86347886347886,-0.005
134.86357786357786,-0.005
134.86367686367686,0.0
134.86377586377588,-0.0025
134.86387486387488,0.0
134.86397386397388,0.0
134.86407286407288,0.0
134.86417186417188,0.005
134.86427086427088,0.0025
134.86436986436988,-0.005
134.86446886446888,-0.0025
134.86456786456787,-0.0025
134.86466686466687,0.0
134.86476586476587,-0.0025
134.86486486486487,-0.005
134.86496386496387,-0.0025
134.86506286506287,-0.005
134.86516186516187,-0.0025
134.86526086526086,0.0025
134.86535986535986,-0.0025
134.86545886545886,-0.005
134.86555786555786,-0.01
134.8656568656569,-0.0075
134.8657558657559,-0.005
134.86585486585489,-0.005
134.86595386595388,0.0
134.86605286605288,0.0025
134.86615186615188,-0.0025
134.86625086625088,0.0025
134.86634986634988,0.0
134.86644886644888,-0.0025
134.86654786654788,0.0
134.86664686664687,0.0
134.86674586674587,0.0
134.86684486684487,0.0025
134.86694386694387,0.0025
134.86704286704287,-0.005
134.86714186714187,-0.0075
134.86724086724087,-0.005
134.86733986733987,-0.005
134.86743886743886,-0.0025
134.86753786753786,0.0
134.8676368676369,0.0025
134.8677358677359,0.0025
134.8678348678349,-0.0025
134.86793386793389,-0.0025
134.86803286803288,-0.0025
134.86813186813188,-0.005
134.86823086823088,0.0
134.86832986832988,-0.0025
134.86842886842888,-0.005
134.86852786852788,-0.005
134.86862686862688,-0.005
134.86872586872587,-0.0025
134.86882486882487,-0.005
134.86892386892387,-0.0075
134.86902286902287,-0.0075
134.86912186912187,-0.005
134.86922086922087,0.0
134.86931986931987,-0.005
134.86941886941887,0.0
134.86951786951786,-0.0025
134.8696168696169,-0.005
134.8697158697159,-0.0025
134.8698148698149,-0.005
134.8699138699139,-0.01
134.87001287001289,-0.0025
134.87011187011188,-0.0025
134.87021087021088,-0.0025
134.87030987030988,-0.005
134.87040887040888,-0.0025
134.87050787050788,0.0
134.87060687060688,-0.0025
134.87070587070588,-0.0025
134.87080487080488,0.0025
134.87090387090387,0.0
134.87100287100287,0.0
134.87110187110187,0.0
134.87120087120087,-0.0025
134.87129987129987,0.0
134.87139887139887,-0.01
134.8714978714979,-0.0075
134.8715968715969,-0.0025
134.8716958716959,0.0
134.8717948717949,-0.005
134.8718938718939,-0.005
134.8719928719929,0.0
134.8720918720919,0.0
134.87219087219088,-0.0025
134.87228987228988,-0.005
134.87238887238888,-0.005
134.87248787248788,-0.005
134.87258687258688,-0.005
134.87268587268588,0.0025
134.87278487278488,-0.0025
134.87288387288388,-0.005
134.87298287298287,-0.005
134.87308187308187,0.0
134.87318087318087,-0.005
134.87327987327987,-0.0025
134.87337887337887,0.0025
134.8734778734779,0.0
134.8735768735769,-0.0025
134.8736758736759,-0.005
134.8737748737749,-0.0075
134.8738738738739,-0.0075
134.8739728739729,-0.0075
134.8740718740719,-0.005
134.8741708741709,-0.01
134.87426987426988,-0.0075
134.87436887436888,-0.012499999
134.87446787446788,-0.01
134.87456687456688,-0.012499999
134.87466587466588,-0.012499999
134.87476487476488,-0.012499999
134.87486387486388,-0.012499999
134.87496287496288,-0.012499999
134.87506187506187,-0.01
134.87516087516087,-0.01
134.87525987525987,-0.01
134.87535887535887,-0.012499999
134.8754578754579,-0.012499999
134.8755568755569,-0.01
134.8756558756559,-0.0075
134.8757548757549,-0.01
134.8758538758539,-0.005
134.8759528759529,-0.0075
134.8760518760519,-0.0075
134.8761508761509,-0.012499999
134.8762498762499,-0.012499999
134.87634887634889,-0.0075
134.87644787644788,-0.01
134.87654687654688,-0.01
134.87664587664588,-0.012499999
134.87674487674488,-0.012499999
134.87684387684388,-0.01
134.87694287694288,-0.0075
134.87704187704188,-0.012499999
134.87714087714087,-0.0075
134.87723987723987,-0.005
134.87733887733887,-0.005
134.8774378774379,-0.0025
134.8775368775369,-0.0025
134.8776358776359,-0.0075
134.8777348777349,-0.005
134.8778338778339,-0.0075
134.8779328779329,-0.0025
134.8780318780319,-0.005
134.8781308781309,-0.005
134.8782298782299,-0.005
134.8783288783289,-0.0025
134.87842787842789,-0.005
134.87852687852688,-0.005
134.87862587862588,-0.0075
134.87872487872488,-0.005
134.87882387882388,-0.0025
134.87892287892288,-0.0075
134.87902187902188,-0.005
134.87912087912088,-0.005
134.87921987921987,-0.0075
134.8793188793189,-0.0075
134.8794178794179,-0.005
134.8795168795169,-0.01
134.8796158796159,-0.01
134.8797148797149,-0.0025
134.8798138798139,-0.005
134.8799128799129,-0.005
134.8800118800119,-0.0075
134.8801108801109,-0.01
134.8802098802099,-0.0075
134.8803088803089,-0.0075
134.8804078804079,-0.0075
134.88050688050689,-0.005
134.88060588060588,-0.0075
134.88070488070488,-0.0075
134.88080388080388,-0.005
134.88090288090288,-0.0025
134.88100188100188,-0.005
134.88110088110088,-0.005
134.88119988119988,-0.005
134.8812988812989,-0.0075
134.8813978813979,-0.005
134.8814968814969,-0.005
134.8815958815959,-0.005
134.8816948816949,-0.0025
134.8817938817939,-0.0025
134.8818928818929,-0.005
134.8819918819919,-0.005
134.8820908820909,-0.0025
134.8821898821899,0.0
134.8822888822889,-0.005
134.8823878823879,-0.0025
134.8824868824869,-0.005
134.8825858825859,-0.0025
134.88268488268488,-0.0025
134.88278388278388,0.0
134.88288288288288,-0.005
134.88298188298188,-0.0025
134.88308088308088,0.0
134.88317988317988,0.0025
134.8832788832789,0.0
134.8833778833779,-0.0025
134.8834768834769,0.0
134.8835758835759,0.0
134.8836748836749,0.0
134.8837738837739,0.0
134.8838728838729,-0.0025
134.8839718839719,0.0
134.8840708840709,0.0025
134.8841698841699,0.0
134.8842688842689,-0.0025
134.8843678843679,0.0
134.8844668844669,0.0
134.8845658845659,0.0
134.8846648846649,0.0025
134.88476388476388,-0.0025
134.88486288486288,-0.0025
134.88496188496188,-0.005
134.88506088506088,-0.0025
134.88515988515988,-0.0025
134.8852588852589,-0.005
134.8853578853579,-0.01
134.8854568854569,-0.005
134.8855558855559,-0.0075
134.8856548856549,-0.01
134.8857538857539,-0.0075
134.8858528858529,-0.005
134.8859518859519,-0.0025
134.8860508860509,0.0
134.8861498861499,0.0025
134.8862488862489,-0.005
134.8863478863479,-0.0025
134.8864468864469,-0.005
134.8865458865459,-0.0075
134.8866448866449,-0.0025
134.8867438867439,0.0025
134.88684288684289,-0.005
134.88694188694188,-0.0025
134.88704088704088,0.0
134.8871398871399,0.0025
134.8872388872389,0.0
134.8873378873379,0.0025
134.8874368874369,0.0
134.8875358875359,-0.0025
134.8876348876349,-0.0025
134.8877338877339,-0.0025
134.8878328878329,-0.0025
134.8879318879319,-0.0025
134.8880308880309,0.0
134.8881298881299,-0.0025
134.8882288882289,0.0025
134.8883278883279,0.005
134.8884268884269,-0.0025
134.8885258885259,0.0
134.8886248886249,0.005
134.8887238887239,0.0025
134.8888228888229,0.0
134.88892188892189,-0.0025
134.88902088902088,-0.0025
134.8891198891199,-0.0025
134.8892188892189,-0.0075
134.8893178893179,-0.005
134.8894168894169,-0.0025
134.8895158895159,0.0
134.8896148896149,-0.005
134.8897138897139,0.0
134.8898128898129,-0.0025
134.8899118899119,-0.0025
134.8900108900109,0.0
134.8901098901099,0.0
134.8902088902089,0.0025
134.8903078903079,-0.0025
134.8904068904069,0.0
134.8905058905059,-0.0025
134.8906048906049,-0.005
134.8907038907039,-0.005
134.8908028908029,-0.0025
134.8909018909019,-0.0025
134.89100089100089,-0.0025
134.8910998910999,-0.005
134.8911988911989,-0.0075
134.8912978912979,-0.0025
134.8913968913969,-0.0075
134.8914958914959,-0.01
134.8915948915949,-0.005
134.8916938916939,-0.0075
134.8917928917929,-0.005
134.8918918918919,-0.005
134.8919908919909,-0.0075
134.8920898920899,-0.005
134.8921888921889,-0.0075
134.8922878922879,-0.0075
134.8923868923869,-0.005
134.8924858924859,-0.005
134.8925848925849,-0.005
134.8926838926839,-0.0025
134.8927828927829,-0.005
134.8928818928819,-0.005
134.89298089298092,-0.0025
134.8930798930799,-0.0025
134.8931788931789,-0.005
134.8932778932779,-0.0025
134.8933768933769,-0.005
134.8934758934759,-0.005
134.8935748935749,-0.005
134.8936738936739,0.0
134.8937728937729,-0.0075
134.8938718938719,-0.005
134.8939708939709,0.0025
134.8940698940699,-0.0025
134.8941688941689,0.0025
134.8942678942679,0.0
134.8943668943669,0.0
134.8944658944659,0.0025
134.8945648945649,0.0
134.8946638946639,0.0025
134.8947628947629,0.0025
134.8948618948619,0.005
134.89496089496092,0.0025
134.89505989505992,0.0
134.89515889515891,0.0
134.8952578952579,0.0025
134.8953568953569,-0.0025
134.8954558954559,0.0025
134.8955548955549,0.005
134.8956538956539,0.0025
134.8957528957529,0.0
134.8958518958519,0.0
134.8959508959509,0.0025
134.8960498960499,0.0025
134.8961488961489,-0.0025
134.8962478962479,0.0025
134.8963468963469,-0.005
134.8964458964459,0.0
134.8965448965449,-0.0025
134.8966438966439,0.0025
134.8967428967429,0.0
134.8968418968419,0.0
134.89694089694092,0.0
134.89703989703992,0.0
134.89713889713892,0.0
134.89723789723791,0.0
134.8973368973369,-0.0025
134.8974358974359,-0.0025
134.8975348975349,-0.0025
134.8976338976339,0.0
134.8977328977329,-0.0025
134.8978318978319,-0.0075
134.8979308979309,-0.005
134.8980298980299,-0.0025
134.8981288981289,-0.005
134.8982278982279,0.0025
134.8983268983269,0.0
134.8984258984259,0.0
134.8985248985249,-0.0025
134.8986238986239,-0.0025
134.8987228987229,0.0
134.8988218988219,-0.0025
134.89892089892092,0.0
134.89901989901992,0.0025
134.89911889911892,0.005
134.89921789921792,0.0
134.89931689931691,0.0025
134.8994158994159,0.005
134.8995148995149,0.005
134.8996138996139,0.0025
134.8997128997129,0.0075
134.8998118998119,0.005
134.8999108999109,0.005
134.9000099000099,0.0025
134.9001089001089,0.0025
134.9002079002079,0.0
134.9003069003069,0.0
134.9004059004059,0.0025
134.9005049005049,0.0
134.9006039006039,0.0025
134.9007029007029,0.0
134.90080190080192,0.0025
134.90090090090092,0.0025
134.90099990099992,0.005
134.90109890109892,0.005
134.90119790119792,0.0025
134.90129690129692,0.005
134.90139590139592,0.005
134.9014949014949,0.005
134.9015939015939,0.005
134.9016929016929,0.0025
134.9017919017919,0.005
134.9018909018909,0.0025
134.9019899019899,0.0
134.9020889020889,-0.005
134.9021879021879,-0.0025
134.9022869022869,0.0025
134.9023859023859,0.0
134.9024849024849,0.0
134.9025839025839,0.0
134.9026829026829,0.0
134.90278190278192,0.0
134.90288090288092,0.0025
134.90297990297992,0.0
134.90307890307892,0.0
134.90317790317792,0.0025
134.90327690327692,0.0
134.90337590337592,-0.0025
134.90347490347492,-0.0025
134.9035739035739,0.005
134.9036729036729,0.0025
134.9037719037719,0.0025
134.9038709038709,-0.0025
134.9039699039699,0.0025
134.9040689040689,0.0
134.9041679041679,0.0025
134.9042669042669,0.0
134.9043659043659,0.005
134.9044649044649,0.0075
134.9045639045639,0.0025
134.9046629046629,0.0025
134.90476190476193,0.0025
134.90486090486093,0.005
134.90495990495992,0.005
134.90505890505892,0.0025
134.90515790515792,0.0025
134.90525690525692,0.0075
134.90535590535592,0.0
134.90545490545492,0.0025
134.90555390555392,0.0025
134.90565290565291,0.005
134.9057519057519,0.005
134.9058509058509,0.0025
134.9059499059499,0.005
134.9060489060489,0.005
134.9061479061479,0.0075
134.9062469062469,0.005
134.9063459063459,0.005
134.9064449064449,0.0025
134.9065439065439,0.0
134.9066429066429,0.0025
134.90674190674193,0.005
134.90684090684093,0.0075
134.90693990693993,0.01
134.90703890703892,0.0
134.90713790713792,0.0025
134.90723690723692,0.0025
134.90733590733592,0.0025
134.90743490743492,0.0075
134.90753390753392,0.0025
134.90763290763292,-0.0025
134.90773190773191,-0.0025
134.9078309078309,-0.005
134.9079299079299,-0.005
134.9080289080289,0.0
134.9081279081279,-0.005
134.9082269082269,-0.005
134.9083259083259,-0.005
134.9084249084249,-0.0025
134.9085239085239,0.0
134.90862290862293,0.0
134.90872190872193,0.0
134.90882090882093,-0.0025
134.90891990891993,0.0
134.90901890901893,0.0
134.90911790911792,-0.0025
134.90921690921692,-0.0075
134.90931590931592,0.0
134.90941490941492,-0.0025
134.90951390951392,-0.0025
134.90961290961292,0.0
134.90971190971192,-0.0025
134.90981090981091,-0.005
134.9099099099099,-0.005
134.9100089100089,-0.0025
134.9101079101079,0.0025
134.9102069102069,0.0
134.9103059103059,0.0025
134.9104049104049,-0.0025
134.9105039105039,0.0025
134.91060291060293,-0.0025
134.91070191070193,-0.0025
134.91080091080093,-0.0025
134.91089991089993,0.0
134.91099891099893,0.0025
134.91109791109793,0.0
134.91119691119692,-0.005
134.91129591129592,0.0
134.91139491139492,-0.005
134.91149391149392,-0.0025
134.91159291159292,-0.0075
134.91169191169192,-0.0075
134.91179091179092,-0.0025
134.91188991188992,0.0
134.9119889119889,0.0
134.9120879120879,0.0
134.9121869121869,-0.005
134.9122859122859,-0.005
134.9123849123849,0.0025
134.9124839124839,0.0025
134.91258291258293,0.0025
134.91268191268193,0.0025
134.91278091278093,0.0
134.91287991287993,0.0
134.91297891297893,0.0
134.91307791307793,0.005
134.91317691317693,0.0025
134.91327591327592,0.0
134.91337491337492,-0.0025
134.91347391347392,0.0
134.91357291357292,-0.0025
134.91367191367192,0.0
134.91377091377092,-0.0025
134.91386991386992,-0.005
134.91396891396892,0.0
134.9140679140679,0.0025
134.9141669141669,0.0
134.9142659142659,-0.0025
134.9143649143649,0.0
134.9144639144639,0.0
134.91456291456294,-0.005
134.91466191466193,-0.0025
134.91476091476093,-0.0025
134.91485991485993,-0.0025
134.91495891495893,-0.0025
134.91505791505793,-0.005
134.91515691515693,-0.005
134.91525591525593,-0.0025
134.91535491535492,-0.0025
134.91545391545392,0.0
134.91555291555292,-0.0025
134.91565191565192,-0.005
134.91575091575092,-0.0025
134.91584991584992,-0.0075
134.91594891594892,-0.005
134.91604791604792,0.0
134.91614691614691,-0.005
134.9162459162459,0.0025
134.9163449163449,0.0
134.91644391644394,-0.0025
134.91654291654294,-0.0025
134.91664191664194,-0.005
134.91674091674093,-0.005
134.91683991683993,0.0
134.91693891693893,-0.0025
134.91703791703793,0.0025
134.91713691713693,0.0025
134.91723591723593,0.0
134.91733491733493,0.005
134.91743391743393,0.0025
134.91753291753292,0.0025
134.91763191763192,0.0
134.91773091773092,-0.0025
134.91782991782992,0.0025
134.91792891792892,0.0025
134.91802791802792,0.0025
134.91812691812692,0.0
134.91822591822591,0.0
134.9183249183249,0.0
134.91842391842394,-0.005
134.91852291852294,-0.0025
134.91862191862194,0.0
134.91872091872094,-0.0025
134.91881991881993,0.0025
134.91891891891893,0.0
134.91901791901793,0.0025
134.91911691911693,0.0025
134.91921591921593,-0.0025
134.91931491931493,-0.0025
134.91941391941393,-0.0025
134.91951291951293,0.0
134.91961191961192,0.0025
134.91971091971092,0.0025
134.91980991980992,0.0025
134.91990891990892,0.0025
134.92000792000792,0.005
134.92010692010692,0.005
134.92020592020592,0.0025
134.92030492030491,0.0
134.92040392040394,0.0025
134.92050292050294,0.0025
134.92060192060194,0.0025
134.92070092070094,0.0
134.92079992079994,-0.0025
134.92089892089894,0.0
134.92099792099793,0.0
134.92109692109693,0.0
134.92119592119593,0.0025
134.92129492129493,0.0025
134.92139392139393,0.005
134.92149292149293,0.0025
134.92159192159193,0.0025
134.92169092169092,0.005
134.92178992178992,0.0025
134.92188892188892,-0.0025
134.92198792198792,-0.0025
134.92208692208692,0.0
134.92218592218592,0.0025
134.92228492228494,0.0025
134.92238392238394,0.0025
134.92248292248294,0.0025
134.92258192258194,0.0025
134.92268092268094,-0.0025
134.92277992277994,0.0
134.92287892287894,0.0
134.92297792297794,-0.005
134.92307692307693,-0.0025
134.92317592317593,0.0
134.92327492327493,-0.0025
134.92337392337393,0.0
134.92347292347293,-0.0025
134.92357192357193,0.0
134.92367092367093,0.0
134.92376992376992,0.0
134.92386892386892,-0.0025
134.92396792396792,0.0
134.92406692406692,0.0
134.92416592416592,0.0025
134.92426492426495,0.0
134.92436392436394,0.0
134.92446292446294,-0.005
134.92456192456194,0.0
134.92466092466094,-0.0075
134.92475992475994,-0.0075
134.92485892485894,-0.0025
134.92495792495794,0.0
134.92505692505694,0.0025
134.92515592515593,-0.0025
134.92525492525493,0.0025
134.92535392535393,0.0
134.92545292545293,-0.005
134.92555192555193,-0.0075
134.92565092565093,-0.005
134.92574992574993,-0.005
134.92584892584892,-0.005
134.92594792594792,-0.0025
134.92604692604692,0.0025
134.92614592614592,0.0
134.92624492624495,0.0
134.92634392634395,0.0
134.92644292644295,-0.0025
134.92654192654194,-0.005
134.92664092664094,0.0
134.92673992673994,0.0
134.92683892683894,0.0
134.92693792693794,0.005
134.92703692703694,0.005
134.92713592713594,0.0
134.92723492723493,-0.0025
134.92733392733393,-0.005
134.92743292743293,0.0
134.92753192753193,0.0025
134.92763092763093,0.0
134.92772992772993,-0.0075
134.92782892782893,-0.005
134.92792792792793,0.0025
134.92802692802692,0.005
134.92812592812592,0.0025
134.92822492822495,0.005
134.92832392832395,0.0025
134.92842292842295,0.0
134.92852192852195,0.0025
134.92862092862094,0.0025
134.92871992871994,0.0
134.92881892881894,0.0025
134.92891792891794,-0.005
134.92901692901694,-0.0075
134.92911592911594,0.0
134.92921492921494,-0.0025
134.92931392931393,-0.0025
134.92941292941293,-0.0025
134.92951192951193,-0.0025
134.92961092961093,-0.005
134.92970992970993,-0.005
134.92980892980893,-0.005
134.92990792990793,0.0025
134.93000693000693,0.0
134.93010593010595,0.005
134.93020493020495,-0.0025
134.93030393030395,-0.0025
134.93040293040295,-0.005
134.93050193050195,-0.0025
134.93060093060095,-0.0025
134.93069993069994,-0.0025
134.93079893079894,0.0
134.93089793089794,0.0025
134.93099693099694,-0.0025
134.93109593109594,0.0025
134.93119493119494,-0.0025
134.93129393129394,-0.0025
134.93139293139293,-0.0025
134.93149193149193,0.0
134.93159093159093,-0.0025
134.93168993168993,-0.0025
134.93178893178893,0.0025
134.93188793188793,-0.0025
134.93198693198693,-0.0025
134.93208593208595,-0.0025
134.93218493218495,0.0
134.93228393228395,-0.0025
134.93238293238295,0.0
134.93248193248195,0.0
134.93258093258095,-0.0025
134.93267993267995,-0.005
134.93277893277894,-0.005
134.93287793287794,0.0
134.93297693297694,0.0
134.93307593307594,0.0
134.93317493317494,0.005
134.93327393327394,0.005
134.93337293337294,0.0025
134.93347193347194,0.0025
134.93357093357093,0.0025
134.93366993366993,0.005
134.93376893376893,0.0
134.93386793386793,-0.0025
134.93396693396693,0.0025
134.93406593406596,0.0025
134.93416493416495,0.0075
134.93426393426395,0.005
134.93436293436295,0.01
134.93446193446195,0.005
134.93456093456095,0.005
134.93465993465995,0.005
134.93475893475895,0.005
134.93485793485794,0.0025
134.93495693495694,0.0025
134.93505593505594,0.005
134.93515493515494,0.0025
134.93525393525394,0.005
134.93535293535294,0.005
134.93545193545194,0.0025
134.93555093555094,0.005
134.93564993564993,0.0
134.93574893574893,-0.0025
134.93584793584793,-0.0025
134.93594693594693,-0.0025
134.93604593604596,-0.0025
134.93614493614496,0.0
134.93624393624395,0.0025
134.93634293634295,0.0
134.93644193644195,0.0
134.93654093654095,0.0
134.93663993663995,0.0
134.93673893673895,0.0
134.93683793683795,0.0
134.93693693693695,0.0025
134.93703593703594,0.0025
134.93713493713494,0.005
134.93723393723394,0.0
134.93733293733294,-0.0025
134.93743193743194,0.0
134.93753093753094,0.0
134.93762993762994,0.0
134.93772893772893,0.0
134.93782793782793,0.0025
134.93792693792696,0.005
134.93802593802596,0.005
134.93812493812496,0.005
134.93822393822396,0.0025
134.93832293832295,0.0025
134.93842193842195,0.0025
134.93852093852095,0.0025
134.93861993861995,0.0025
134.93871893871895,0.0075
134.93881793881795,0.005
134.93891693891695,0.0025
134.93901593901595,0.0025
134.93911493911494,0.0
134.93921393921394,0.0
134.93931293931294,0.0075
134.93941193941194,0.005
134.93951093951094,0.005
134.93960993960994,0.005
134.93970893970894,0.005
134.93980793980793,0.005
134.93990693990696,0.005
134.94000594000596,0.0025
134.94010494010496,0.0
134.94020394020396,0.0025
134.94030294030296,0.0
134.94040194040196,0.0025
134.94050094050095,0.0
134.94059994059995,-0.0025
134.94069894069895,-0.005
134.94079794079795,-0.005
134.94089694089695,-0.0075
134.94099594099595,-0.005
134.94109494109495,-0.0075
134.94119394119394,-0.005
134.94129294129294,-0.0025
134.94139194139194,-0.0025
134.94149094149094,-0.0025
134.94158994158994,-0.005
134.94168894168894,-0.0075
134.94178794178794,-0.005
134.94188694188696,-0.0025
134.94198594198596,-0.0075
134.94208494208496,0.0
134.94218394218396,0.0
134.94228294228296,-0.005
134.94238194238196,-0.0075
134.94248094248096,-0.0075
134.94257994257995,-0.0075
134.94267894267895,-0.005
134.94277794277795,-0.0025
134.94287694287695,-0.005
134.94297594297595,-0.005
134.94307494307495,-0.005
134.94317394317395,0.0
134.94327294327294,-0.0025
134.94337194337194,0.0
134.94347094347094,-0.0075
134.94356994356994,0.0
134.94366894366894,-0.0025
134.94376794376797,0.0
134.94386694386696,-0.0025
134.94396594396596,0.0
134.94406494406496,0.0025
134.94416394416396,-0.005
134.94426294426296,-0.0025
134.94436194436196,0.0
134.94446094446096,0.0025
134.94455994455996,-0.0075
134.94465894465895,-0.005
134.94475794475795,-0.0025
134.94485694485695,-0.005
134.94495594495595,0.0025
134.94505494505495,-0.0025
134.94515394515395,-0.0025
134.94525294525295,-0.005
134.94535194535194,-0.005
134.94545094545094,0.0
134.94554994554994,-0.0025
134.94564894564894,-0.0025
134.94574794574797,0.0025
134.94584694584697,-0.0025
134.94594594594597,-0.005
134.94604494604496,-0.005
134.94614394614396,-0.0025
134.94624294624296,0.0
134.94634194634196,0.0
134.94644094644096,0.0025
134.94653994653996,0.0025
134.94663894663896,0.0
134.94673794673795,-0.005
134.94683694683695,-0.005
134.94693594693595,-0.005
134.94703494703495,0.0
134.94713394713395,-0.0025
134.94723294723295,-0.0025
134.94733194733195,0.0
134.94743094743095,0.0025
134.94752994752994,0.0
134.94762894762894,0.0
134.94772794772797,-0.0025
134.94782694782697,0.0
134.94792594792597,-0.0025
134.94802494802497,0.0
134.94812394812396,0.0
134.94822294822296,-0.005
134.94832194832196,0.0
134.94842094842096,0.0025
134.94851994851996,-0.0025
134.94861894861896,-0.005
134.94871794871796,0.0
134.94881694881695,-0.0075
134.94891594891595,-0.005
134.94901494901495,-0.005
134.94911394911395,-0.0025
134.94921294921295,-0.005
134.94931194931195,-0.0025
134.94941094941095,-0.0025
134.94950994950995,0.0025
134.94960894960894,0.005
134.94970794970797,0.005
134.94980694980697,0.005
134.94990594990597,0.0
134.95000495000497,-0.0025
134.95010395010397,0.0
134.95020295020296,-0.0025
134.95030195030196,0.0025
134.95040095040096,-0.005
134.95049995049996,-0.0025
134.95059895059896,0.0
134.95069795069796,0.0025
134.95079695079696,0.005
134.95089595089595,-0.0025
134.95099495099495,0.0
134.95109395109395,0.0025
134.95119295119295,0.0025
134.95129195129195,0.005
134.95139095139095,0.0
134.95148995148995,0.0
134.95158895158897,0.0
134.95168795168797,0.0025
134.95178695178697,0.0
134.95188595188597,0.0
134.95198495198497,-0.0025
134.95208395208397,-0.0025
134.95218295218297,0.0
134.95228195228196,-0.0025
134.95238095238096,0.005
134.95247995247996,0.0
134.95257895257896,0.0075
134.95267795267796,0.0025
134.95277695277696,0.0
134.95287595287596,0.0025
134.95297495297496,0.0025
134.95307395307395,0.0
134.95317295317295,0.0
134.95327195327195,0.0
134.95337095337095,0.0025
134.95346995346995,0.0
134.95356895356898,0.0
134.95366795366797,-0.0025
134.95376695376697,-0.0025
134.95386595386597,-0.0025
134.95396495396497,0.0
134.95406395406397,0.0025
134.95416295416297,0.0
134.95426195426197,0.005
134.95436095436096,0.0025
134.95445995445996,0.0
134.95455895455896,0.0025
134.95465795465796,0.0
134.95475695475696,0.0
134.95485595485596,-0.0025
134.95495495495496,0.0025
134.95505395505396,0.0025
134.95515295515295,0.005
134.95525195525195,0.0025
134.95535095535095,0.0025
134.95544995544995,0.005
134.95554895554898,0.0025
134.95564795564798,0.0
134.95574695574697,0.0025
134.95584595584597,0.005
134.95594495594497,0.0025
134.95604395604397,0.005
134.95614295614297,0.0025
134.95624195624197,0.0
134.95634095634097,0.0025
134.95643995643997,0.0025
134.95653895653896,0.005
134.95663795663796,0.0025
134.95673695673696,0.005
134.95683595683596,0.005
134.95693495693496,0.0
134.95703395703396,-0.005
134.95713295713296,-0.0025
134.95723195723195,0.0025
134.95733095733095,0.005
134.95742995742995,0.0025
134.95752895752898,-0.0025
134.95762795762798,-0.0025
134.95772695772698,-0.0025
134.95782595782597,-0.0025
134.95792495792497,0.0
134.95802395802397,-0.005
134.95812295812297,-0.01
134.95822195822197,-0.005
134.95832095832097,-0.0025
134.95841995841997,-0.0025
134.95851895851897,-0.005
134.95861795861796,-0.0075
134.95871695871696,-0.005
134.95881595881596,-0.0025
134.95891495891496,0.0
134.95901395901396,-0.005
134.95911295911296,-0.0025
134.95921195921196,-0.005
134.95931095931095,-0.0025
134.95940995940998,-0.005
134.95950895950898,0.0
134.95960795960798,-0.005
134.95970695970698,-0.005
134.95980595980598,0.0
134.95990495990497,-0.0025
134.96000396000397,-0.0025
134.96010296010297,-0.0025
134.96020196020197,0.0
134.96030096030097,0.0
134.96039996039997,0.0
134.96049896049897,0.0
134.96059796059797,0.0
134.96069696069696,-0.0025
134.96079596079596,-0.0025
134.96089496089496,-0.0025
134.96099396099396,0.0
134.96109296109296,0.0
134.96119196119196,0.0025
134.96129096129096,-0.0025
134.96138996138998,-0.0025
134.96148896148898,0.0
134.96158796158798,-0.0025
134.96168696168698,-0.0025
134.96178596178598,-0.005
134.96188496188498,-0.0025
134.96198396198398,-0.005
134.96208296208297,0.0
134.96218196218197,0.0
134.96228096228097,-0.005
134.96237996237997,-0.0025
134.96247896247897,0.0
134.96257796257797,-0.0025
134.96267696267697,-0.0025
134.96277596277596,-0.005
134.96287496287496,0.0
134.96297396297396,-0.0025
134.96307296307296,0.0
134.96317196317196,-0.0025
134.96327096327096,0.0
134.96336996336998,0.0025
134.96346896346898,0.0025
134.96356796356798,-0.0025
134.96366696366698,0.0
134.96376596376598,-0.0025
134.96386496386498,-0.0075
134.96396396396398,-0.0025
134.96406296406298,0.0025
134.96416196416197,-0.005
134.96426096426097,-0.005
134.96435996435997,-0.005
134.96445896445897,0.0
134.96455796455797,0.0
134.96465696465697,-0.0025
134.96475596475597,0.005
134.96485496485496,0.0025
134.96495396495396,-0.0025
134.96505296505296,-0.005
134.96515196515196,-0.0025
134.965250965251,-0.0075
134.96534996535,-0.0025
134.96544896544899,-0.0025
134.96554796554798,0.0
134.96564696564698,0.0
134.96574596574598,0.005
134.96584496584498,0.0025
134.96594396594398,0.0
134.96604296604298,0.0025
134.96614196614198,0.005
134.96624096624097,0.0025
134.96633996633997,0.0025
134.96643896643897,0.0025
134.96653796653797,0.005
134.96663696663697,0.0
134.96673596673597,0.0075
134.96683496683497,0.005
134.96693396693396,0.0025
134.96703296703296,0.005
134.96713196713196,0.005
134.967230967231,0.0075
134.96732996733,0.01
134.967428967429,0.0075
134.96752796752799,0.0025
134.96762696762698,0.0025
134.96772596772598,0.0
134.96782496782498,0.0
134.96792396792398,0.005
134.96802296802298,0.0025
134.96812196812198,0.0025
134.96822096822098,0.005
134.96831996831997,0.005
134.96841896841897,0.0025
134.96851796851797,0.0025
134.96861696861697,0.0025
134.96871596871597,0.005
134.96881496881497,0.005
134.96891396891397,0.0
134.96901296901297,0.0
134.96911196911196,0.0
134.969210969211,0.0
134.96930996931,0.0025
134.969408969409,0.0
134.969507969508,0.0025
134.96960696960699,0.0
134.96970596970598,0.0
134.96980496980498,-0.0025
134.96990396990398,0.0
134.97000297000298,0.0
134.97010197010198,0.005
134.97020097020098,0.005
134.97029997029998,0.0025
134.97039897039897,0.0025
134.97049797049797,0.0025
134.97059697059697,0.0
134.97069597069597,0.0025
134.97079497079497,0.005
134.97089397089397,0.0
134.97099297099297,-0.0025
134.97109197109197,-0.0025
134.971190971191,0.0
134.97128997129,0.0
134.971388971389,0.0
134.971487971488,0.0025
134.971586971587,0.0
134.971685971686,-0.0025
134.97178497178498,0.0
134.97188397188398,0.005
134.97198297198298,0.0025
134.97208197208198,0.0025
134.97218097218098,0.0025
134.97227997227998,0.0025
134.97237897237898,0.0
134.97247797247798,0.0025
134.97257697257697,0.0025
134.97267597267597,0.0025
134.97277497277497,0.0025
134.97287397287397,0.0025
134.97297297297297,0.0025
134.973071973072,-0.0025
134.973170973171,0.0025
134.97326997327,0.0025
134.973368973369,0.0025
134.973467973468,0.005
134.973566973567,0.005
134.973665973666,0.005
134.973764973765,0.0025
134.97386397386398,0.0
134.97396297396298,0.0025
134.97406197406198,0.0025
134.97416097416098,0.0025
134.97425997425998,0.005
134.97435897435898,0.0025
134.97445797445798,0.0
134.97455697455698,-0.0075
134.97465597465597,-0.012499999
134.97475497475497,-0.0075
134.97485397485397,-0.01
134.97495297495297,-0.005
134.975051975052,0.0
134.975150975151,0.0
134.97524997525,-0.005
134.975348975349,0.0
134.975447975448,0.0
134.975546975547,-0.005
134.975645975646,-0.0075
134.975744975745,-0.0025
134.975843975844,0.0
134.97594297594298,-0.005
134.97604197604198,-0.0025
134.97614097614098,0.0025
134.97623997623998,0.0025
134.97633897633898,0.0
134.97643797643798,0.0
134.97653697653698,-0.0025
134.97663597663598,-0.0025
134.97673497673497,-0.0025
134.97683397683397,-0.005
134.97693297693297,0.0025
134.977031977032,0.0
134.977130977131,-0.0025
134.97722997723,-0.0025
134.977328977329,-0.0025
134.977427977428,-0.0025
134.977526977527,-0.0025
134.977625977626,-0.0025
134.977724977725,0.0025
134.977823977824,-0.005
134.977922977923,-0.0075
134.97802197802199,-0.0025
134.97812097812098,-0.0025
134.97821997821998,0.0
134.97831897831898,0.0
134.97841797841798,-0.0025
134.97851697851698,-0.005
134.97861597861598,-0.005
134.97871497871498,-0.0075
134.97881397881397,-0.005
134.97891297891297,0.0
134.979011979012,-0.0025
134.979110979111,-0.005
134.97920997921,-0.005
134.979308979309,-0.0025
134.979407979408,-0.0025
134.979506979507,-0.005
134.979605979606,-0.0025
134.979704979705,-0.0025
134.979803979804,-0.005
134.979902979903,-0.0025
134.980001980002,-0.0025
134.98010098010099,-0.005
134.98019998019998,-0.005
134.98029898029898,-0.005
134.98039798039798,-0.005
134.98049698049698,-0.0025
134.98059598059598,0.0
134.98069498069498,-0.0025
134.98079398079398,-0.005
134.980892980893,-0.005
134.980991980992,-0.0025
134.981090981091,-0.0025
134.98118998119,-0.0025
134.981288981289,-0.0025
134.981387981388,-0.0025
134.981486981487,0.0
134.981585981586,-0.0025
134.981684981685,-0.005
134.981783981784,-0.0025
134.981882981883,-0.0075
134.981981981982,-0.0075
134.982080982081,-0.0075
134.98217998217999,-0.01
134.98227898227898,-0.0025
134.98237798237798,0.0
134.98247698247698,0.0
134.98257598257598,0.0
134.98267498267498,-0.0025
134.98277398277398,0.0
134.982872982873,0.0
134.982971982972,0.0
134.983070983071,0.0
134.98316998317,-0.0025
134.983268983269,-0.0025
134.983367983368,-0.005
134.983466983467,0.0
134.983565983566,0.0
134.983664983665,0.0025
134.983763983764,0.0025
134.983862983863,0.005
134.983961983962,0.0025
134.984060984061,0.0
134.98415998416,0.0
134.984258984259,0.005
134.98435798435798,0.0
134.98445698445698,0.005
134.98455598455598,0.0025
134.98465498465498,0.0025
134.98475398475398,0.0025
134.984852984853,-0.0025
134.984951984952,0.0
134.985050985051,-0.0025
134.98514998515,0.0
134.985248985249,0.0
134.985347985348,-0.005
134.985446985447,-0.0025
134.985545985546,-0.0025
134.985644985645,-0.005
134.985743985744,0.0
134.985842985843,-0.0025
134.985941985942,-0.0025
134.986040986041,-0.005
134.98613998614,0.0
134.986238986239,0.0
134.986337986338,-0.0025
134.98643698643698,-0.0025
134.98653598653598,-0.005
134.98663498663498,0.0
134.986733986734,-0.0025
134.986832986833,-0.0025
134.986931986932,-0.005
134.987030987031,-0.01
134.98712998713,-0.0025
134.987228987229,-0.0025
134.987327987328,-0.005
134.987426987427,-0.005
134.987525987526,0.0
134.987624987625,0.0
134.987723987724,0.0025
134.987822987823,-0.0025
134.987921987922,-0.0025
134.988020988021,0.0025
134.98811998812,-0.0025
134.988218988219,-0.0025
134.988317988318,-0.0025
134.988416988417,-0.005
134.98851598851599,-0.005
134.98861498861498,0.0
134.988713988714,0.005
134.988812988813,0.0
134.988911988912,0.0
134.989010989011,-0.0025
134.98910998911,0.0
134.989208989209,-0.0025
134.989307989308,-0.0025
134.989406989407,-0.0025
134.989505989506,0.0
134.989604989605,0.0025
134.989703989704,-0.0025
134.989802989803,-0.0025
134.989901989902,0.0
134.990000990001,0.0
134.9900999901,0.0
134.990198990199,0.0025
134.990297990298,0.0
134.990396990397,-0.0025
134.990495990496,-0.0025
134.99059499059499,-0.0025
134.990693990694,-0.005
134.990792990793,-0.0075
134.990891990892,-0.0075
134.990990990991,-0.0075
134.99108999109,-0.01
134.991188991189,-0.01
134.991287991288,-0.0075
134.991386991387,-0.0075
134.991485991486,-0.0075
134.991584991585,-0.012499999
134.991683991684,-0.0075
134.991782991783,-0.0025
134.991881991882,-0.0025
134.991980991981,-0.0075
134.99207999208,-0.0025
134.992178992179,-0.005
134.992277992278,-0.0025
134.992376992377,-0.0025
134.992475992476,-0.005
134.992574992575,-0.005
134.992673992674,-0.0075
134.992772992773,-0.005
134.992871992872,-0.005
134.992970992971,-0.0075
134.99306999307,-0.005
134.993168993169,0.0
134.993267993268,-0.0025
134.993366993367,-0.0025
134.993465993466,0.0
134.993564993565,-0.0025
134.993663993664,-0.0075
134.993762993763,-0.0025
134.993861993862,-0.0025
134.993960993961,-0.0025
134.99405999406,0.0
134.994158994159,0.0
134.994257994258,0.0
134.994356994357,0.0025
134.994455994456,-0.0025
134.99455499455502,-0.0075
134.99465399465402,-0.0025
134.99475299475301,0.0
134.994851994852,-0.0025
134.994950994951,-0.0025
134.99504999505,-0.0075
134.995148995149,-0.0025
134.995247995248,-0.005
134.995346995347,-0.0025
134.995445995446,-0.0025
134.995544995545,-0.0025
134.995643995644,-0.0025
134.995742995743,-0.005
134.995841995842,-0.005
134.995940995941,-0.0025
134.99603999604,0.0
134.996138996139,-0.005
134.996237996238,-0.0025
134.996336996337,-0.005
134.996435996436,-0.0075
134.99653499653502,-0.005
134.99663399663402,-0.005
134.99673299673302,-0.005
134.99683199683201,-0.005
134.996930996931,-0.0025
134.99702999703,-0.0075
134.997128997129,-0.0075
134.997227997228,-0.01
134.997326997327,-0.0075
134.997425997426,-0.0075
134.997524997525,-0.005
134.997623997624,-0.0025
134.997722997723,-0.0025
134.997821997822,-0.005
134.997920997921,-0.0025
134.99801999802,-0.005
134.998118998119,-0.0025
134.998217998218,-0.0075
134.998316998317,-0.005
134.998415998416,-0.005
134.99851499851502,-0.005
134.99861399861402,0.0
134.99871299871302,-0.005
134.99881199881202,-0.005
134.99891099891101,-0.0025
134.99900999901,-0.005
134.999108999109,-0.0025
134.999207999208,-0.005
134.999306999307,-0.0025
134.999405999406,-0.005
134.999504999505,-0.005
134.999603999604,0.0
134.999702999703,0.0
134.999801999802,0.0
134.999900999901,0.0
135.0,0.0
135.000099000099,-0.0025
135.000198000198,0.0025
135.000297000297,0.0
135.000396000396,0.0025
135.00049500049502,-0.0025
135.00059400059402,0.0
135.00069300069302,0.0025
135.00079200079202,-0.0025
135.00089100089102,0.0
135.00099000099002,0.005
135.001089001089,0.0025
135.001188001188,0.005
135.001287001287,0.0025
135.001386001386,0.0025
135.001485001485,0.0025
135.001584001584,0.0
135.001683001683,-0.0025
135.001782001782,0.0025
135.001881001881,0.0025
135.00198000198,-0.0025
135.002079002079,-0.0025
135.002178002178,-0.0025
135.002277002277,0.0025
135.00237600237602,0.0
135.00247500247502,0.0025
135.00257400257402,0.005
135.00267300267302,0.005
135.00277200277202,0.0
135.00287100287102,0.0
135.00297000297002,0.0
135.00306900306902,-0.0025
135.003168003168,-0.0025
135.003267003267,-0.0025
135.003366003366,-0.0025
135.003465003465,0.0
135.003564003564,0.0025
135.003663003663,0.0025
135.003762003762,0.0
135.003861003861,0.0
135.00396000396,-0.0025
135.004059004059,0.0
135.004158004158,-0.005
135.004257004257,-0.005
135.00435600435603,0.005
135.00445500445502,0.0025
135.00455400455402,0.0
135.00465300465302,0.0
135.00475200475202,-0.0025
135.00485100485102,0.0025
135.00495000495002,-0.005
135.00504900504902,0.0
135.00514800514802,0.0025
135.005247005247,0.0
135.005346005346,0.0025
135.005445005445,0.0
135.005544005544,0.0025
135.005643005643,0.0025
135.005742005742,0.0025
135.005841005841,-0.0025
135.00594000594,-0.0025
135.006039006039,0.0025
135.006138006138,-0.0025
135.006237006237,0.0
135.00633600633603,-0.0025
135.00643500643503,-0.0075
135.00653400653403,-0.0025
135.00663300663302,0.005
135.00673200673202,-0.0025
135.00683100683102,-0.0025
135.00693000693002,-0.005
135.00702900702902,0.0
135.00712800712802,0.0
135.00722700722702,0.0025
135.00732600732601,-0.0025
135.007425007425,0.0
135.007524007524,0.005
135.007623007623,0.0075
135.007722007722,0.0
135.007821007821,-0.0025
135.00792000792,-0.005
135.008019008019,0.0
135.008118008118,0.0
135.00821700821703,0.0
135.00831600831603,0.0025
135.00841500841503,-0.0025
135.00851400851403,0.005
135.00861300861303,-0.0025
135.00871200871202,0.0
135.00881100881102,0.0025
135.00891000891002,0.0025
135.00900900900902,0.0
135.00910800910802,0.0025
135.00920700920702,0.0025
135.00930600930602,0.0
135.00940500940501,-0.01
135.009504009504,-0.005
135.009603009603,-0.0025
135.009702009702,0.0025
135.009801009801,-0.0025
135.0099000099,-0.0075
135.009999009999,-0.01
135.010098010098,-0.0075
135.01019701019703,-0.005
135.01029601029603,-0.005
135.01039501039503,-0.005
135.01049401049403,-0.005
135.01059301059303,0.0025
135.01069201069203,-0.0025
135.01079101079102,0.005
135.01089001089002,0.0
135.01098901098902,0.0025
135.01108801108802,0.0
135.01118701118702,-0.005
135.01128601128602,-0.0025
135.01138501138502,-0.0025
135.01148401148401,0.0
135.011583011583,0.0
135.011682011682,0.0
135.011781011781,-0.0025
135.01188001188,0.0
135.011979011979,0.0
135.012078012078,0.005
135.01217701217703,0.005
135.01227601227603,0.005
135.01237501237503,0.0
135.01247401247403,0.0
135.01257301257303,-0.0025
135.01267201267203,0.0
135.01277101277103,0.0
135.01287001287002,-0.0025
135.01296901296902,0.0
135.01306801306802,0.0
135.01316701316702,-0.005
135.01326601326602,-0.005
135.01336501336502,-0.005
135.01346401346402,0.0
135.01356301356302,-0.0025
135.013662013662,0.0
135.013761013761,0.0025
135.01386001386,0.0
135.013959013959,0.0025
135.014058014058,0.0025
135.01415701415704,0.0075
135.01425601425603,0.0
135.01435501435503,0.005
135.01445401445403,0.005
135.01455301455303,0.0025
135.01465201465203,0.0025
135.01475101475103,-0.0025
135.01485001485003,0.0
135.01494901494902,-0.005
135.01504801504802,-0.0075
135.01514701514702,-0.005
135.01524601524602,-0.005
135.01534501534502,0.0
135.01544401544402,0.0
135.01554301554302,0.0075
135.01564201564202,0.0
135.015741015741,0.0075
135.01584001584,0.005
135.015939015939,0.005
135.01603801603804,0.005
135.01613701613704,0.005
135.01623601623604,0.0
135.01633501633503,0.0
135.01643401643403,-0.0025
135.01653301653303,0.005
135.01663201663203,-0.0025
135.01673101673103,-0.0025
135.01683001683003,0.0
135.01692901692903,0.0
135.01702801702803,0.0
135.01712701712702,0.0
135.01722601722602,0.0025
135.01732501732502,0.0
135.01742401742402,0.0025
135.01752301752302,0.0
135.01762201762202,-0.0025
135.01772101772102,-0.0025
135.01782001782001,-0.0075
135.017919017919,-0.0025
135.01801801801804,0.0
135.01811701811704,-0.005
135.01821601821604,0.0
135.01831501831504,-0.005
135.01841401841403,-0.0025
135.01851301851303,-0.0025
135.01861201861203,-0.01
135.01871101871103,-0.01
135.01881001881003,-0.005
135.01890901890903,-0.0025
135.01900801900803,-0.005
135.01910701910703,-0.0075
135.01920601920602,-0.005
135.01930501930502,0.0
135.01940401940402,0.0
135.01950301950302,0.0
135.01960201960202,0.0
135.01970101970102,0.0
135.01980001980002,-0.0025
135.01989901989901,0.0
135.01999801999804,0.0
135.02009702009704,0.0
135.02019602019604,0.0025
135.02029502029504,0.0025
135.02039402039404,0.0025
135.02049302049303,0.0
135.02059202059203,0.0
135.02069102069103,0.0
135.02079002079003,0.0
135.02088902088903,0.0025
135.02098802098803,0.005
135.02108702108703,0.0025
135.02118602118603,0.005
135.02128502128502,0.0025
135.02138402138402,-0.0025
135.02148302148302,0.0
135.02158202158202,-0.0025
135.02168102168102,0.0025
135.02178002178002,0.005
135.02187902187902,0.0
135.02197802197804,0.0
135.02207702207704,0.0
135.02217602217604,0.0
135.02227502227504,0.005
135.02237402237404,0.0
135.02247302247304,-0.0025
135.02257202257204,-0.005
135.02267102267103,-0.005
135.02277002277003,-0.0025
135.02286902286903,0.0
135.02296802296803,-0.0025
135.02306702306703,-0.005
135.02316602316603,-0.0025
135.02326502326503,0.0
135.02336402336402,0.005
135.02346302346302,0.0
135.02356202356202,0.0025
135.02366102366102,0.005
135.02376002376002,0.0
135.02385902385905,0.0025
135.02395802395804,0.0
135.02405702405704,0.0
135.02415602415604,-0.0025
135.02425502425504,-0.005
135.02435402435404,-0.0075
135.02445302445304,-0.005
135.02455202455204,-0.005
135.02465102465104,-0.0075
135.02475002475003,-0.005
135.02484902484903,-0.005
135.02494802494803,-0.01
135.02504702504703,-0.0075
135.02514602514603,-0.005
135.02524502524503,-0.0025
135.02534402534403,-0.0075
135.02544302544302,-0.0075
135.02554202554202,-0.0075
135.02564102564102,-0.01
135.02574002574002,-0.012499999
135.02583902583905,-0.0075
135.02593802593805,-0.01
135.02603702603705,-0.0075
135.02613602613604,-0.012499999
135.02623502623504,-0.0075
135.02633402633404,-0.01
135.02643302643304,-0.01
135.02653202653204,-0.01
135.02663102663104,-0.01
135.02673002673004,-0.0075
135.02682902682903,-0.005
135.02692802692803,-0.005
135.02702702702703,-0.005
135.02712602712603,-0.005
135.02722502722503,-0.01
135.02732402732403,-0.01
135.02742302742303,-0.0075
135.02752202752202,-0.01
135.02762102762102,-0.0075
135.02772002772002,-0.005
135.02781902781905,-0.005
135.02791802791805,-0.0075
135.02801702801705,-0.0075
135.02811602811605,-0.0025
135.02821502821504,-0.005
135.02831402831404,-0.0025
135.02841302841304,-0.005
135.02851202851204,-0.005
135.02861102861104,-0.0075
135.02871002871004,-0.005
135.02880902880904,-0.0025
135.02890802890803,-0.005
135.02900702900703,-0.01
135.02910602910603,-0.0075
135.02920502920503,-0.0075
135.02930402930403,-0.0075
135.02940302940303,-0.005
135.02950202950203,-0.005
135.02960102960103,-0.0075
135.02970002970005,-0.0075
135.02979902979905,-0.0075
135.02989802989805,-0.01
135.02999702999705,-0.005
135.03009603009605,-0.0075
135.03019503019505,-0.005
135.03029403029404,0.0
135.03039303039304,0.0
135.03049203049204,-0.0075
135.03059103059104,-0.01
135.03069003069004,-0.005
135.03078903078904,-0.005
135.03088803088804,-0.005
135.03098703098703,-0.0025
135.03108603108603,0.0
135.03118503118503,-0.0025
135.03128403128403,-0.0025
135.03138303138303,0.0
135.03148203148203,-0.0075
135.03158103158103,-0.0075
135.03168003168005,-0.0075
135.03177903177905,-0.0025
135.03187803187805,-0.0025
135.03197703197705,-0.005
135.03207603207605,0.0
135.03217503217505,-0.0025
135.03227403227405,-0.0025
135.03237303237304,-0.0075
135.03247203247204,-0.0075
135.03257103257104,-0.0075
135.03267003267004,-0.0075
135.03276903276904,-0.0075
135.03286803286804,-0.0075
135.03296703296704,-0.0025
135.03306603306604,-0.0025
135.03316503316503,0.0025
135.03326403326403,-0.005
135.03336303336303,-0.0025
135.03346203346203,-0.0025
135.03356103356103,-0.005
135.03366003366006,-0.0025
135.03375903375905,0.0
135.03385803385805,0.0025
135.03395703395705,0.0
135.03405603405605,-0.0025
135.03415503415505,-0.005
135.03425403425405,-0.0025
135.03435303435305,-0.0025
135.03445203445204,0.0025
135.03455103455104,0.0
135.03465003465004,0.0
135.03474903474904,0.0025
135.03484803484804,0.0
135.03494703494704,0.0
135.03504603504604,0.0
135.03514503514504,0.0
135.03524403524403,0.0
135.03534303534303,-0.0075
135.03544203544203,-0.01
135.03554103554103,-0.0025
135.03564003564006,-0.0075
135.03573903573906,-0.005
135.03583803583805,-0.005
135.03593703593705,-0.005
135.03603603603605,-0.0075
135.03613503613505,-0.0075
135.03623403623405,-0.005
135.03633303633305,-0.0025
135.03643203643205,-0.005
135.03653103653104,-0.0075
135.03663003663004,-0.005
135.03672903672904,-0.0025
135.03682803682804,0.0
135.03692703692704,-0.005
135.03702603702604,-0.005
135.03712503712504,-0.0075
135.03722403722404,-0.005
135.03732303732303,-0.0025
135.03742203742203,-0.0025
135.03752103752106,-0.005
135.03762003762006,-0.0025
135.03771903771906,-0.0025
135.03781803781806,-0.005
135.03791703791705,0.0025
135.03801603801605,-0.0025
135.03811503811505,-0.0025
135.03821403821405,-0.0075
135.03831303831305,-0.005
135.03841203841205,-0.0025
135.03851103851105,-0.0025
135.03861003861005,-0.0025
135.03870903870904,-0.0075
135.03880803880804,-0.005
135.03890703890704,-0.0025
135.03900603900604,-0.005
135.03910503910504,-0.0025
135.03920403920404,-0.0075
135.03930303930304,0.0025
135.03940203940203,-0.0075
135.03950103950106,-0.005
135.03960003960006,-0.0025
135.03969903969906,-0.005
135.03979803979806,-0.0025
135.03989703989706,-0.005
135.03999603999605,0.0
135.04009504009505,0.0
135.04019404019405,-0.0025
135.04029304029305,0.0
135.04039204039205,0.0
135.04049104049105,-0.0025
135.04059004059005,-0.0075
135.04068904068905,0.0
135.04078804078804,-0.0025
135.04088704088704,-0.005
135.04098604098604,-0.0025
135.04108504108504,-0.005
135.04118404118404,-0.0075
135.04128304128304,-0.0075
135.04138204138204,-0.01
135.04148104148106,-0.012499999
135.04158004158006,-0.0075
135.04167904167906,-0.0075
135.04177804177806,-0.0075
135.04187704187706,-0.0075
135.04197604197606,-0.0075
135.04207504207506,-0.005
135.04217404217405,-0.0075
135.04227304227305,-0.0025
135.04237204237205,-0.0075
135.04247104247105,-0.005
135.04257004257005,-0.0025
135.04266904266905,-0.0025
135.04276804276805,-0.005
135.04286704286704,-0.0075
135.04296604296604,-0.005
135.04306504306504,-0.0025
135.04316404316404,0.0
135.04326304326304,-0.005
135.04336204336204,-0.0025
135.04346104346106,-0.005
135.04356004356006,-0.005
135.04365904365906,-0.0075
135.04375804375806,-0.005
135.04385704385706,-0.0025
135.04395604395606,0.0
135.04405504405506,-0.0025
135.04415404415406,0.0
135.04425304425305,-0.0025
135.04435204435205,-0.0025
135.04445104445105,0.005
135.04455004455005,0.0
135.04464904464905,0.0025
135.04474804474805,0.0
135.04484704484705,0.0
135.04494604494604,-0.0025
135.04504504504504,-0.0025
135.04514404514404,-0.0025
135.04524304524304,-0.0025
135.04534204534207,0.0
135.04544104544107,0.0
135.04554004554006,0.0025
135.04563904563906,0.0
135.04573804573806,-0.0025
135.04583704583706,-0.0075
135.04593604593606,-0.005
135.04603504603506,-0.005
135.04613404613406,-0.01
135.04623304623306,-0.005
135.04633204633205,-0.005
135.04643104643105,-0.01
135.04653004653005,-0.005
135.04662904662905,-0.0025
135.04672804672805,-0.0025
135.04682704682705,-0.005
135.04692604692605,-0.005
135.04702504702504,-0.0025
135.04712404712404,-0.0025
135.04722304722304,0.0
135.04732204732207,-0.0025
135.04742104742107,-0.005
135.04752004752007,0.0
135.04761904761907,-0.0025
135.04771804771806,-0.0075
135.04781704781706,0.0
135.04791604791606,-0.005
135.04801504801506,0.0
135.04811404811406,-0.0025
135.04821304821306,-0.005
135.04831204831206,-0.0025
135.04841104841105,-0.0025
135.04851004851005,-0.0025
135.04860904860905,-0.0075
135.04870804870805,-0.005
135.04880704880705,0.0
135.04890604890605,-0.0025
135.04900504900505,0.0
135.04910404910405,-0.0025
135.04920304920304,-0.005
135.04930204930207,-0.0025
135.04940104940107,-0.0025
135.04950004950007,-0.0025
135.04959904959907,0.0025
135.04969804969807,0.0025
135.04979704979706,0.0
135.04989604989606,0.005
135.04999504999506,0.0025
135.05009405009406,0.0025
135.05019305019306,-0.005
135.05029205029206,0.0
135.05039105039106,-0.0025
135.05049005049005,0.0
135.05058905058905,0.005
135.05068805068805,0.0025
135.05078705078705,0.0
135.05088605088605,0.0025
135.05098505098505,0.0025
135.05108405108405,0.0025
135.05118305118307,0.005
135.05128205128207,0.0
135.05138105138107,0.0025
135.05148005148007,0.005
135.05157905157907,0.0025
135.05167805167807,-0.0025
135.05177705177707,0.0025
135.05187605187606,0.0025
135.05197505197506,0.0025
135.05207405207406,0.0
135.05217305217306,0.0
135.05227205227206,0.0025
135.05237105237106,-0.0025
135.05247005247006,0.0
135.05256905256905,0.0
135.05266805266805,0.0025
135.05276705276705,0.0
135.05286605286605,0.0
135.05296505296505,0.0
135.05306405306405,-0.0025
135.05316305316308,-0.0025
135.05326205326207,0.0025
135.05336105336107,0.0025
135.05346005346007,0.0025
135.05355905355907,0.0025
135.05365805365807,0.0
135.05375705375707,0.0025
135.05385605385607,-0.0025
135.05395505395506,-0.0025
135.05405405405406,-0.0025
135.05415305415306,-0.0025
135.05425205425206,-0.0025
135.05435105435106,-0.0025
135.05445005445006,0.0025
135.05454905454906,0.0025
135.05464805464806,-0.0025
135.05474705474705,0.0
135.05484605484605,0.0
135.05494505494505,0.0025
135.05504405504405,0.0
135.05514305514308,0.0025
135.05524205524208,0.005
135.05534105534107,0.0025
135.05544005544007,-0.0025
135.05553905553907,-0.0025
135.05563805563807,-0.0025
135.05573705573707,-0.0025
135.05583605583607,0.0
135.05593505593507,-0.0025
135.05603405603406,0.0025
135.05613305613306,0.0025
135.05623205623206,0.0
135.05633105633106,0.005
135.05643005643006,0.005
135.05652905652906,0.0
135.05662805662806,0.0
135.05672705672706,0.0
135.05682605682605,0.005
135.05692505692505,0.0025
135.05702405702405,0.0025
135.05712305712308,0.0
135.05722205722208,-0.0025
135.05732105732108,0.0
135.05742005742007,0.0
135.05751905751907,-0.005
135.05761805761807,-0.005
135.05771705771707,0.0
135.05781605781607,0.0
135.05791505791507,0.0
135.05801405801407,0.0
135.05811305811307,-0.0075
135.05821205821206,-0.0025
135.05831105831106,-0.005
135.05841005841006,-0.0025
135.05850905850906,-0.005
135.05860805860806,-0.005
135.05870705870706,-0.0075
135.05880605880606,-0.01
135.05890505890505,-0.012499999
135.05900405900408,-0.0025
135.05910305910308,-0.01
135.05920205920208,-0.0075
135.05930105930108,-0.0075
135.05940005940008,-0.012499999
135.05949905949907,-0.0075
135.05959805959807,-0.0075
135.05969705969707,-0.01
135.05979605979607,-0.0075
135.05989505989507,-0.005
135.05999405999407,-0.0025
135.06009306009307,-0.005
135.06019206019207,-0.005
135.06029106029106,-0.0025
135.06039006039006,0.0025
135.06048906048906,0.0
135.06058806058806,-0.0025
135.06068706068706,0.0
135.06078606078606,-0.005
135.06088506088506,-0.0075
135.06098406098408,-0.005
135.06108306108308,-0.0075
135.06118206118208,-0.005
135.06128106128108,-0.0025
135.06138006138008,-0.005
135.06147906147908,-0.005
135.06157806157807,-0.005
135.06167706167707,-0.0025
135.06177606177607,-0.0025
135.06187506187507,-0.005
135.06197406197407,-0.0025
135.06207306207307,-0.0025
135.06217206217207,-0.0075
135.06227106227107,-0.005
135.06237006237006,-0.0075
135.06246906246906,-0.005
135.06256806256806,-0.0075
135.06266706266706,-0.005
135.06276606276606,-0.0075
135.06286506286506,-0.005
135.06296406296408,-0.0025
135.06306306306308,0.0
135.06316206316208,-0.0025
135.06326106326108,-0.0025
135.06336006336008,-0.0025
135.06345906345908,-0.0025
135.06355806355808,-0.0025
135.06365706365708,-0.005
135.06375606375607,-0.005
135.06385506385507,-0.0075
135.06395406395407,-0.005
135.06405306405307,-0.0025
135.06415206415207,-0.0025
135.06425106425107,-0.0025
135.06435006435007,-0.005
135.06444906444906,0.0
135.06454806454806,-0.0025
135.06464706464706,-0.0075
135.06474606474606,-0.005
135.06484506484506,-0.005
135.0649440649441,-0.01
135.06504306504308,-0.0075
135.06514206514208,-0.0075
135.06524106524108,-0.0025
135.06534006534008,0.0
135.06543906543908,-0.0075
135.06553806553808,-0.0025
135.06563706563708,-0.0075
135.06573606573608,-0.005
135.06583506583507,0.0025
135.06593406593407,-0.0025
135.06603306603307,-0.0025
135.06613206613207,0.0
135.06623106623107,0.005
135.06633006633007,0.005
135.06642906642907,0.005
135.06652806652806,0.0
135.06662706662706,-0.0025
135.06672606672606,0.0025
135.0668250668251,0.0025
135.0669240669241,0.0
135.0670230670231,0.0025
135.06712206712209,-0.0025
135.06722106722108,0.0
135.06732006732008,0.0025
135.06741906741908,0.0025
135.06751806751808,0.0025
135.06761706761708,0.005
135.06771606771608,0.005
135.06781506781508,-0.0025
135.06791406791407,0.0025
135.06801306801307,-0.005
135.06811206811207,0.0
135.06821106821107,0.0
135.06831006831007,0.0
135.06840906840907,0.0
135.06850806850807,-0.005
135.06860706860707,0.0
135.06870606870606,-0.0025
135.0688050688051,-0.005
135.0689040689041,0.0
135.0690030690031,0.0
135.0691020691021,0.0
135.06920106920109,-0.0025
135.06930006930008,0.0
135.06939906939908,0.0
135.06949806949808,0.0
135.06959706959708,-0.0025
135.06969606969608,-0.0025
135.06979506979508,0.0
135.06989406989408,0.0025
135.06999306999307,-0.0025
135.07009207009207,-0.0025
135.07019107019107,-0.005
135.07029007029007,-0.0025
135.07038907038907,0.0
135.07048807048807,0.0025
135.07058707058707,0.0025
135.07068607068607,0.0
135.0707850707851,0.0
135.0708840708841,0.0
135.0709830709831,0.0
135.0710820710821,-0.0025
135.0711810711811,-0.005
135.07128007128009,-0.0025
135.07137907137908,-0.0025
135.07147807147808,-0.0025
135.07157707157708,-0.0025
135.07167607167608,-0.0025
135.07177507177508,-0.0025
135.07187407187408,-0.0025
135.07197307197308,-0.0025
135.07207207207207,0.0
135.07217107217107,-0.005
135.07227007227007,-0.0025
135.07236907236907,-0.0025
135.07246807246807,-0.0025
135.07256707256707,-0.0025
135.07266607266607,0.005
135.0727650727651,0.0
135.0728640728641,0.0
135.0729630729631,0.0
135.0730620730621,-0.0025
135.0731610731611,-0.0025
135.0732600732601,0.0025
135.0733590733591,0.0025
135.07345807345808,0.005
135.07355707355708,0.0075
135.07365607365608,0.005
135.07375507375508,0.0
135.07385407385408,0.0025
135.07395307395308,0.0
135.07405207405208,-0.01
135.07415107415108,-0.0025
135.07425007425007,-0.005
135.07434907434907,0.0
135.07444807444807,-0.005
135.07454707454707,-0.0025
135.0746460746461,0.0025
135.0747450747451,-0.005
135.0748440748441,-0.0025
135.0749430749431,-0.0025
135.0750420750421,-0.0075
135.0751410751411,-0.0075
135.0752400752401,0.0
135.0753390753391,-0.005
135.0754380754381,-0.005
135.07553707553708,-0.01
135.07563607563608,-0.0075
135.07573507573508,-0.0075
135.07583407583408,-0.01
135.07593307593308,-0.0075
135.07603207603208,-0.01
135.07613107613108,-0.01
135.07623007623008,-0.0025
135.07632907632907,-0.0025
135.07642807642807,-0.0075
135.07652707652707,0.0
135.0766260766261,0.0025
135.0767250767251,0.0025
135.0768240768241,0.0025
135.0769230769231,0.0
135.0770220770221,-0.005
135.0771210771211,-0.005
135.0772200772201,-0.0025
135.0773190773191,0.005
135.0774180774181,-0.0025
135.0775170775171,-0.0025
135.07761607761609,0.0
135.07771507771508,0.0025
135.07781407781408,0.005
135.07791307791308,0.0025
135.07801207801208,-0.0025
135.07811107811108,-0.0025
135.07821007821008,0.0
135.07830907830908,0.0
135.07840807840807,-0.0025
135.07850707850707,-0.005
135.0786060786061,0.0
135.0787050787051,-0.005
135.0788040788041,0.0
135.0789030789031,0.0
135.0790020790021,0.0
135.0791010791011,-0.0025
135.0792000792001,-0.0025
135.0792990792991,-0.0025
135.0793980793981,-0.005
135.0794970794971,-0.0075
135.0795960795961,-0.0075
135.07969507969509,-0.0075
135.07979407979408,-0.005
135.07989307989308,-0.0075
135.07999207999208,-0.0025
135.08009108009108,-0.005
135.08019008019008,-0.005
135.08028908028908,-0.005
135.08038808038808,-0.005
135.0804870804871,0.0025
135.0805860805861,0.0
135.0806850806851,-0.0025
135.0807840807841,-0.0025
135.0808830808831,-0.005
135.0809820809821,-0.005
135.0810810810811,-0.0025
135.0811800811801,0.0
135.0812790812791,0.0
135.0813780813781,-0.0025
135.0814770814771,-0.0025
135.0815760815761,-0.005
135.0816750816751,-0.0075
135.08177408177409,-0.005
135.08187308187308,-0.0025
135.08197208197208,-0.0025
135.08207108207108,-0.0025
135.08217008217008,-0.0025
135.08226908226908,0.0025
135.08236808236808,0.0025
135.0824670824671,0.0
135.0825660825661,-0.0025
135.0826650826651,0.0
135.0827640827641,0.0
135.0828630828631,0.0025
135.0829620829621,0.0
135.0830610830611,0.0
135.0831600831601,-0.0025
135.0832590832591,0.0025
135.0833580833581,0.0025
135.0834570834571,0.0
135.0835560835561,-0.0025
135.0836550836551,0.0
135.0837540837541,0.005
135.08385308385309,0.005
135.08395208395208,0.005
135.08405108405108,0.005
135.08415008415008,0.0025
135.08424908424908,0.0
135.08434808434808,-0.0025
135.0844470844471,-0.0025
135.0845460845461,0.0025
135.0846450846451,0.005
135.0847440847441,0.0
135.0848430848431,0.005
135.0849420849421,0.0075
135.0850410850411,0.0
135.0851400851401,-0.0025
135.0852390852391,0.0
135.0853380853381,0.0025
135.0854370854371,0.0025
135.0855360855361,-0.0025
135.0856350856351,0.0
135.0857340857341,0.0025
135.0858330858331,0.005
135.0859320859321,0.0025
135.08603108603108,0.005
135.08613008613008,0.0025
135.08622908622908,-0.0025
135.08632808632808,0.0025
135.0864270864271,-0.0025
135.0865260865261,-0.005
135.0866250866251,0.0
135.0867240867241,0.0
135.0868230868231,0.0025
135.0869220869221,0.0
135.0870210870211,0.0
135.0871200871201,0.005
135.0872190872191,0.0
135.0873180873181,0.0
135.0874170874171,0.005
135.0875160875161,0.0025
135.0876150876151,0.0025
135.0877140877141,0.0025
135.0878130878131,0.0025
135.0879120879121,0.005
135.0880110880111,0.0025
135.08811008811008,0.005
135.08820908820908,0.0075
135.0883080883081,0.005
135.0884070884071,0.0075
135.0885060885061,0.01
135.0886050886051,0.0075
135.0887040887041,0.0075
135.0888030888031,0.0025
135.0889020889021,0.0025
135.0890010890011,0.0025
135.0891000891001,0.0025
135.0891990891991,0.0025
135.0892980892981,0.0
135.0893970893971,0.0
135.0894960894961,0.0025
135.0895950895951,-0.0025
135.0896940896941,0.005
135.0897930897931,0.005
135.0898920898921,0.0025
135.0899910899911,0.0025
135.0900900900901,0.0025
135.09018909018909,0.0025
135.0902880902881,0.0025
135.0903870903871,0.005
135.0904860904861,0.0075
135.0905850905851,0.0075
135.0906840906841,0.0025
135.0907830907831,0.0
135.0908820908821,0.0
135.0909810909811,0.0025
135.0910800910801,0.0025
135.0911790911791,0.0025
135.0912780912781,0.0025
135.0913770913771,0.0025
135.0914760914761,-0.0025
135.0915750915751,-0.005
135.0916740916741,-0.0025
135.0917730917731,-0.0075
135.0918720918721,-0.005
135.0919710919711,-0.0025
135.0920700920701,-0.0025
135.0921690921691,-0.0025
135.0922680922681,-0.0025
135.0923670923671,-0.005
135.0924660924661,-0.005
135.0925650925651,-0.005
135.0926640926641,-0.0075
135.0927630927631,-0.0025
135.0928620928621,-0.0025
135.0929610929611,-0.005
135.0930600930601,-0.005
135.0931590931591,-0.0025
135.0932580932581,-0.0025
135.0933570933571,0.0
135.0934560934561,0.0
135.0935550935551,0.0
135.0936540936541,0.0
135.0937530937531,0.0
135.0938520938521,-0.0025
135.0939510939511,-0.0025
135.0940500940501,0.0025
135.0941490941491,-0.0025
135.09424809424812,0.0025
135.0943470943471,-0.0025
135.0944460944461,0.0
135.0945450945451,0.0025
135.0946440946441,0.0025
135.0947430947431,-0.0025
135.0948420948421,-0.0025
135.0949410949411,-0.0025
135.0950400950401,-0.0025
135.0951390951391,0.0
135.0952380952381,0.0025
135.0953370953371,-0.0025
135.0954360954361,0.0
135.0955350955351,0.0
135.0956340956341,-0.0025
135.0957330957331,-0.005
135.0958320958321,-0.0025
135.0959310959311,0.0
135.0960300960301,-0.005
135.09612909612912,0.0
135.09622809622812,0.0
135.09632709632712,-0.0025
135.09642609642611,-0.0025
135.0965250965251,-0.0025
135.0966240966241,-0.0025
135.0967230967231,0.0
135.0968220968221,-0.0025
135.0969210969211,-0.005
135.0970200970201,0.0025
135.0971190971191,0.0
135.0972180972181,-0.005
135.0973170973171,-0.0025
135.0974160974161,-0.0025
135.0975150975151,0.0025
135.0976140976141,0.0
135.0977130977131,-0.005
135.0978120978121,-0.0025
135.0979110979111,0.0
135.0980100980101,-0.0025
135.09810909810912,0.0
135.09820809820812,0.0
135.09830709830712,0.0
135.09840609840612,0.0025
135.09850509850511,0.0
135.0986040986041,0.0
135.0987030987031,0.0
135.0988020988021,-0.0025
135.0989010989011,0.0
135.0990000990001,0.0025
135.0990990990991,0.0
135.0991980991981,0.0025
135.0992970992971,0.005
135.0993960993961,0.0025
135.0994950994951,0.0025
135.0995940995941,0.005
135.0996930996931,0.0025
135.0997920997921,0.0025
135.0998910998911,0.0025
135.0999900999901,0.0
135.10008910008912,0.0025
135.10018810018812,0.0025
135.10028710028712,0.005
135.10038610038612,0.0075
135.10048510048512,0.0025
135.10058410058411,0.0025
135.1006831006831,0.0025
135.1007821007821,0.0025
135.1008811008811,0.005
135.1009801009801,0.005
135.1010791010791,0.0025
135.1011781011781,0.005
135.1012771012771,0.0075
135.1013761013761,0.005
135.1014751014751,0.0025
135.1015741015741,0.0025
135.1016731016731,0.0025
135.1017721017721,0.005
135.1018711018711,0.0025
135.10197010197012,0.0025
135.10206910206912,0.005
135.10216810216812,0.005
135.10226710226712,0.0025
135.10236610236612,0.0
135.10246510246512,0.0025
135.10256410256412,-0.005
135.10266310266312,-0.005
135.1027621027621,0.0025
135.1028611028611,-0.0025
135.1029601029601,-0.0025
135.1030591030591,0.0025
135.1031581031581,0.0025
135.1032571032571,-0.0025
135.1033561033561,0.0
135.1034551034551,0.0075
135.1035541035541,0.0075
135.1036531036531,0.005
135.1037521037521,0.005
135.1038511038511,0.0
135.10395010395013,0.0
135.10404910404912,0.0025
135.10414810414812,0.0
135.10424710424712,0.0
135.10434610434612,0.0025
135.10444510444512,0.0025
135.10454410454412,0.0025
135.10464310464312,0.0025
135.10474210474212,0.0025
135.1048411048411,0.0025
135.1049401049401,-0.005
135.1050391050391,0.0
135.1051381051381,0.0025
135.1052371052371,0.0025
135.1053361053361,0.0025
135.1054351054351,0.0
135.1055341055341,0.0075
135.1056331056331,0.005
135.1057321057321,0.005
135.1058311058311,0.005
135.10593010593013,0.0025
135.10602910602913,0.0
135.10612810612812,-0.0025
135.10622710622712,0.0
135.10632610632612,0.0025
135.10642510642512,0.0075
135.10652410652412,0.0025
135.10662310662312,0.0
135.10672210672212,0.0
135.10682110682112,0.0025
135.10692010692011,0.005
135.1070191070191,0.005
135.1071181071181,0.0025
135.1072171072171,0.0025
135.1073161073161,0.0025
135.1074151074151,-0.005
135.1075141075141,0.0025
135.1076131076131,0.0
135.1077121077121,0.0
135.1078111078111,0.0025
135.10791010791013,-0.0025
135.10800910800913,-0.0025
135.10810810810813,0.0
135.10820710820713,-0.005
135.10830610830612,-0.0025
135.10840510840512,0.0
135.10850410850412,0.0
135.10860310860312,-0.0075
135.10870210870212,0.0
135.10880110880112,0.0
135.10890010890012,0.0025
135.10899910899911,0.0025
135.1090981090981,0.0
135.1091971091971,-0.0025
135.1092961092961,-0.005
135.1093951093951,-0.005
135.1094941094941,-0.0075
135.1095931095931,-0.0075
135.1096921096921,-0.0025
135.10979110979113,-0.0025
135.10989010989013,0.0
135.10998910998913,-0.0025
135.11008811008813,0.0025
135.11018711018713,0.0
135.11028611028613,0.0025
135.11038511038512,0.0
135.11048411048412,0.0025
135.11058311058312,0.0025
135.11068211068212,0.005
135.11078111078112,0.0
135.11088011088012,0.0
135.11097911097912,0.0025
135.11107811107811,-0.005
135.1111771111771,0.0025
135.1112761112761,0.005
135.1113751113751,0.005
135.1114741114741,0.0
135.1115731115731,-0.005
135.1116721116721,0.0
135.11177111177113,0.0
135.11187011187013,-0.0025
135.11196911196913,0.0
135.11206811206813,-0.0025
135.11216711216713,0.0025
135.11226611226613,0.0025
135.11236511236513,0.0
135.11246411246412,0.0025
135.11256311256312,0.0
135.11266211266212,0.0025
135.11276111276112,-0.0025
135.11286011286012,0.0025
135.11295911295912,0.0
135.11305811305812,-0.0025
135.11315711315711,0.0025
135.1132561132561,0.0
135.1133551133551,0.0
135.1134541134541,0.0025
135.1135531135531,0.0
135.1136521136521,-0.0025
135.11375111375114,-0.0025
135.11385011385013,0.0025
135.11394911394913,-0.0025
135.11404811404813,-0.005
135.11414711414713,-0.0075
135.11424611424613,-0.005
135.11434511434513,-0.005
135.11444411444413,-0.005
135.11454311454312,-0.005
135.11464211464212,-0.005
135.11474111474112,-0.005
135.11484011484012,0.0
135.11493911493912,-0.005
135.11503811503812,0.0
135.11513711513712,0.005
135.11523611523612,0.0
135.1153351153351,0.0
135.1154341154341,-0.0025
135.1155331155331,0.005
135.1156321156321,0.0025
135.11573111573114,0.0
135.11583011583014,0.005
135.11592911592913,0.0
135.11602811602813,-0.0025
135.11612711612713,0.0
135.11622611622613,0.0025
135.11632511632513,0.0025
135.11642411642413,0.0025
135.11652311652313,0.0075
135.11662211662212,0.0
135.11672111672112,0.0025
135.11682011682012,0.0025
135.11691911691912,-0.0025
135.11701811701812,0.0
135.11711711711712,0.0
135.11721611721612,0.0
135.11731511731512,0.0
135.1174141174141,0.0025
135.1175131175131,0.0025
135.11761211761214,0.0025
135.11771111771114,-0.0025
135.11781011781014,0.0
135.11790911790914,0.0
135.11800811800813,0.0025
135.11810711810713,0.005
135.11820611820613,0.005
135.11830511830513,0.0025
135.11840411840413,0.0025
135.11850311850313,0.005
135.11860211860213,0.005
135.11870111870113,0.0
135.11880011880012,0.0025
135.11889911889912,0.005
135.11899811899812,0.0
135.11909711909712,0.0025
135.11919611919612,0.005
135.11929511929512,0.0025
135.11939411939412,0.0
135.11949311949311,-0.0025
135.11959211959214,0.0
135.11969111969114,-0.0025
135.11979011979014,0.0025
135.11988911988914,0.0
135.11998811998814,0.0025
135.12008712008713,0.0025
135.12018612018613,0.0
135.12028512028513,-0.005
135.12038412038413,0.0
135.12048312048313,0.0025
135.12058212058213,0.0025
135.12068112068113,0.0025
135.12078012078013,0.0
135.12087912087912,0.0025
135.12097812097812,0.0
135.12107712107712,0.005
135.12117612117612,0.005
135.12127512127512,0.0025
135.12137412137412,-0.0025
135.12147312147312,0.0025
135.12157212157214,0.0025
135.12167112167114,0.0025
135.12177012177014,0.0025
135.12186912186914,0.005
135.12196812196814,0.005
135.12206712206714,0.0025
135.12216612216613,0.0025
135.12226512226513,0.0
135.12236412236413,0.005
135.12246312246313,0.005
135.12256212256213,0.0025
135.12266112266113,0.0025
135.12276012276013,0.0075
135.12285912285913,0.0025
135.12295812295812,0.005
135.12305712305712,0.0075
135.12315612315612,0.005
135.12325512325512,0.0075
135.12335412335412,0.005
135.12345312345315,0.0025
135.12355212355214,0.0025
135.12365112365114,0.0
135.12375012375014,0.0025
135.12384912384914,0.0025
135.12394812394814,-0.005
135.12404712404714,-0.0025
135.12414612414614,0.0
135.12424512424514,0.0025
135.12434412434413,0.0
135.12444312444313,-0.005
135.12454212454213,-0.0025
135.12464112464113,-0.0025
135.12474012474013,-0.0025
135.12483912483913,0.0
135.12493812493813,0.0
135.12503712503712,-0.0025
135.12513612513612,-0.0025
135.12523512523512,-0.0025
135.12533412533412,0.0
135.12543312543315,0.0025
135.12553212553215,0.0
135.12563112563114,0.0
135.12573012573014,-0.0025
135.12582912582914,0.0
135.12592812592814,-0.005
135.12602712602714,-0.0075
135.12612612612614,0.0
135.12622512622514,-0.0025
135.12632412632414,0.0
135.12642312642313,0.0075
135.12652212652213,0.0
