Tiempo (s),Datos
284.46315941055053,0.055
284.46320741131854,0.055
284.4632554120866,0.055
284.4633034128546,0.06
284.4633514136226,0.055
284.4633994143906,0.055
284.4634474151586,0.055
284.4634954159266,0.049999997
284.4635434166947,0.049999997
284.4635914174627,0.055
284.4636394182307,0.055
284.4636874189987,0.055
284.4637354197667,0.055
284.4637834205347,0.049999997
284.4638314213027,0.049999997
284.46387942207076,0.055
284.46392742283876,0.055
284.46397542360677,0.049999997
284.4640234243748,0.055
284.4640714251428,0.049999997
284.4641194259108,0.055
284.4641674266788,0.049999997
284.46421542744685,0.055
284.46426342821485,0.055
284.46431142898285,0.055
284.46435942975086,0.055
284.46440743051886,0.06
284.46445543128686,0.055
284.46450343205487,0.06
284.46455143282293,0.055
284.46459943359093,0.055
284.46464743435894,0.055
284.46469543512694,0.055
284.46474343589495,0.055
284.46479143666295,0.055
284.46483943743095,0.055
284.464887438199,0.055
284.464935438967,0.055
284.464983439735,0.055
284.465031440503,0.055
284.46507944127103,0.049999997
284.46512744203903,0.055
284.4651754428071,0.055
284.4652234435751,0.055
284.4652714443431,0.049999997
284.4653194451111,0.055
284.4653674458791,0.055
284.4654154466471,0.055
284.4654634474151,0.055
284.4655114481832,0.055
284.4655594489512,0.06
284.4656074497192,0.055
284.4656554504872,0.055
284.4657034512552,0.055
284.4657514520232,0.06
284.4657994527912,0.055
284.46584745355926,0.055
284.46589545432727,0.055
284.46594345509527,0.055
284.4659914558633,0.055
284.4660394566313,0.055
284.4660874573993,0.049999997
284.4661354581673,0.055
284.46618345893535,0.055
284.46623145970335,0.049999997
284.46627946047136,0.055
284.46632746123936,0.055
284.46637546200736,0.055
284.46642346277537,0.049999997
284.46647146354337,0.06
284.46651946431143,0.055
284.46656746507944,0.06
284.46661546584744,0.055
284.46666346661544,0.065
284.46671146738345,0.055
284.46675946815145,0.06
284.4668074689195,0.055
284.4668554696875,0.049999997
284.4669034704555,0.055
284.4669514712235,0.055
284.4669994719915,0.049999997
284.46704747275953,0.055
284.46709547352754,0.055
284.4671434742956,0.055
284.4671914750636,0.055
284.4672394758316,0.055
284.4672874765996,0.049999997
284.4673354773676,0.06
284.4673834781356,0.055
284.4674314789036,0.055
284.4674794796717,0.049999997
284.4675274804397,0.06
284.4675754812077,0.055
284.4676234819757,0.049999997
284.4676714827437,0.055
284.4677194835117,0.055
284.4677674842797,0.055
284.46781548504777,0.049999997
284.46786348581577,0.055
284.4679114865838,0.049999997
284.4679594873518,0.06
284.4680074881198,0.055
284.4680554888878,0.055
284.4681034896558,0.055
284.46815149042385,0.055
284.46819949119185,0.055
284.46824749195986,0.055
284.46829549272786,0.055
284.46834349349587,0.055
284.46839149426387,0.055
284.46843949503193,0.055
284.46848749579993,0.049999997
284.46853549656794,0.055
284.46858349733594,0.049999997
284.46863149810395,0.055
284.46867949887195,0.049999997
284.46872749963995,0.055
284.468775500408,0.049999997
284.468823501176,0.049999997
284.468871501944,0.055
284.468919502712,0.055
284.46896750348003,0.049999997
284.46901550424803,0.055
284.46906350501604,0.055
284.4691115057841,0.049999997
284.4691595065521,0.055
284.4692075073201,0.055
284.4692555080881,0.049999997
284.4693035088561,0.055
284.4693515096241,0.049999997
284.4693995103921,0.055
284.4694475111602,0.055
284.4694955119282,0.06
284.4695435126962,0.055
284.4695915134642,0.055
284.4696395142322,0.055
284.4696875150002,0.06
284.4697355157682,0.055
284.46978351653627,0.065
284.46983151730427,0.055
284.4698795180723,0.055
284.4699275188403,0.055
284.4699755196083,0.055
284.4700235203763,0.055
284.47007152114435,0.055
284.47011952191235,0.055
284.47016752268036,0.055
284.47021552344836,0.055
284.47026352421636,0.055
284.47031152498437,0.055
284.4703595257524,0.055
284.47040752652043,0.06
284.47045552728844,0.049999997
284.47050352805644,0.055
284.47055152882444,0.055
284.47059952959245,0.055
284.47064753036045,0.049999997
284.47069553112846,0.055
284.4707435318965,0.049999997
284.4707915326645,0.049999997
284.4708395334325,0.055
284.47088753420053,0.06
284.47093553496853,0.055
284.47098353573654,0.055
284.47103153650454,0.049999997
284.4710795372726,0.055
284.4711275380406,0.055
284.4711755388086,0.049999997
284.4712235395766,0.049999997
284.4712715403446,0.055
284.4713195411126,0.049999997
284.4713675418806,0.055
284.4714155426487,0.049999997
284.4714635434167,0.055
284.4715115441847,0.055
284.4715595449527,0.06
284.4716075457207,0.049999997
284.4716555464887,0.055
284.47170354725677,0.055
284.47175154802477,0.06
284.4717995487928,0.055
284.4718475495608,0.055
284.4718955503288,0.049999997
284.4719435510968,0.065
284.4719915518648,0.055
284.47203955263285,0.06
284.47208755340085,0.055
284.47213555416886,0.055
284.47218355493686,0.055
284.47223155570487,0.055
284.47227955647287,0.06
284.4723275572409,0.055
284.47237555800893,0.055
284.47242355877694,0.049999997
284.47247155954494,0.055
284.47251956031295,0.049999997
284.47256756108095,0.055
284.47261556184895,0.055
284.47266356261696,0.055
284.472711563385,0.055
284.472759564153,0.055
284.472807564921,0.055
284.47285556568903,0.055
284.47290356645703,0.055
284.47295156722504,0.055
284.47299956799304,0.06
284.4730475687611,0.049999997
284.4730955695291,0.049999997
284.4731435702971,0.055
284.4731915710651,0.055
284.4732395718331,0.055
284.4732875726011,0.055
284.4733355733692,0.06
284.4733835741372,0.049999997
284.4734315749052,0.055
284.4734795756732,0.049999997
284.4735275764412,0.049999997
284.4735755772092,0.055
284.4736235779772,0.055
284.47367157874527,0.06
284.4737195795133,0.055
284.4737675802813,0.06
284.4738155810493,0.055
284.4738635818173,0.049999997
284.4739115825853,0.06
284.4739595833533,0.055
284.47400758412135,0.06
284.47405558488936,0.055
284.47410358565736,0.055
284.47415158642536,0.06
284.47419958719337,0.055
284.4742475879614,0.055
284.4742955887294,0.055
284.47434358949744,0.049999997
284.47439159026544,0.049999997
284.47443959103344,0.055
284.47448759180145,0.055
284.47453559256945,0.049999997
284.47458359333746,0.055
284.47463159410546,0.055
284.4746795948735,0.049999997
284.4747275956415,0.055
284.47477559640953,0.055
284.47482359717753,0.049999997
284.47487159794554,0.06
284.47491959871354,0.049999997
284.4749675994816,0.065
284.4750156002496,0.055
284.4750636010176,0.055
284.4751116017856,0.055
284.4751596025536,0.049999997
284.4752076033216,0.055
284.4752556040896,0.055
284.4753036048577,0.055
284.4753516056257,0.055
284.4753996063937,0.055
284.4754476071617,0.055
284.4754956079297,0.049999997
284.4755436086977,0.055
284.4755916094657,0.055
284.47563961023377,0.055
284.4756876110018,0.055
284.4757356117698,0.049999997
284.4757836125378,0.055
284.4758316133058,0.055
284.4758796140738,0.049999997
284.4759276148418,0.049999997
284.47597561560985,0.049999997
284.47602361637786,0.055
284.47607161714586,0.055
284.47611961791387,0.055
284.47616761868187,0.049999997
284.4762156194499,0.06
284.4762636202179,0.049999997
284.47631162098594,0.055
284.47635962175394,0.055
284.47640762252195,0.055
284.47645562328995,0.049999997
284.47650362405795,0.055
284.47655162482596,0.055
284.476599625594,0.055
284.476647626362,0.055
284.47669562713,0.055
284.47674362789803,0.055
284.47679162866604,0.049999997
284.47683962943404,0.055
284.47688763020204,0.049999997
284.4769356309701,0.055
284.4769836317381,0.055
284.4770316325061,0.06
284.4770796332741,0.06
284.4771276340421,0.055
284.4771756348101,0.055
284.4772236355781,0.06
284.4772716363462,0.055
284.4773196371142,0.055
284.4773676378822,0.055
284.4774156386502,0.06
284.4774636394182,0.055
284.4775116401862,0.055
284.4775596409542,0.055
284.4776076417223,0.055
284.4776556424903,0.06
284.4777036432583,0.055
284.4777516440263,0.049999997
284.4777996447943,0.055
284.4778476455623,0.055
284.4778956463303,0.055
284.47794364709836,0.049999997
284.47799164786636,0.055
284.47803964863436,0.055
284.47808764940237,0.049999997
284.4781356501704,0.055
284.4781836509384,0.049999997
284.47823165170644,0.055
284.47827965247444,0.055
284.47832765324245,0.055
284.47837565401045,0.055
284.47842365477845,0.049999997
284.47847165554646,0.055
284.47851965631446,0.055
284.4785676570825,0.055
284.4786156578505,0.055
284.47866365861853,0.055
284.47871165938653,0.055
284.47875966015454,0.055
284.47880766092254,0.055
284.47885566169055,0.055
284.4789036624586,0.055
284.4789516632266,0.049999997
284.4789996639946,0.055
284.4790476647626,0.055
284.4790956655306,0.06
284.4791436662986,0.055
284.47919166706663,0.055
284.4792396678347,0.055
284.4792876686027,0.055
284.4793356693707,0.055
284.4793836701387,0.055
284.4794316709067,0.055
284.4794796716747,0.055
284.4795276724427,0.055
284.4795756732108,0.049999997
284.4796236739788,0.049999997
284.4796716747468,0.055
284.4797196755148,0.055
284.4797676762828,0.049999997
284.4798156770508,0.055
284.47986367781886,0.049999997
284.47991167858686,0.055
284.47995967935486,0.055
284.48000768012287,0.049999997
284.48005568089087,0.055
284.4801036816589,0.049999997
284.4801516824269,0.055
284.48019968319494,0.049999997
284.48024768396294,0.055
284.48029568473095,0.049999997
284.48034368549895,0.055
284.48039168626696,0.055
284.48043968703496,0.06
284.48048768780296,0.055
284.480535688571,0.055
284.480583689339,0.055
284.48063169010703,0.06
284.48067969087504,0.055
284.48072769164304,0.055
284.48077569241104,0.055
284.48082369317905,0.055
284.4808716939471,0.06
284.4809196947151,0.049999997
284.4809676954831,0.055
284.4810156962511,0.049999997
284.4810636970191,0.06
284.4811116977871,0.055
284.48115969855513,0.049999997
284.4812076993232,0.055
284.4812557000912,0.049999997
284.4813037008592,0.06
284.4813517016272,0.049999997
284.4813997023952,0.055
284.4814477031632,0.049999997
284.4814957039313,0.049999997
284.4815437046993,0.055
284.4815917054673,0.055
284.4816397062353,0.049999997
284.4816877070033,0.055
284.4817357077713,0.055
284.4817837085393,0.055
284.48183170930736,0.055
284.48187971007536,0.049999997
284.48192771084337,0.055
284.48197571161137,0.055
284.4820237123794,0.055
284.4820717131474,0.055
284.4821197139154,0.055
284.48216771468344,0.049999997
284.48221571545145,0.055
284.48226371621945,0.055
284.48231171698745,0.049999997
284.48235971775546,0.055
284.48240771852346,0.049999997
284.48245571929147,0.055
284.4825037200595,0.055
284.48255172082753,0.049999997
284.48259972159553,0.06
284.48264772236354,0.049999997
284.48269572313154,0.055
284.48274372389955,0.049999997
284.48279172466755,0.06
284.4828397254356,0.055
284.4828877262036,0.06
284.4829357269716,0.06
284.4829837277396,0.049999997
284.4830317285076,0.055
284.48307972927563,0.055
284.4831277300437,0.055
284.4831757308117,0.055
284.4832237315797,0.055
284.4832717323477,0.049999997
284.4833197331157,0.055
284.4833677338837,0.055
284.4834157346517,0.055
284.4834637354198,0.055
284.4835117361878,0.055
284.4835597369558,0.055
284.4836077377238,0.06
284.4836557384918,0.049999997
284.4837037392598,0.055
284.4837517400278,0.055
284.48379974079586,0.049999997
284.48384774156386,0.055
284.48389574233187,0.049999997
284.48394374309987,0.055
284.4839917438679,0.049999997
284.4840397446359,0.055
284.4840877454039,0.049999997
284.48413574617194,0.06
284.48418374693995,0.055
284.48423174770795,0.055
284.48427974847596,0.055
284.48432774924396,0.055
284.48437575001196,0.06
284.48442375077997,0.06
284.484471751548,0.055
284.48451975231603,0.06
284.48456775308404,0.055
284.48461575385204,0.06
284.48466375462004,0.055
284.48471175538805,0.055
284.4847597561561,0.055
284.4848077569241,0.055
284.4848557576921,0.049999997
284.4849037584601,0.049999997
284.4849517592281,0.06
284.48499975999613,0.055
284.48504776076413,0.055
284.4850957615322,0.049999997
284.4851437623002,0.055
284.4851917630682,0.055
284.4852397638362,0.055
284.4852877646042,0.055
284.4853357653722,0.055
284.4853837661402,0.06
284.4854317669083,0.055
284.4854797676763,0.06
284.4855277684443,0.06
284.4855757692123,0.055
284.4856237699803,0.055
284.4856717707483,0.055
284.4857197715163,0.049999997
284.48576777228436,0.06
284.48581577305237,0.049999997
284.48586377382037,0.055
284.4859117745884,0.055
284.4859597753564,0.055
284.4860077761244,0.055
284.4860557768924,0.055
284.48610377766045,0.055
284.48615177842845,0.055
284.48619977919645,0.055
284.48624777996446,0.049999997
284.48629578073246,0.055
284.48634378150047,0.049999997
284.4863917822685,0.055
284.48643978303653,0.049999997
284.48648778380453,0.055
284.48653578457254,0.049999997
284.48658378534054,0.055
284.48663178610855,0.049999997
284.48667978687655,0.055
284.4867277876446,0.049999997
284.4867757884126,0.06
284.4868237891806,0.055
284.4868717899486,0.055
284.4869197907166,0.055
284.48696779148463,0.055
284.48701579225263,0.055
284.4870637930207,0.049999997
284.4871117937887,0.049999997
284.4871597945567,0.049999997
284.4872077953247,0.049999997
284.4872557960927,0.055
284.4873037968607,0.055
284.4873517976287,0.06
284.4873997983968,0.055
284.4874477991648,0.055
284.4874957999328,0.049999997
284.4875438007008,0.055
284.4875918014688,0.055
284.4876398022368,0.055
284.4876878030048,0.055
284.48773580377286,0.055
284.48778380454087,0.055
284.4878318053089,0.055
284.4878798060769,0.055
284.4879278068449,0.06
284.4879758076129,0.055
284.48802380838094,0.049999997
284.48807180914895,0.06
284.48811980991695,0.055
284.48816781068496,0.049999997
284.48821581145296,0.049999997
284.48826381222096,0.049999997
284.48831181298897,0.055
284.48835981375703,0.055
284.48840781452503,0.049999997
284.48845581529304,0.055
284.48850381606104,0.049999997
284.48855181682904,0.049999997
284.48859981759705,0.055
284.48864781836505,0.049999997
284.4886958191331,0.055
284.4887438199011,0.049999997
284.4887918206691,0.055
284.4888398214371,0.049999997
284.48888782220513,0.055
284.48893582297313,0.049999997
284.48898382374114,0.055
284.4890318245092,0.055
284.4890798252772,0.055
284.4891278260452,0.055
284.4891758268132,0.06
284.4892238275812,0.055
284.4892718283492,0.049999997
284.4893198291172,0.055
284.4893678298853,0.049999997
284.4894158306533,0.049999997
284.4894638314213,0.055
284.4895118321893,0.049999997
284.4895598329573,0.055
284.4896078337253,0.055
284.48965583449336,0.055
284.48970383526137,0.055
284.48975183602937,0.055
284.4897998367974,0.055
284.4898478375654,0.06
284.4898958383334,0.049999997
284.4899438391014,0.055
284.48999183986945,0.055
284.49003984063745,0.055
284.49008784140545,0.055
284.49013584217346,0.055
284.49018384294146,0.055
284.49023184370947,0.055
284.49027984447747,0.055
284.49032784524553,0.055
284.49037584601354,0.055
284.49042384678154,0.055
284.49047184754954,0.049999997
284.49051984831755,0.049999997
284.49056784908555,0.049999997
284.49061584985355,0.055
284.4906638506216,0.055
284.4907118513896,0.055
284.4907598521576,0.049999997
284.4908078529256,0.049999997
284.49085585369363,0.055
284.49090385446164,0.049999997
284.49095185522964,0.055
284.4909998559977,0.049999997
284.4910478567657,0.06
284.4910958575337,0.049999997
284.4911438583017,0.06
284.4911918590697,0.06
284.4912398598377,0.055
284.4912878606058,0.055
284.4913358613738,0.049999997
284.4913838621418,0.055
284.4914318629098,0.055
284.4914798636778,0.055
284.4915278644458,0.055
284.4915758652138,0.055
284.49162386598186,0.06
284.49167186674987,0.055
284.4917198675179,0.055
284.4917678682859,0.055
284.4918158690539,0.06
284.4918638698219,0.055
284.4919118705899,0.055
284.49195987135795,0.055
284.49200787212595,0.055
284.49205587289396,0.055
284.49210387366196,0.055
284.49215187442996,0.055
284.49219987519797,0.055
284.492247875966,0.055
284.49229587673403,0.049999997
284.49234387750204,0.049999997
284.49239187827004,0.055
284.49243987903805,0.055
284.49248787980605,0.049999997
284.49253588057405,0.049999997
284.49258388134206,0.06
284.4926318821101,0.055
284.4926798828781,0.055
284.4927278836461,0.055
284.49277588441413,0.055
284.49282388518213,0.049999997
284.49287188595014,0.055
284.4929198867182,0.055
284.4929678874862,0.049999997
284.4930158882542,0.055
284.4930638890222,0.055
284.4931118897902,0.049999997
284.4931598905582,0.055
284.4932078913262,0.055
284.4932558920943,0.049999997
284.4933038928623,0.049999997
284.4933518936303,0.055
284.4933998943983,0.055
284.4934478951663,0.055
284.4934958959343,0.049999997
284.4935438967023,0.055
284.49359189747037,0.055
284.49363989823837,0.049999997
284.4936878990064,0.055
284.4937358997744,0.049999997
284.4937839005424,0.055
284.4938319013104,0.055
284.4938799020784,0.06
284.49392790284645,0.049999997
284.49397590361446,0.055
284.49402390438246,0.06
284.49407190515046,0.055
284.49411990591847,0.055
284.49416790668647,0.06
284.4942159074545,0.055
284.49426390822254,0.055
284.49431190899054,0.049999997
284.49435990975854,0.055
284.49440791052655,0.055
284.49445591129455,0.049999997
284.49450391206256,0.055
284.4945519128306,0.055
284.4945999135986,0.049999997
284.4946479143666,0.055
284.4946959151346,0.055
284.49474391590263,0.055
284.49479191667064,0.055
284.49483991743864,0.049999997
284.4948879182067,0.06
284.4949359189747,0.049999997
284.4949839197427,0.055
284.4950319205107,0.049999997
284.4950799212787,0.055
284.4951279220467,0.055
284.4951759228147,0.049999997
284.4952239235828,0.049999997
284.4952719243508,0.055
284.4953199251188,0.044999998
284.4953679258868,0.049999997
284.4954159266548,0.049999997
284.4954639274228,0.049999997
284.4955119281908,0.055
284.49555992895887,0.049999997
284.4956079297269,0.049999997
284.4956559304949,0.055
284.4957039312629,0.055
284.4957519320309,0.049999997
284.4957999327989,0.049999997
284.4958479335669,0.055
284.49589593433495,0.055
284.49594393510296,0.055
284.49599193587096,0.055
284.49603993663897,0.055
284.49608793740697,0.055
284.496135938175,0.055
284.49618393894303,0.049999997
284.49623193971104,0.055
284.49627994047904,0.055
284.49632794124705,0.055
284.49637594201505,0.049999997
284.49642394278305,0.049999997
284.49647194355106,0.049999997
284.4965199443191,0.049999997
284.4965679450871,0.055
284.4966159458551,0.055
284.49666394662313,0.049999997
284.49671194739113,0.055
284.49675994815914,0.049999997
284.49680794892714,0.049999997
284.4968559496952,0.049999997
284.4969039504632,0.055
284.4969519512312,0.049999997
284.4969999519992,0.055
284.4970479527672,0.049999997
284.4970959535352,0.055
284.4971439543032,0.049999997
284.4971919550713,0.055
284.4972399558393,0.049999997
284.4972879566073,0.055
284.4973359573753,0.049999997
284.4973839581433,0.06
284.4974319589113,0.055
284.4974799596793,0.06
284.49752796044737,0.055
284.4975759612154,0.049999997
284.4976239619834,0.06
284.4976719627514,0.049999997
284.4977199635194,0.055
284.4977679642874,0.055
284.49781596505545,0.055
284.49786396582346,0.055
284.49791196659146,0.055
284.49795996735946,0.06
284.49800796812747,0.06
284.49805596889547,0.055
284.4981039696635,0.055
284.49815197043154,0.06
284.49819997119954,0.055
284.49824797196754,0.06
284.49829597273555,0.055
284.49834397350355,0.055
284.49839197427156,0.055
284.49843997503956,0.06
284.4984879758076,0.055
284.4985359765756,0.055
284.4985839773436,0.055
284.49863197811163,0.055
284.49867997887964,0.055
284.49872797964764,0.055
284.49877598041564,0.055
284.4988239811837,0.055
284.4988719819517,0.055
284.4989199827197,0.055
284.4989679834877,0.055
284.4990159842557,0.055
284.4990639850237,0.055
284.4991119857917,0.049999997
284.4991599865598,0.055
284.4992079873278,0.055
284.4992559880958,0.06
284.4993039888638,0.06
284.4993519896318,0.055
284.4993999903998,0.06
284.49944799116787,0.049999997
284.4994959919359,0.049999997
284.4995439927039,0.049999997
284.4995919934719,0.055
284.4996399942399,0.055
284.4996879950079,0.055
284.4997359957759,0.055
284.49978399654395,0.055
284.49983199731196,0.06
284.49987999807996,0.055
284.49992799884797,0.055
284.49997599961597,0.049999997
284.500024000384,0.055
284.500072001152,0.055
284.50012000192004,0.055
284.50016800268804,0.055
284.50021600345605,0.055
284.50026400422405,0.055
284.50031200499205,0.055
284.50036000576006,0.055
284.50040800652806,0.049999997
284.5004560072961,0.055
284.5005040080641,0.055
284.50055200883213,0.055
284.50060000960013,0.055
284.50064801036814,0.055
284.50069601113614,0.055
284.50074401190415,0.055
284.5007920126722,0.049999997
284.5008400134402,0.049999997
284.5008880142082,0.055
284.5009360149762,0.055
284.5009840157442,0.055
284.5010320165122,0.055
284.50108001728023,0.049999997
284.5011280180483,0.055
284.5011760188163,0.049999997
284.5012240195843,0.055
284.5012720203523,0.055
284.5013200211203,0.06
284.5013680218883,0.055
284.5014160226564,0.06
284.5014640234244,0.055
284.5015120241924,0.055
284.5015600249604,0.049999997
284.5016080257284,0.049999997
284.5016560264964,0.055
284.5017040272644,0.06
284.50175202803246,0.055
284.50180002880046,0.055
284.50184802956846,0.055
284.50189603033647,0.055
284.5019440311045,0.06
284.5019920318725,0.055
284.5020400326405,0.055
284.50208803340854,0.055
284.50213603417654,0.049999997
284.50218403494455,0.055
284.50223203571255,0.049999997
284.50228003648056,0.055
284.50232803724856,0.055
284.50237603801656,0.06
284.5024240387846,0.049999997
284.50247203955263,0.06
284.50252004032063,0.055
284.50256804108864,0.055
284.50261604185664,0.055
284.50266404262464,0.06
284.50271204339265,0.049999997
284.5027600441607,0.06
284.5028080449287,0.06
284.5028560456967,0.055
284.5029040464647,0.055
284.5029520472327,0.055
284.50300004800073,0.049999997
284.5030480487688,0.06
284.5030960495368,0.055
284.5031440503048,0.044999998
284.5031920510728,0.04
284.5032400518408,0.06
284.5032880526088,0.049999997
284.5033360533768,0.06
284.5033840541449,0.044999998
284.5034320549129,0.055
284.5034800556809,0.055
284.5035280564489,0.055
284.5035760572169,0.055
284.5036240579849,0.055
284.5036720587529,0.055
284.50372005952096,0.049999997
284.50376806028896,0.049999997
284.50381606105697,0.055
284.50386406182497,0.055
284.503912062593,0.049999997
284.503960063361,0.049999997
284.504008064129,0.049999997
284.50405606489704,0.055
284.50410406566505,0.055
284.50415206643305,0.055
284.50420006720105,0.049999997
284.50424806796906,0.055
284.50429606873706,0.055
284.50434406950507,0.055
284.5043920702731,0.055
284.50444007104113,0.055
284.50448807180913,0.055
284.50453607257714,0.055
284.50458407334514,0.055
284.50463207411315,0.055
284.5046800748812,0.06
284.5047280756492,0.055
284.5047760764172,0.055
284.5048240771852,0.055
284.5048720779532,0.055
284.5049200787212,0.055
284.50496807948923,0.055
284.5050160802573,0.055
284.5050640810253,0.049999997
284.5051120817933,0.06
284.5051600825613,0.055
284.5052080833293,0.055
284.5052560840973,0.055
284.5053040848653,0.055
284.5053520856334,0.055
284.5054000864014,0.055
284.5054480871694,0.055
284.5054960879374,0.049999997
284.5055440887054,0.055
284.5055920894734,0.055
284.5056400902414,0.049999997
284.50568809100946,0.055
284.50573609177746,0.049999997
284.50578409254547,0.055
284.5058320933135,0.055
284.5058800940815,0.06
284.5059280948495,0.055
284.5059760956175,0.055
284.50602409638554,0.055
284.50607209715355,0.06
284.50612009792155,0.055
284.50616809868956,0.049999997
284.50621609945756,0.055
284.50626410022556,0.055
284.5063121009936,0.055
284.50636010176163,0.055
284.50640810252963,0.055
284.50645610329764,0.055
284.50650410406564,0.055
284.50655210483364,0.055
284.50660010560165,0.055
284.5066481063697,0.055
284.5066961071377,0.055
284.5067441079057,0.055
284.5067921086737,0.055
284.5068401094417,0.049999997
284.50688811020973,0.06
284.50693611097773,0.055
284.5069841117458,0.055
284.5070321125138,0.049999997
284.5070801132818,0.049999997
284.5071281140498,0.055
284.5071761148178,0.049999997
284.5072241155858,0.049999997
284.5072721163538,0.055
284.5073201171219,0.055
284.5073681178899,0.049999997
284.5074161186579,0.055
284.5074641194259,0.055
284.5075121201939,0.055
284.5075601209619,0.049999997
284.5076081217299,0.049999997
284.50765612249796,0.055
284.50770412326597,0.049999997
284.50775212403397,0.06
284.507800124802,0.055
284.50784812557,0.049999997
284.507896126338,0.06
284.50794412710604,0.049999997
284.50799212787405,0.055
284.50804012864205,0.049999997
284.50808812941005,0.055
284.50813613017806,0.055
284.50818413094606,0.055
284.50823213171407,0.049999997
284.5082801324821,0.055
284.50832813325013,0.06
284.50837613401814,0.055
284.50842413478614,0.055
284.50847213555414,0.049999997
284.50852013632215,0.055
284.50856813709015,0.055
284.5086161378582,0.049999997
284.5086641386262,0.049999997
284.5087121393942,0.055
284.5087601401622,0.055
284.5088081409302,0.055
284.50885614169823,0.049999997
284.50890414246624,0.055
284.5089521432343,0.055
284.5090001440023,0.06
284.5090481447703,0.044999998
284.5090961455383,0.049999997
284.5091441463063,0.055
284.5091921470743,0.055
284.5092401478423,0.055
284.5092881486104,0.055
284.5093361493784,0.06
284.5093841501464,0.055
284.5094321509144,0.055
284.5094801516824,0.055
284.5095281524504,0.06
284.50957615321846,0.06
284.50962415398646,0.049999997
284.50967215475447,0.055
284.5097201555225,0.055
284.5097681562905,0.055
284.5098161570585,0.055
284.5098641578265,0.055
284.50991215859455,0.055
284.50996015936255,0.055
284.51000816013055,0.055
284.51005616089856,0.055
284.51010416166656,0.055
284.51015216243457,0.055
284.51020016320257,0.06
284.51024816397063,0.055
284.51029616473863,0.055
284.51034416550664,0.055
284.51039216627464,0.055
284.51044016704265,0.049999997
284.51048816781065,0.055
284.51053616857865,0.055
284.5105841693467,0.06
284.5106321701147,0.055
284.5106801708827,0.055
284.5107281716507,0.049999997
284.51077617241873,0.055
284.51082417318673,0.055
284.51087217395474,0.049999997
284.5109201747228,0.06
284.5109681754908,0.055
284.5110161762588,0.055
284.5110641770268,0.049999997
284.5111121777948,0.055
284.5111601785628,0.055
284.5112081793309,0.055
284.5112561800989,0.055
284.5113041808669,0.055
284.5113521816349,0.055
284.5114001824029,0.055
284.5114481831709,0.055
284.5114961839389,0.055
284.51154418470696,0.06
284.51159218547497,0.055
284.51164018624297,0.055
284.511688187011,0.055
284.511736187779,0.055
284.511784188547,0.055
284.511832189315,0.06
284.51188019008305,0.055
284.51192819085105,0.049999997
284.51197619161906,0.055
284.51202419238706,0.055
284.51207219315506,0.055
284.51212019392307,0.049999997
284.51216819469107,0.055
284.51221619545913,0.055
284.51226419622714,0.055
284.51231219699514,0.049999997
284.51236019776314,0.055
284.51240819853115,0.049999997
284.51245619929915,0.055
284.51250420006716,0.049999997
284.5125522008352,0.055
284.5126002016032,0.055
284.5126482023712,0.055
284.5126962031392,0.049999997
284.51274420390723,0.055
284.51279220467524,0.049999997
284.5128402054433,0.055
284.5128882062113,0.055
284.5129362069793,0.055
284.5129842077473,0.06
284.5130322085153,0.044999998
284.5130802092833,0.06
284.5131282100513,0.055
284.5131762108194,0.044999998
284.5132242115874,0.065
284.5132722123554,0.065
284.5133202131234,0.06
284.5133682138914,0.055
284.5134162146594,0.055
284.5134642154274,0.049999997
284.51351221619547,0.055
284.51356021696347,0.055
284.5136082177315,0.055
284.5136562184995,0.055
284.5137042192675,0.049999997
284.5137522200355,0.055
284.5138002208035,0.055
284.51384822157155,0.055
284.51389622233955,0.055
284.51394422310756,0.055
284.51399222387556,0.055
284.51404022464357,0.049999997
284.51408822541157,0.049999997
284.5141362261796,0.049999997
284.51418422694763,0.049999997
284.51423222771564,0.049999997
284.51428022848364,0.055
284.51432822925165,0.055
284.51437623001965,0.049999997
284.51442423078765,0.06
284.5144722315557,0.055
284.5145202323237,0.055
284.5145682330917,0.055
284.5146162338597,0.055
284.51466423462773,0.055
284.51471223539573,0.055
284.51476023616374,0.055
284.5148082369318,0.055
284.5148562376998,0.049999997
284.5149042384678,0.055
284.5149522392358,0.049999997
284.5150002400038,0.06
284.5150482407718,0.049999997
284.5150962415398,0.06
284.5151442423079,0.055
284.5151922430759,0.065
284.5152402438439,0.055
284.5152882446119,0.049999997
284.5153362453799,0.055
284.5153842461479,0.06
284.5154322469159,0.055
284.51548024768397,0.049999997
284.515528248452,0.049999997
284.51557624922,0.055
284.515624249988,0.055
284.515672250756,0.055
284.515720251524,0.055
284.515768252292,0.06
284.51581625306005,0.055
284.51586425382806,0.06
284.51591225459606,0.055
284.51596025536406,0.06
284.51600825613207,0.055
284.5160562569001,0.06
284.51610425766813,0.049999997
284.51615225843614,0.055
284.51620025920414,0.055
284.51624825997214,0.049999997
284.51629626074015,0.055
284.51634426150815,0.055
284.51639226227616,0.06
284.5164402630442,0.049999997
284.5164882638122,0.055
284.5165362645802,0.049999997
284.51658426534823,0.055
284.51663226611623,0.049999997
284.51668026688424,0.055
284.51672826765224,0.055
284.5167762684203,0.055
284.5168242691883,0.055
284.5168722699563,0.055
284.5169202707243,0.055
284.5169682714923,0.055
284.5170162722603,0.049999997
284.5170642730283,0.055
284.5171122737964,0.055
284.5171602745644,0.055
284.5172082753324,0.055
284.5172562761004,0.049999997
284.5173042768684,0.055
284.5173522776364,0.049999997
284.5174002784044,0.055
284.51744827917247,0.049999997
284.5174962799405,0.055
284.5175442807085,0.049999997
284.5175922814765,0.06
284.5176402822445,0.055
284.5176882830125,0.055
284.51773628378055,0.06
284.51778428454855,0.055
284.51783228531656,0.06
284.51788028608456,0.055
284.51792828685257,0.06
284.51797628762057,0.055
284.5180242883886,0.055
284.51807228915663,0.055
284.51812028992464,0.055
284.51816829069264,0.055
284.51821629146065,0.055
284.51826429222865,0.049999997
284.51831229299665,0.055
284.51836029376466,0.055
284.5184082945327,0.055
284.5184562953007,0.055
284.5185042960687,0.055
284.51855229683673,0.055
284.51860029760473,0.055
284.51864829837274,0.06
284.51869629914074,0.055
284.5187442999088,0.049999997
284.5187923006768,0.049999997
284.5188403014448,0.055
284.5188883022128,0.049999997
284.5189363029808,0.055
284.5189843037488,0.049999997
284.5190323045168,0.055
284.5190803052849,0.055
284.5191283060529,0.055
284.5191763068209,0.055
284.5192243075889,0.06
284.5192723083569,0.055
284.5193203091249,0.055
284.51936830989297,0.055
284.519416310661,0.055
284.519464311429,0.055
284.519512312197,0.055
284.519560312965,0.055
284.519608313733,0.055
284.519656314501,0.049999997
284.51970431526905,0.055
284.51975231603706,0.055
284.51980031680506,0.065
284.51984831757306,0.049999997
284.51989631834107,0.049999997
284.5199443191091,0.055
284.5199923198771,0.055
284.52004032064514,0.055
284.52008832141314,0.06
284.52013632218114,0.049999997
284.52018432294915,0.055
284.52023232371715,0.055
284.52028032448516,0.065
284.52032832525316,0.049999997
284.5203763260212,0.06
284.5204243267892,0.055
284.52047232755723,0.06
284.52052032832523,0.055
284.52056832909324,0.049999997
284.52061632986124,0.049999997
284.52066433062924,0.055
284.5207123313973,0.049999997
284.5207603321653,0.055
284.5208083329333,0.055
284.5208563337013,0.055
284.5209043344693,0.055
284.5209523352373,0.06
284.5210003360054,0.055
284.5210483367734,0.055
284.5210963375414,0.055
284.5211443383094,0.055
284.5211923390774,0.055
284.5212403398454,0.055
284.5212883406134,0.055
284.52133634138147,0.049999997
284.5213843421495,0.055
284.5214323429175,0.055
284.5214803436855,0.049999997
284.5215283444535,0.055
284.5215763452215,0.049999997
284.5216243459895,0.055
284.52167234675755,0.055
284.52172034752556,0.055
284.52176834829356,0.049999997
284.52181634906157,0.06
284.52186434982957,0.055
284.5219123505976,0.055
284.5219603513656,0.055
284.52200835213364,0.06
284.52205635290164,0.06
284.52210435366965,0.06
284.52215235443765,0.049999997
284.52220035520565,0.06
284.52224835597366,0.055
284.52229635674166,0.055
284.5223443575097,0.055
284.5223923582777,0.06
284.52244035904573,0.055
284.52248835981374,0.06
284.52253636058174,0.055
284.52258436134974,0.055
284.5226323621178,0.055
284.5226803628858,0.06
284.5227283636538,0.055
284.5227763644218,0.055
284.5228243651898,0.055
284.5228723659578,0.06
284.5229203667258,0.055
284.5229683674939,0.049999997
284.5230163682619,0.055
284.5230643690299,0.06
284.5231123697979,0.049999997
284.5231603705659,0.049999997
284.5232083713339,0.06
284.5232563721019,0.044999998
284.52330437287,0.049999997
284.523352373638,0.055
284.523400374406,0.049999997
284.523448375174,0.06
284.523496375942,0.055
284.52354437671,0.055
284.523592377478,0.055
284.52364037824606,0.055
284.52368837901406,0.055
284.52373637978206,0.06
284.52378438055007,0.055
284.5238323813181,0.049999997
284.5238803820861,0.055
284.5239283828541,0.049999997
284.52397638362214,0.055
284.52402438439015,0.049999997
284.52407238515815,0.049999997
284.52412038592615,0.049999997
284.52416838669416,0.055
284.52421638746216,0.049999997
284.5242643882302,0.065
284.5243123889982,0.06
284.52436038976623,0.055
284.52440839053423,0.06
284.52445639130224,0.06
284.52450439207024,0.055
284.52455239283825,0.055
284.5246003936063,0.055
284.5246483943743,0.055
284.5246963951423,0.049999997
284.5247443959103,0.055
284.5247923966783,0.055
284.5248403974463,0.049999997
284.52488839821433,0.06
284.5249363989824,0.055
284.5249843997504,0.049999997
284.5250324005184,0.049999997
284.5250804012864,0.055
284.5251284020544,0.049999997
284.5251764028224,0.055
284.5252244035904,0.049999997
284.5252724043585,0.049999997
284.5253204051265,0.055
284.5253684058945,0.055
284.5254164066625,0.055
284.5254644074305,0.049999997
284.5255124081985,0.055
284.5255604089665,0.049999997
284.52560840973456,0.049999997
284.52565641050256,0.055
284.52570441127057,0.055
284.52575241203857,0.055
284.5258004128066,0.055
284.5258484135746,0.055
284.52589641434264,0.055
284.52594441511064,0.055
284.52599241587865,0.049999997
284.52604041664665,0.055
284.52608841741466,0.055
284.52613641818266,0.055
284.52618441895066,0.055
284.5262324197187,0.055
284.5262804204867,0.055
284.52632842125473,0.055
284.52637642202274,0.055
284.52642442279074,0.055
284.52647242355874,0.055
284.52652042432675,0.055
284.5265684250948,0.055
284.5266164258628,0.055
284.5266644266308,0.049999997
284.5267124273988,0.055
284.5267604281668,0.055
284.5268084289348,0.049999997
284.52685642970283,0.055
284.5269044304709,0.055
284.5269524312389,0.049999997
284.5270004320069,0.06
284.5270484327749,0.055
284.5270964335429,0.06
284.5271444343109,0.055
284.5271924350789,0.055
284.527240435847,0.049999997
284.527288436615,0.055
284.527336437383,0.055
284.527384438151,0.055
284.527432438919,0.055
284.527480439687,0.055
284.52752844045506,0.055
284.52757644122306,0.055
284.52762444199107,0.055
284.52767244275907,0.055
284.5277204435271,0.055
284.5277684442951,0.055
284.5278164450631,0.055
284.52786444583114,0.055
284.52791244659915,0.049999997
284.52796044736715,0.049999997
284.52800844813515,0.055
284.52805644890316,0.049999997
284.52810444967116,0.055
284.52815245043917,0.049999997
284.5282004512072,0.055
284.52824845197523,0.049999997
284.52829645274323,0.055
284.52834445351124,0.06
284.52839245427924,0.055
284.52844045504725,0.044999998
284.52848845581525,0.055
284.5285364565833,0.049999997
284.5285844573513,0.049999997
284.5286324581193,0.055
284.5286804588873,0.055
284.5287284596553,0.055
284.52877646042333,0.055
284.52882446119133,0.055
284.5288724619594,0.055
284.5289204627274,0.049999997
284.5289684634954,0.06
284.5290164642634,0.06
284.5290644650314,0.06
284.5291124657994,0.06
284.5291604665675,0.06
284.5292084673355,0.055
284.5292564681035,0.049999997
284.5293044688715,0.055
284.5293524696395,0.049999997
284.5294004704075,0.049999997
284.5294484711755,0.055
284.52949647194356,0.055
284.52954447271156,0.055
284.52959247347957,0.055
284.52964047424757,0.055
284.5296884750156,0.049999997
284.5297364757836,0.06
284.5297844765516,0.055
284.52983247731964,0.049999997
284.52988047808765,0.055
284.52992847885565,0.06
284.52997647962366,0.055
284.53002448039166,0.055
284.53007248115966,0.055
284.53012048192767,0.055
284.53016848269573,0.055
284.53021648346373,0.049999997
284.53026448423174,0.055
284.53031248499974,0.049999997
284.53036048576774,0.049999997
284.53040848653575,0.055
284.53045648730375,0.055
284.5305044880718,0.055
284.5305524888398,0.049999997
284.5306004896078,0.055
284.5306484903758,0.055
284.53069649114383,0.055
284.53074449191183,0.055
284.5307924926799,0.049999997
284.5308404934479,0.055
284.5308884942159,0.049999997
284.5309364949839,0.055
284.5309844957519,0.055
284.5310324965199,0.055
284.5310804972879,0.055
284.531128498056,0.055
284.531176498824,0.049999997
284.531224499592,0.049999997
284.53127250036,0.055
284.531320501128,0.049999997
284.531368501896,0.055
284.531416502664,0.049999997
284.53146450343206,0.055
284.53151250420007,0.049999997
284.53156050496807,0.049999997
284.5316085057361,0.06
284.5316565065041,0.06
284.5317045072721,0.06
284.5317525080401,0.049999997
284.53180050880815,0.06
284.53184850957615,0.06
284.53189651034415,0.06
284.53194451111216,0.055
284.53199251188016,0.065
284.53204051264817,0.055
284.53208851341617,0.049999997
284.53213651418423,0.055
284.53218451495223,0.049999997
284.53223251572024,0.055
284.53228051648824,0.049999997
284.53232851725625,0.06
284.53237651802425,0.049999997
284.5324245187923,0.055
284.5324725195603,0.055
284.5325205203283,0.055
284.5325685210963,0.055
284.5326165218643,0.055
284.53266452263233,0.049999997
284.53271252340033,0.055
284.5327605241684,0.055
284.5328085249364,0.055
284.5328565257044,0.055
284.5329045264724,0.06
284.5329525272404,0.06
284.5330005280084,0.049999997
284.5330485287764,0.055
284.5330965295445,0.055
284.5331445303125,0.055
284.5331925310805,0.055
284.5332405318485,0.055
284.5332885326165,0.06
284.5333365333845,0.055
284.5333845341525,0.055
284.53343253492056,0.055
284.53348053568857,0.049999997
284.5335285364566,0.055
284.5335765372246,0.055
284.5336245379926,0.055
284.5336725387606,0.055
284.5337205395286,0.06
284.53376854029665,0.055
284.53381654106465,0.049999997
284.53386454183266,0.055
284.53391254260066,0.055
284.53396054336866,0.049999997
284.53400854413667,0.06
284.53405654490473,0.055
284.53410454567273,0.055
284.53415254644074,0.055
284.53420054720874,0.049999997
284.53424854797674,0.055
284.53429654874475,0.055
284.53434454951275,0.055
284.5343925502808,0.049999997
284.5344405510488,0.055
284.5344885518168,0.049999997
284.5345365525848,0.055
284.53458455335283,0.055
284.53463255412083,0.055
284.53468055488884,0.049999997
284.5347285556569,0.049999997
284.5347765564249,0.055
284.5348245571929,0.055
284.5348725579609,0.06
284.5349205587289,0.055
284.5349685594969,0.055
284.5350165602649,0.06
284.535064561033,0.055
284.535112561801,0.055
284.535160562569,0.055
284.535208563337,0.06
284.535256564105,0.06
284.535304564873,0.06
284.535352565641,0.055
284.53540056640907,0.06
284.53544856717707,0.06
284.5354965679451,0.06
284.5355445687131,0.055
284.5355925694811,0.055
284.5356405702491,0.055
284.53568857101715,0.06
284.53573657178515,0.055
284.53578457255315,0.055
284.53583257332116,0.055
284.53588057408916,0.055
284.53592857485717,0.06
284.53597657562517,0.049999997
284.53602457639323,0.049999997
284.53607257716124,0.06
284.53612057792924,0.055
284.53616857869724,0.049999997
284.53621657946525,0.055
284.53626458023325,0.055
284.53631258100125,0.055
284.5363605817693,0.055
284.5364085825373,0.055
284.5364565833053,0.055
284.5365045840733,0.049999997
284.53655258484133,0.055
284.53660058560934,0.055
284.53664858637734,0.055
284.5366965871454,0.055
284.5367445879134,0.055
284.5367925886814,0.049999997
284.5368405894494,0.049999997
284.5368885902174,0.049999997
284.5369365909854,0.055
284.5369845917534,0.055
284.5370325925215,0.055
284.5370805932895,0.055
284.5371285940575,0.055
284.5371765948255,0.049999997
284.5372245955935,0.055
284.5372725963615,0.055
284.53732059712956,0.055
284.53736859789757,0.049999997
284.5374165986656,0.049999997
284.5374645994336,0.055
284.5375126002016,0.055
284.5375606009696,0.055
284.5376086017376,0.049999997
284.53765660250565,0.06
284.53770460327365,0.055
284.53775260404166,0.06
284.53780060480966,0.055
284.53784860557766,0.055
284.53789660634567,0.055
284.5379446071137,0.049999997
284.53799260788173,0.06
284.53804060864974,0.06
284.53808860941774,0.055
284.53813661018575,0.06
284.53818461095375,0.055
284.53823261172175,0.049999997
284.53828061248976,0.055
284.5383286132578,0.049999997
284.5383766140258,0.055
284.5384246147938,0.049999997
284.53847261556183,0.055
284.53852061632983,0.055
284.53856861709784,0.055
284.53861661786584,0.055
284.5386646186339,0.055
284.5387126194019,0.055
284.5387606201699,0.055
284.5388086209379,0.055
284.5388566217059,0.055
284.5389046224739,0.055
284.538952623242,0.049999997
284.53900062401,0.055
284.539048624778,0.055
284.539096625546,0.06
284.539144626314,0.055
284.539192627082,0.055
284.53924062785,0.055
284.53928862861807,0.055
284.53933662938607,0.049999997
284.5393846301541,0.055
284.5394326309221,0.055
284.5394806316901,0.055
284.5395286324581,0.055
284.5395766332261,0.055
284.53962463399415,0.055
284.53967263476216,0.055
284.53972063553016,0.06
284.53976863629816,0.055
284.53981663706617,0.055
284.53986463783417,0.055
284.5399126386022,0.055
284.53996063937024,0.049999997
284.54000864013824,0.055
284.54005664090624,0.055
284.54010464167425,0.055
284.54015264244225,0.049999997
284.54020064321026,0.055
284.54024864397826,0.049999997
284.5402966447463,0.049999997
284.5403446455143,0.06
284.5403926462823,0.055
284.54044064705033,0.049999997
284.54048864781834,0.055
284.54053664858634,0.055
284.5405846493544,0.055
284.5406326501224,0.055
284.5406806508904,0.049999997
284.5407286516584,0.055
284.5407766524264,0.055
284.5408246531944,0.055
284.5408726539624,0.049999997
284.5409206547305,0.055
284.5409686554985,0.055
284.5410166562665,0.049999997
284.5410646570345,0.06
284.5411126578025,0.055
284.5411606585705,0.049999997
284.5412086593385,0.049999997
284.54125666010657,0.055
284.5413046608746,0.055
284.5413526616426,0.055
284.5414006624106,0.055
284.5414486631786,0.055
284.5414966639466,0.049999997
284.5415446647146,0.055
284.54159266548265,0.055
284.54164066625066,0.055
284.54168866701866,0.055
284.54173666778667,0.049999997
284.54178466855467,0.049999997
284.5418326693227,0.055
284.5418806700907,0.055
284.54192867085874,0.06
284.54197667162674,0.055
284.54202467239475,0.06
284.54207267316275,0.055
284.54212067393075,0.06
284.54216867469876,0.055
284.5422166754668,0.055
284.5422646762348,0.055
284.5423126770028,0.049999997
284.54236067777083,0.055
284.54240867853883,0.049999997
284.54245667930684,0.06
284.54250468007484,0.049999997
284.5425526808429,0.055
284.5426006816109,0.055
284.5426486823789,0.06
284.5426966831469,0.055
284.5427446839149,0.06
284.5427926846829,0.055
284.5428406854509,0.06
284.542888686219,0.06
284.542936686987,0.049999997
284.542984687755,0.049999997
284.543032688523,0.055
284.543080689291,0.049999997
284.543128690059,0.06
284.543176690827,0.055
284.54322469159507,0.055
284.5432726923631,0.06
284.5433206931311,0.055
284.5433686938991,0.049999997
284.5434166946671,0.055
284.5434646954351,0.049999997
284.5435126962031,0.055
284.54356069697116,0.049999997
284.54360869773916,0.06
284.54365669850716,0.055
284.54370469927517,0.06
284.54375270004317,0.055
284.5438007008112,0.055
284.54384870157924,0.049999997
284.54389670234724,0.055
284.54394470311524,0.055
284.54399270388325,0.055
284.54404070465125,0.055
284.54408870541926,0.055
284.54413670618726,0.055
284.5441847069553,0.065
284.5442327077233,0.055
284.5442807084913,0.055
284.54432870925933,0.055
284.54437671002734,0.055
284.54442471079534,0.055
284.54447271156334,0.055
284.5445207123314,0.055
284.5445687130994,0.055
284.5446167138674,0.055
284.5446647146354,0.055
284.5447127154034,0.055
284.5447607161714,0.049999997
284.54480871693943,0.055
284.5448567177075,0.049999997
284.5449047184755,0.055
284.5449527192435,0.049999997
284.5450007200115,0.055
284.5450487207795,0.049999997
284.5450967215475,0.055
284.5451447223155,0.049999997
284.5451927230836,0.055
284.5452407238516,0.055
284.5452887246196,0.055
284.5453367253876,0.06
284.5453847261556,0.055
284.5454327269236,0.055
284.5454807276916,0.06
284.54552872845966,0.055
284.54557672922766,0.049999997
284.54562472999567,0.049999997
284.54567273076367,0.055
284.5457207315317,0.049999997
284.5457687322997,0.06
284.54581673306774,0.055
284.54586473383574,0.055
284.54591273460375,0.06
284.54596073537175,0.06
284.54600873613975,0.055
284.54605673690776,0.065
284.54610473767576,0.06
284.5461527384438,0.065
284.5462007392118,0.055
284.54624873997983,0.055
284.54629674074783,0.055
284.54634474151584,0.049999997
284.54639274228384,0.055
284.54644074305185,0.055
284.5464887438199,0.049999997
284.5465367445879,0.06
284.5465847453559,0.06
284.5466327461239,0.055
284.5466807468919,0.055
284.5467287476599,0.055
284.54677674842793,0.055
284.546824749196,0.055
284.546872749964,0.055
284.546920750732,0.055
284.5469687515,0.055
284.547016752268,0.055
284.547064753036,0.049999997
284.547112753804,0.06
284.5471607545721,0.055
284.5472087553401,0.055
284.5472567561081,0.055
284.5473047568761,0.06
284.5473527576441,0.049999997
284.5474007584121,0.055
284.54744875918016,0.055
284.54749675994816,0.055
284.54754476071616,0.055
284.54759276148417,0.055
284.5476407622522,0.049999997
284.5476887630202,0.055
284.5477367637882,0.055
284.54778476455624,0.055
284.54783276532424,0.055
284.54788076609225,0.055
284.54792876686025,0.055
284.54797676762826,0.055
284.54802476839626,0.06
284.54807276916426,0.055
284.5481207699323,0.055
284.54816877070033,0.049999997
284.54821677146833,0.055
284.54826477223634,0.055
284.54831277300434,0.055
284.54836077377234,0.049999997
284.54840877454035,0.055
284.5484567753084,0.055
284.5485047760764,0.055
284.5485527768444,0.049999997
284.5486007776124,0.055
284.5486487783804,0.055
284.54869677914843,0.055
284.54874477991643,0.049999997
284.5487927806845,0.055
284.5488407814525,0.049999997
284.5488887822205,0.055
284.5489367829885,0.055
284.5489847837565,0.055
284.5490327845245,0.055
284.5490807852926,0.055
284.5491287860606,0.055
284.5491767868286,0.055
284.5492247875966,0.055
284.5492727883646,0.055
284.5493207891326,0.055
284.5493687899006,0.049999997
284.54941679066866,0.055
284.54946479143666,0.049999997
284.54951279220467,0.049999997
284.54956079297267,0.06
284.5496087937407,0.055
284.5496567945087,0.055
284.5497047952767,0.049999997
284.54975279604474,0.055
284.54980079681275,0.049999997
284.54984879758075,0.06
284.54989679834875,0.049999997
284.54994479911676,0.06
284.54999279988476,0.06
284.55004080065277,0.049999997
284.5500888014208,0.049999997
284.55013680218883,0.049999997
284.55018480295684,0.055
284.55023280372484,0.055
284.55028080449284,0.055
284.55032880526085,0.055
284.55037680602885,0.049999997
284.5504248067969,0.049999997
284.5504728075649,0.055
284.5505208083329,0.055
284.5505688091009,0.055
284.5506168098689,0.055
284.55066481063693,0.055
284.550712811405,0.055
284.550760812173,0.055
284.550808812941,0.055
284.550856813709,0.055
284.550904814477,0.055
284.550952815245,0.055
284.551000816013,0.055
284.5510488167811,0.055
284.5510968175491,0.055
284.5511448183171,0.055
284.5511928190851,0.055
284.5512408198531,0.055
284.5512888206211,0.049999997
284.5513368213891,0.055
284.55138482215716,0.055
284.55143282292516,0.049999997
284.55148082369317,0.055
284.5515288244612,0.055
284.5515768252292,0.049999997
284.5516248259972,0.055
284.5516728267652,0.055
284.55172082753325,0.06
284.55176882830125,0.055
284.55181682906925,0.06
284.55186482983726,0.055
284.55191283060526,0.06
284.55196083137326,0.055
284.55200883214127,0.055
284.55205683290933,0.055
284.55210483367733,0.055
284.55215283444534,0.055
284.55220083521334,0.049999997
284.55224883598135,0.055
284.55229683674935,0.055
284.5523448375174,0.06
284.5523928382854,0.055
284.5524408390534,0.055
284.5524888398214,0.06
284.5525368405894,0.055
284.55258484135743,0.055
284.55263284212543,0.055
284.5526808428935,0.049999997
284.5527288436615,0.055
284.5527768444295,0.06
284.5528248451975,0.055
284.5528728459655,0.055
284.5529208467335,0.055
284.5529688475015,0.06
284.5530168482696,0.055
284.5530648490376,0.055
284.5531128498056,0.055
284.5531608505736,0.049999997
284.5532088513416,0.049999997
284.5532568521096,0.055
284.5533048528776,0.055
284.55335285364566,0.055
284.55340085441367,0.049999997
284.55344885518167,0.049999997
284.5534968559497,0.055
284.5535448567177,0.055
284.5535928574857,0.049999997
284.5536408582537,0.055
284.55368885902175,0.055
284.55373685978975,0.055
284.55378486055776,0.06
284.55383286132576,0.055
284.55388086209376,0.049999997
284.55392886286177,0.055
284.5539768636298,0.055
284.55402486439783,0.055
284.55407286516584,0.049999997
284.55412086593384,0.055
284.55416886670184,0.049999997
284.55421686746985,0.055
284.55426486823785,0.049999997
284.5543128690059,0.055
284.5543608697739,0.055
284.5544088705419,0.055
284.5544568713099,0.055
284.5545048720779,0.055
284.55455287284593,0.055
284.55460087361394,0.049999997
284.554648874382,0.055
284.55469687515,0.055
284.554744875918,0.055
284.554792876686,0.055
284.554840877454,0.055
284.554888878222,0.055
284.55493687899,0.06
284.5549848797581,0.049999997
284.5550328805261,0.055
284.5550808812941,0.049999997
284.5551288820621,0.055
284.5551768828301,0.055
284.5552248835981,0.055
284.5552728843661,0.055
284.55532088513417,0.055
284.55536888590217,0.049999997
284.5554168866702,0.055
284.5554648874382,0.055
284.5555128882062,0.049999997
284.5555608889742,0.055
284.55560888974225,0.055
284.55565689051025,0.055
284.55570489127825,0.055
284.55575289204626,0.049999997
284.55580089281426,0.049999997
284.55584889358227,0.055
284.55589689435027,0.055
284.55594489511833,0.055
284.55599289588633,0.049999997
284.55604089665434,0.055
284.55608889742234,0.055
284.55613689819035,0.055
284.55618489895835,0.049999997
284.55623289972635,0.06
284.5562809004944,0.055
284.5563289012624,0.06
284.5563769020304,0.055
284.5564249027984,0.049999997
284.55647290356643,0.055
284.55652090433443,0.049999997
284.55656890510244,0.049999997
284.5566169058705,0.055
284.5566649066385,0.06
284.5567129074065,0.049999997
284.5567609081745,0.055
284.5568089089425,0.055
284.5568569097105,0.055
284.5569049104785,0.049999997
284.5569529112466,0.055
284.5570009120146,0.06
284.5570489127826,0.055
284.5570969135506,0.06
284.5571449143186,0.06
284.5571929150866,0.06
284.55724091585466,0.055
284.55728891662267,0.049999997
284.55733691739067,0.055
284.5573849181587,0.055
284.5574329189267,0.055
284.5574809196947,0.049999997
284.5575289204627,0.055
284.55757692123075,0.055
284.55762492199875,0.055
284.55767292276676,0.049999997
284.55772092353476,0.055
284.55776892430276,0.055
284.55781692507077,0.055
284.55786492583877,0.049999997
284.55791292660683,0.049999997
284.55796092737484,0.055
284.55800892814284,0.055
284.55805692891084,0.055
284.55810492967885,0.055
284.55815293044685,0.049999997
284.55820093121486,0.055
284.5582489319829,0.049999997
284.5582969327509,0.055
284.5583449335189,0.055
284.5583929342869,0.055
284.55844093505493,0.055
284.55848893582294,0.049999997
284.55853693659094,0.049999997
284.558584937359,0.055
284.558632938127,0.049999997
284.558680938895,0.055
284.558728939663,0.055
284.558776940431,0.06
284.558824941199,0.055
284.5588729419671,0.06
284.5589209427351,0.049999997
284.5589689435031,0.055
284.5590169442711,0.055
284.5590649450391,0.06
284.5591129458071,0.055
284.5591609465751,0.06
284.55920894734317,0.055
284.55925694811117,0.055
284.5593049488792,0.055
284.5593529496472,0.055
284.5594009504152,0.055
284.5594489511832,0.055
284.5594969519512,0.055
284.55954495271925,0.055
284.55959295348725,0.055
284.55964095425526,0.055
284.55968895502326,0.055
284.55973695579127,0.049999997
284.55978495655927,0.049999997
284.5598329573273,0.055
284.55988095809533,0.055
284.55992895886334,0.049999997
284.55997695963134,0.055
284.56002496039935,0.055
284.56007296116735,0.049999997
284.56012096193535,0.049999997
284.56016896270336,0.055
284.5602169634714,0.055
284.5602649642394,0.049999997
284.5603129650074,0.055
284.56036096577543,0.055
284.56040896654343,0.049999997
284.56045696731144,0.055
284.5605049680795,0.049999997
284.5605529688475,0.055
284.5606009696155,0.049999997
284.5606489703835,0.055
284.5606969711515,0.049999997
284.5607449719195,0.055
284.5607929726875,0.049999997
284.5608409734556,0.055
284.5608889742236,0.055
284.5609369749916,0.055
284.5609849757596,0.044999998
284.5610329765276,0.055
284.5610809772956,0.049999997
284.5611289780636,0.055
284.56117697883167,0.055
284.5612249795997,0.065
284.5612729803677,0.049999997
284.5613209811357,0.06
284.5613689819037,0.055
284.5614169826717,0.055
284.5614649834397,0.049999997
284.56151298420775,0.06
284.56156098497576,0.049999997
284.56160898574376,0.065
284.56165698651176,0.055
284.56170498727977,0.06
284.5617529880478,0.055
284.5618009888158,0.06
284.56184898958384,0.06
284.56189699035184,0.06
284.56194499111984,0.055
284.56199299188785,0.065
284.56204099265585,0.049999997
284.56208899342386,0.06
284.5621369941919,0.055
284.5621849949599,0.06
284.5622329957279,0.055
284.56228099649593,0.06
284.56232899726393,0.055
284.56237699803194,0.049999997
284.56242499879994,0.055
284.562472999568,0.055
284.562521000336,0.049999997
284.562569001104,0.055
284.562617001872,0.055
284.56266500264,0.06
284.562713003408,0.055
284.562761004176,0.055
284.5628090049441,0.055
284.5628570057121,0.055
284.5629050064801,0.055
284.5629530072481,0.055
284.5630010080161,0.06
284.5630490087841,0.055
284.5630970095521,0.049999997
284.56314501032017,0.055
284.5631930110882,0.049999997
284.5632410118562,0.049999997
284.5632890126242,0.049999997
284.5633370133922,0.06
284.5633850141602,0.055
284.5634330149282,0.06
284.56348101569625,0.055
284.56352901646426,0.049999997
284.56357701723226,0.049999997
284.56362501800027,0.055
284.56367301876827,0.06
284.5637210195363,0.049999997
284.56376902030433,0.055
284.56381702107234,0.055
284.56386502184034,0.055
284.56391302260835,0.049999997
284.56396102337635,0.055
284.56400902414435,0.049999997
284.56405702491236,0.055
284.5641050256804,0.055
284.5641530264484,0.055
284.5642010272164,0.049999997
284.56424902798443,0.055
284.56429702875243,0.049999997
284.56434502952044,0.055
284.56439303028844,0.049999997
284.5644410310565,0.049999997
284.5644890318245,0.049999997
284.5645370325925,0.055
284.5645850333605,0.049999997
284.5646330341285,0.055
284.5646810348965,0.049999997
284.5647290356645,0.055
284.5647770364326,0.049999997
284.5648250372006,0.049999997
284.5648730379686,0.055
284.5649210387366,0.049999997
284.5649690395046,0.049999997
284.5650170402726,0.049999997
284.5650650410406,0.049999997
284.5651130418087,0.049999997
284.5651610425767,0.049999997
284.5652090433447,0.055
284.5652570441127,0.049999997
284.5653050448807,0.055
284.5653530456487,0.049999997
284.56540104641675,0.06
284.56544904718476,0.055
284.56549704795276,0.055
284.56554504872076,0.055
284.56559304948877,0.06
284.5656410502568,0.055
284.5656890510248,0.06
284.56573705179284,0.055
284.56578505256084,0.06
284.56583305332884,0.055
284.56588105409685,0.06
284.56592905486485,0.049999997
284.56597705563286,0.049999997
284.56602505640086,0.055
284.5660730571689,0.055
284.5661210579369,0.055
284.56616905870493,0.049999997
284.56621705947293,0.055
284.56626506024094,0.055
284.56631306100894,0.055
284.56636106177695,0.055
284.566409062545,0.055
284.566457063313,0.055
284.566505064081,0.055
284.566553064849,0.055
284.566601065617,0.049999997
284.566649066385,0.055
284.56669706715303,0.06
284.5667450679211,0.055
284.5667930686891,0.055
284.5668410694571,0.049999997
284.5668890702251,0.055
284.5669370709931,0.049999997
284.5669850717611,0.049999997
284.56703307252917,0.049999997
284.5670810732972,0.055
284.5671290740652,0.055
284.5671770748332,0.055
284.5672250756012,0.055
284.5672730763692,0.049999997
284.5673210771372,0.055
284.56736907790525,0.049999997
284.56741707867326,0.049999997
284.56746507944126,0.055
284.56751308020927,0.055
284.56756108097727,0.06
284.5676090817453,0.055
284.5676570825133,0.049999997
284.56770508328134,0.055
284.56775308404934,0.049999997
284.56780108481735,0.049999997
284.56784908558535,0.06
284.56789708635336,0.055
284.56794508712136,0.06
284.56799308788936,0.06
284.5680410886574,0.06
284.5680890894254,0.055
284.56813709019343,0.055
284.56818509096144,0.055
284.56823309172944,0.049999997
284.56828109249744,0.055
284.56832909326545,0.049999997
284.5683770940335,0.055
284.5684250948015,0.055
284.5684730955695,0.055
284.5685210963375,0.049999997
284.5685690971055,0.049999997
284.5686170978735,0.055
284.5686650986416,0.055
284.5687130994096,0.049999997
284.5687611001776,0.055
284.5688091009456,0.049999997
284.5688571017136,0.055
284.5689051024816,0.055
284.5689531032496,0.055
284.5690011040177,0.055
284.5690491047857,0.055
284.5690971055537,0.055
284.5691451063217,0.049999997
284.5691931070897,0.055
284.5692411078577,0.055
284.5692891086257,0.055
284.56933710939376,0.049999997
284.56938511016176,0.049999997
284.56943311092977,0.055
284.56948111169777,0.055
284.5695291124658,0.055
284.5695771132338,0.049999997
284.5696251140018,0.055
284.56967311476984,0.055
284.56972111553785,0.049999997
284.56976911630585,0.049999997
284.56981711707385,0.055
284.56986511784186,0.049999997
284.56991311860986,0.055
284.56996111937787,0.049999997
284.5700091201459,0.055
284.57005712091393,0.049999997
284.57010512168193,0.055
284.57015312244994,0.055
284.57020112321794,0.06
284.57024912398595,0.055
284.570297124754,0.065
284.570345125522,0.055
284.57039312629,0.06
284.570441127058,0.055
284.570489127826,0.065
284.570537128594,0.055
284.57058512936203,0.06
284.5706331301301,0.055
284.5706811308981,0.049999997
284.5707291316661,0.055
284.5707771324341,0.055
284.5708251332021,0.055
284.5708731339701,0.049999997
284.5709211347381,0.055
284.5709691355062,0.049999997
284.5710171362742,0.055
284.5710651370422,0.055
284.5711131378102,0.049999997
284.5711611385782,0.055
284.5712091393462,0.055
284.5712571401142,0.055
284.57130514088226,0.049999997
284.57135314165026,0.049999997
284.57140114241827,0.055
284.57144914318627,0.06
284.5714971439543,0.06
284.5715451447223,0.055
284.5715931454903,0.049999997
284.57164114625834,0.055
284.57168914702635,0.055
284.57173714779435,0.055
284.57178514856236,0.055
284.57183314933036,0.055
284.57188115009836,0.049999997
284.5719291508664,0.055
284.5719771516344,0.049999997
284.57202515240243,0.049999997
284.57207315317044,0.055
284.57212115393844,0.055
284.57216915470644,0.055
284.57221715547445,0.055
284.5722651562425,0.055
284.5723131570105,0.06
284.5723611577785,0.055
284.5724091585465,0.06
284.5724571593145,0.055
284.5725051600825,0.06
284.57255316085053,0.055
284.5726011616186,0.055
284.5726491623866,0.049999997
284.5726971631546,0.055
284.5727451639226,0.049999997
284.5727931646906,0.055
284.5728411654586,0.055
284.5728891662266,0.055
284.5729371669947,0.055
284.5729851677627,0.055
284.5730331685307,0.055
284.5730811692987,0.055
284.5731291700667,0.055
284.5731771708347,0.055
284.5732251716027,0.055
284.57327317237076,0.055
284.57332117313877,0.055
284.57336917390677,0.044999998
284.5734171746748,0.049999997
284.5734651754428,0.055
284.5735131762108,0.049999997
284.57356117697884,0.049999997
284.57360917774685,0.049999997
284.57365717851485,0.055
284.57370517928285,0.049999997
284.57375318005086,0.055
284.57380118081886,0.049999997
284.57384918158687,0.06
284.5738971823549,0.049999997
284.57394518312293,0.055
284.57399318389093,0.049999997
284.57404118465894,0.055
284.57408918542694,0.055
284.57413718619495,0.06
284.57418518696295,0.055
284.574233187731,0.06
284.574281188499,0.055
284.574329189267,0.06
284.574377190035,0.055
284.574425190803,0.049999997
284.57447319157103,0.055
284.57452119233903,0.049999997
284.5745691931071,0.055
284.5746171938751,0.055
284.5746651946431,0.055
284.5747131954111,0.06
284.5747611961791,0.06
284.5748091969471,0.055
284.5748571977151,0.049999997
284.5749051984832,0.055
284.5749531992512,0.055
284.5750012000192,0.055
284.5750492007872,0.055
284.5750972015552,0.055
284.5751452023232,0.06
284.57519320309126,0.049999997
284.57524120385926,0.055
284.57528920462727,0.049999997
284.5753372053953,0.055
284.5753852061633,0.049999997
284.5754332069313,0.055
284.5754812076993,0.049999997
284.57552920846734,0.055
284.57557720923535,0.055
284.57562521000335,0.055
284.57567321077136,0.055
284.57572121153936,0.055
284.57576921230736,0.049999997
284.57581721307537,0.049999997
284.57586521384343,0.049999997
284.57591321461143,0.055
284.57596121537944,0.055
284.57600921614744,0.06
284.57605721691544,0.055
284.57610521768345,0.055
284.57615321845145,0.049999997
284.5762012192195,0.06
284.5762492199875,0.049999997
284.5762972207555,0.06
284.5763452215235,0.055
284.57639322229153,0.055
284.57644122305953,0.055
284.57648922382754,0.055
284.5765372245956,0.055
284.5765852253636,0.055
284.5766332261316,0.055
284.5766812268996,0.055
284.5767292276676,0.055
284.5767772284356,0.06
284.5768252292037,0.055
284.5768732299717,0.055
284.5769212307397,0.055
284.5769692315077,0.055
284.5770172322757,0.049999997
284.5770652330437,0.049999997
284.5771132338117,0.049999997
284.57716123457976,0.055
284.57720923534777,0.055
284.57725723611577,0.049999997
284.5773052368838,0.055
284.5773532376518,0.049999997
284.5774012384198,0.06
284.5774492391878,0.055
284.57749723995585,0.06
284.57754524072385,0.055
284.57759324149185,0.065
284.57764124225986,0.055
284.57768924302786,0.049999997
284.57773724379587,0.06
284.57778524456387,0.06
284.57783324533193,0.055
284.57788124609993,0.055
284.57792924686794,0.049999997
284.57797724763594,0.055
284.57802524840395,0.055
284.57807324917195,0.055
284.57812124993995,0.055
284.578169250708,0.055
284.578217251476,0.055
284.578265252244,0.055
284.578313253012,0.055
284.57836125378003,0.06
284.57840925454803,0.055
284.5784572553161,0.055
284.5785052560841,0.06
284.5785532568521,0.055
284.5786012576201,0.055
284.5786492583881,0.055
284.5786972591561,0.049999997
284.5787452599241,0.055
284.5787932606922,0.055
284.5788412614602,0.055
284.5788892622282,0.055
284.5789372629962,0.049999997
284.5789852637642,0.055
284.5790332645322,0.055
284.5790812653002,0.055
284.57912926606826,0.055
284.57917726683627,0.055
284.5792252676043,0.049999997
284.5792732683723,0.055
284.5793212691403,0.049999997
284.5793692699083,0.055
284.5794172706763,0.055
284.57946527144435,0.055
284.57951327221235,0.055
284.57956127298036,0.055
284.57960927374836,0.055
284.57965727451636,0.055
284.57970527528437,0.055
284.5797532760524,0.055
284.57980127682043,0.055
284.57984927758844,0.055
284.57989727835644,0.055
284.57994527912444,0.055
284.57999327989245,0.049999997
284.58004128066045,0.055
284.5800892814285,0.06
284.5801372821965,0.055
284.5801852829645,0.049999997
284.5802332837325,0.049999997
284.58028128450053,0.055
284.58032928526853,0.049999997
284.58037728603654,0.055
284.5804252868046,0.049999997
284.5804732875726,0.049999997
284.5805212883406,0.055
284.5805692891086,0.049999997
284.5806172898766,0.055
284.5806652906446,0.049999997
284.5807132914126,0.055
284.5807612921807,0.055
284.5808092929487,0.055
284.5808572937167,0.055
284.5809052944847,0.06
284.5809532952527,0.049999997
284.5810012960207,0.06
284.5810492967887,0.049999997
284.58109729755677,0.055
284.58114529832477,0.055
284.5811932990928,0.055
284.5812412998608,0.049999997
284.5812893006288,0.06
284.5813373013968,0.06
284.5813853021648,0.06
284.58143330293285,0.055
284.58148130370085,0.055
284.58152930446886,0.055
284.58157730523686,0.055
284.58162530600487,0.055
284.58167330677287,0.049999997
284.58172130754093,0.049999997
284.58176930830894,0.049999997
284.58181730907694,0.06
284.58186530984494,0.049999997
284.58191331061295,0.049999997
284.58196131138095,0.055
284.58200931214895,0.049999997
284.582057312917,0.049999997
284.582105313685,0.055
284.582153314453,0.055
284.582201315221,0.055
284.58224931598903,0.06
284.58229731675704,0.055
284.58234531752504,0.055
284.5823933182931,0.055
284.5824413190611,0.055
284.5824893198291,0.055
284.5825373205971,0.055
284.5825853213651,0.055
284.5826333221331,0.055
284.5826813229011,0.055
284.5827293236692,0.055
284.5827773244372,0.055
284.5828253252052,0.055
284.5828733259732,0.055
284.5829213267412,0.044999998
284.5829693275092,0.055
284.5830173282772,0.055
284.58306532904527,0.055
284.5831133298133,0.055
284.5831613305813,0.06
284.5832093313493,0.055
284.5832573321173,0.055
284.5833053328853,0.055
284.58335333365335,0.055
284.58340133442135,0.055
284.58344933518936,0.055
284.58349733595736,0.055
284.58354533672536,0.049999997
284.58359333749337,0.055
284.5836413382614,0.044999998
284.58368933902943,0.06
284.58373733979744,0.055
284.58378534056544,0.065
284.58383334133345,0.055
284.58388134210145,0.049999997
284.58392934286945,0.055
284.58397734363746,0.055
284.5840253444055,0.055
284.5840733451735,0.06
284.5841213459415,0.055
284.58416934670953,0.06
284.58421734747753,0.055
284.58426534824554,0.055
284.58431334901354,0.055
284.5843613497816,0.049999997
284.5844093505496,0.055
284.5844573513176,0.055
284.5845053520856,0.049999997
284.5845533528536,0.055
284.5846013536216,0.055
284.5846493543896,0.049999997
284.5846973551577,0.055
284.5847453559257,0.055
284.5847933566937,0.055
284.5848413574617,0.06
284.5848893582297,0.055
284.5849373589977,0.055
284.58498535976577,0.055
284.58503336053377,0.049999997
284.5850813613018,0.055
284.5851293620698,0.055
284.5851773628378,0.06
284.5852253636058,0.049999997
284.5852733643738,0.06
284.58532136514185,0.055
284.58536936590986,0.049999997
284.58541736667786,0.055
284.58546536744586,0.049999997
284.58551336821387,0.055
284.58556136898187,0.06
284.5856093697499,0.06
284.58565737051794,0.06
284.58570537128594,0.055
284.58575337205394,0.055
284.58580137282195,0.055
284.58584937358995,0.055
284.58589737435796,0.055
284.58594537512596,0.055
284.585993375894,0.06
284.586041376662,0.055
284.58608937743,0.055
284.58613737819803,0.049999997
284.58618537896604,0.055
284.58623337973404,0.049999997
284.58628138050204,0.055
284.5863293812701,0.049999997
284.5863773820381,0.055
284.5864253828061,0.049999997
284.5864733835741,0.055
284.5865213843421,0.055
284.5865693851101,0.055
284.5866173858782,0.049999997
284.5866653866462,0.055
284.5867133874142,0.049999997
284.5867613881822,0.055
284.5868093889502,0.055
284.5868573897182,0.055
284.5869053904862,0.06
284.58695339125427,0.049999997
284.5870013920223,0.055
284.5870493927903,0.049999997
284.5870973935583,0.055
284.5871453943263,0.055
284.5871933950943,0.055
284.5872413958623,0.06
284.58728939663035,0.049999997
284.58733739739836,0.055
284.58738539816636,0.049999997
284.58743339893437,0.055
284.58748139970237,0.055
284.5875294004704,0.055
284.5875774012384,0.055
284.58762540200644,0.06
284.58767340277444,0.055
284.58772140354245,0.055
284.58776940431045,0.06
284.58781740507845,0.049999997
284.58786540584646,0.049999997
284.58791340661446,0.055
284.5879614073825,0.049999997
284.5880094081505,0.055
284.58805740891853,0.055
284.58810540968653,0.049999997
284.58815341045454,0.049999997
284.58820141122254,0.055
284.58824941199055,0.055
284.5882974127586,0.055
284.5883454135266,0.055
284.5883934142946,0.055
284.5884414150626,0.055
284.5884894158306,0.055
284.5885374165986,0.055
284.5885854173667,0.06
284.5886334181347,0.049999997
284.5886814189027,0.055
284.5887294196707,0.055
284.5887774204387,0.055
284.5888254212067,0.055
284.5888734219747,0.055
284.58892142274277,0.055
284.5889694235108,0.049999997
284.5890174242788,0.055
284.5890654250468,0.049999997
284.5891134258148,0.055
284.5891614265828,0.055
284.5892094273508,0.055
284.58925742811886,0.049999997
284.58930542888686,0.055
284.58935342965486,0.055
284.58940143042287,0.055
284.58944943119087,0.049999997
284.5894974319589,0.055
284.5895454327269,0.049999997
284.58959343349494,0.049999997
284.58964143426294,0.049999997
284.58968943503095,0.055
284.58973743579895,0.049999997
284.58978543656696,0.055
284.58983343733496,0.055
284.58988143810296,0.055
284.589929438871,0.055
284.58997743963903,0.055
284.59002544040703,0.055
284.59007344117504,0.055
284.59012144194304,0.055
284.59016944271104,0.055
284.5902174434791,0.055
284.5902654442471,0.055
284.5903134450151,0.055
284.5903614457831,0.055
284.5904094465511,0.049999997
284.5904574473191,0.049999997
284.59050544808713,0.055
284.5905534488552,0.055
284.5906014496232,0.055
284.5906494503912,0.055
284.5906974511592,0.06
284.5907454519272,0.055
284.5907934526952,0.055
284.5908414534632,0.055
284.5908894542313,0.055
284.5909374549993,0.049999997
284.5909854557673,0.049999997
284.5910334565353,0.049999997
284.5910814573033,0.049999997
284.5911294580713,0.049999997
284.5911774588393,0.049999997
284.59122545960736,0.055
284.59127346037536,0.055
284.59132146114337,0.049999997
284.59136946191137,0.055
284.5914174626794,0.055
284.5914654634474,0.049999997
284.5915134642154,0.049999997
284.59156146498344,0.055
284.59160946575145,0.065
284.59165746651945,0.06
284.59170546728745,0.065
284.59175346805546,0.055
284.59180146882346,0.055
284.5918494695915,0.055
284.5918974703595,0.049999997
284.59194547112753,0.049999997
284.59199347189553,0.055
284.59204147266354,0.055
284.59208947343154,0.055
284.59213747419955,0.055
284.5921854749676,0.06
284.5922334757356,0.055
284.5922814765036,0.06
284.5923294772716,0.055
284.5923774780396,0.055
284.5924254788076,0.055
284.59247347957563,0.055
284.5925214803437,0.055
284.5925694811117,0.049999997
284.5926174818797,0.055
284.5926654826477,0.049999997
284.5927134834157,0.055
284.5927614841837,0.049999997
284.5928094849517,0.055
284.5928574857198,0.055
284.5929054864878,0.055
284.5929534872558,0.055
284.5930014880238,0.055
284.5930494887918,0.055
284.5930974895598,0.049999997
284.5931454903278,0.055
284.59319349109586,0.055
284.59324149186386,0.049999997
284.59328949263187,0.055
284.5933374933999,0.055
284.5933854941679,0.055
284.5934334949359,0.06
284.59348149570394,0.049999997
284.59352949647194,0.055
284.59357749723995,0.055
284.59362549800795,0.049999997
284.59367349877596,0.06
284.59372149954396,0.055
284.59376950031196,0.055
284.59381750108,0.049999997
284.59386550184803,0.055
284.59391350261603,0.055
284.59396150338404,0.055
284.59400950415204,0.055
284.59405750492004,0.06
284.59410550568805,0.055
284.5941535064561,0.06
284.5942015072241,0.06
284.5942495079921,0.055
284.5942975087601,0.055
284.5943455095281,0.049999997
284.59439351029613,0.055
284.59444151106413,0.055
284.5944895118322,0.055
284.5945375126002,0.049999997
284.5945855133682,0.055
284.5946335141362,0.049999997
284.5946815149042,0.055
284.5947295156722,0.055
284.5947775164402,0.055
284.5948255172083,0.049999997
284.5948735179763,0.049999997
284.5949215187443,0.055
284.5949695195123,0.055
284.5950175202803,0.049999997
284.5950655210483,0.055
284.59511352181636,0.055
284.59516152258436,0.055
284.59520952335237,0.049999997
284.59525752412037,0.055
284.5953055248884,0.049999997
284.5953535256564,0.049999997
284.5954015264244,0.049999997
284.59544952719244,0.049999997
284.59549752796045,0.055
284.59554552872845,0.06
284.59559352949645,0.055
284.59564153026446,0.06
284.59568953103246,0.049999997
284.59573753180047,0.055
284.5957855325685,0.055
284.59583353333653,0.06
284.59588153410454,0.055
284.59592953487254,0.06
284.59597753564054,0.055
284.59602553640855,0.049999997
284.59607353717655,0.049999997
284.5961215379446,0.049999997
284.5961695387126,0.049999997
284.5962175394806,0.06
284.5962655402486,0.049999997
284.5963135410166,0.06
284.59636154178463,0.055
284.59640954255264,0.055
284.5964575433207,0.06
284.5965055440887,0.06
284.5965535448567,0.06
284.5966015456247,0.055
284.5966495463927,0.055
284.5966975471607,0.055
284.5967455479288,0.055
284.5967935486968,0.06
284.5968415494648,0.055
284.5968895502328,0.055
284.5969375510008,0.055
284.5969855517688,0.055
284.5970335525368,0.049999997
284.59708155330486,0.055
284.59712955407286,0.049999997
284.59717755484087,0.049999997
284.5972255556089,0.055
284.5972735563769,0.049999997
284.5973215571449,0.055
284.5973695579129,0.06
284.59741755868095,0.06
284.59746555944895,0.055
284.59751356021695,0.055
284.59756156098496,0.055
284.59760956175296,0.06
284.59765756252096,0.049999997
284.59770556328897,0.06
284.59775356405703,0.049999997
284.59780156482503,0.06
284.59784956559304,0.049999997
284.59789756636104,0.049999997
284.59794556712905,0.055
284.59799356789705,0.055
284.59804156866505,0.049999997
284.5980895694331,0.06
284.5981375702011,0.049999997
284.5981855709691,0.06
284.5982335717371,0.055
284.59828157250513,0.065
284.59832957327313,0.055
284.5983775740412,0.055
284.5984255748092,0.055
284.5984735755772,0.049999997
284.5985215763452,0.055
284.5985695771132,0.049999997
284.5986175778812,0.055
284.5986655786492,0.049999997
284.5987135794173,0.055
284.5987615801853,0.055
284.5988095809533,0.055
284.5988575817213,0.055
284.5989055824893,0.049999997
284.5989535832573,0.055
284.5990015840253,0.055
284.59904958479336,0.049999997
284.59909758556137,0.049999997
284.59914558632937,0.06
284.5991935870974,0.055
284.5992415878654,0.055
284.5992895886334,0.049999997
284.5993375894014,0.055
284.59938559016945,0.055
284.59943359093745,0.055
284.59948159170546,0.055
284.59952959247346,0.055
284.59957759324146,0.055
284.59962559400947,0.06
284.59967359477747,0.049999997
284.59972159554553,0.055
284.59976959631354,0.049999997
284.59981759708154,0.06
284.59986559784954,0.049999997
284.59991359861755,0.06
284.59996159938555,0.055
284.6000096001536,0.055
284.6000576009216,0.049999997
284.6001056016896,0.055
284.6001536024576,0.055
284.6002016032256,0.055
284.60024960399363,0.055
284.60029760476164,0.055
284.6003456055297,0.055
284.6003936062977,0.049999997
284.6004416070657,0.055
284.6004896078337,0.049999997
284.6005376086017,0.06
284.6005856093697,0.049999997
284.6006336101377,0.055
284.6006816109058,0.055
284.6007296116738,0.055
284.6007776124418,0.055
284.6008256132098,0.055
284.6008736139778,0.055
284.6009216147458,0.049999997
284.6009696155138,0.055
284.60101761628187,0.055
284.60106561704987,0.049999997
284.6011136178179,0.055
284.6011616185859,0.055
284.6012096193539,0.055
284.6012576201219,0.055
284.6013056208899,0.06
284.60135362165795,0.055
284.60140162242595,0.06
284.60144962319396,0.055
284.60149762396196,0.049999997
284.60154562472997,0.049999997
284.60159362549797,0.06
284.60164162626603,0.055
284.60168962703403,0.055
284.60173762780204,0.049999997
284.60178562857004,0.049999997
284.60183362933805,0.055
284.60188163010605,0.049999997
284.60192963087405,0.055
284.6019776316421,0.049999997
284.6020256324101,0.055
284.6020736331781,0.055
284.6021216339461,0.049999997
284.60216963471413,0.055
284.60221763548213,0.055
284.60226563625014,0.049999997
284.6023136370182,0.055
284.6023616377862,0.049999997
284.6024096385542,0.06
284.6024576393222,0.055
284.6025056400902,0.065
284.6025536408582,0.06
284.6026016416262,0.049999997
284.6026496423943,0.06
284.6026976431623,0.049999997
284.6027456439303,0.055
284.6027936446983,0.049999997
284.6028416454663,0.055
284.6028896462343,0.049999997
284.6029376470023,0.055
284.60298564777037,0.055
284.60303364853837,0.055
284.6030816493064,0.055
284.6031296500744,0.055
284.6031776508424,0.065
284.6032256516104,0.049999997
284.60327365237845,0.06
284.60332165314645,0.044999998
284.60336965391446,0.049999997
284.60341765468246,0.06
284.60346565545046,0.055
284.60351365621847,0.049999997
284.60356165698647,0.06
284.60360965775453,0.06
284.60365765852254,0.055
284.60370565929054,0.06
284.60375366005854,0.055
284.60380166082655,0.055
284.60384966159455,0.06
284.60389766236256,0.06
284.6039456631306,0.044999998
284.6039936638986,0.04
284.6040416646666,0.055
284.6040896654346,0.044999998
284.60413766620263,0.06
284.60418566697064,0.06
284.60423366773864,0.055
284.6042816685067,0.06
284.6043296692747,0.055
284.6043776700427,0.044999998
284.6044256708107,0.049999997
284.6044736715787,0.044999998
284.6045216723467,0.049999997
284.6045696731147,0.055
284.6046176738828,0.07
284.6046656746508,0.055
284.6047136754188,0.055
284.6047616761868,0.049999997
284.6048096769548,0.055
284.6048576777228,0.055
284.60490567849087,0.049999997
284.60495367925887,0.06
284.6050016800269,0.06
284.6050496807949,0.049999997
284.6050976815629,0.049999997
284.6051456823309,0.065
284.6051936830989,0.06
284.60524168386695,0.044999998
284.60528968463495,0.065
284.60533768540296,0.065
284.60538568617096,0.04
284.60543368693897,0.044999998
284.60548168770697,0.055
284.605529688475,0.06
284.60557768924303,0.055
284.60562569001104,0.044999998
284.60567369077904,0.049999997
284.60572169154705,0.049999997
284.60576969231505,0.055
284.60581769308305,0.06
284.60586569385106,0.055
284.6059136946191,0.055
284.6059616953871,0.049999997
284.6060096961551,0.049999997
284.60605769692313,0.06
284.60610569769113,0.055
284.60615369845914,0.044999998
284.60620169922714,0.06
284.6062496999952,0.044999998
284.6062977007632,0.044999998
284.6063457015312,0.055
284.6063937022992,0.065
284.6064417030672,0.06
284.6064897038352,0.06
284.6065377046033,0.065
284.6065857053713,0.04
284.6066337061393,0.049999997
284.6066817069073,0.055
284.6067297076753,0.06
284.6067777084433,0.049999997
284.6068257092113,0.049999997
284.60687370997937,0.06
284.6069217107474,0.065
284.6069697115154,0.055
284.6070177122834,0.07
284.6070657130514,0.055
284.6071137138194,0.065
284.6071617145874,0.055
284.60720971535545,0.049999997
284.60725771612346,0.06
284.60730571689146,0.049999997
284.60735371765946,0.044999998
284.60740171842747,0.06
284.6074497191955,0.055
284.6074977199635,0.055
284.60754572073154,0.065
284.60759372149954,0.055
284.60764172226754,0.049999997
284.60768972303555,0.049999997
284.60773772380355,0.06
284.60778572457156,0.055
284.60783372533956,0.074999996
284.6078817261076,0.055
284.6079297268756,0.044999998
284.60797772764363,0.044999998
284.60802572841163,0.055
284.60807372917964,0.049999997
284.60812172994764,0.055
284.6081697307157,0.06
284.6082177314837,0.06
284.6082657322517,0.049999997
284.6083137330197,0.044999998
284.6083617337877,0.06
284.6084097345557,0.049999997
284.6084577353237,0.06
284.6085057360918,0.044999998
284.6085537368598,0.044999998
284.6086017376278,0.035
284.6086497383958,0.055
284.6086977391638,0.055
284.6087457399318,0.049999997
284.6087937406998,0.035
284.60884174146787,0.06
284.6088897422359,0.049999997
284.6089377430039,0.049999997
284.6089857437719,0.049999997
284.6090337445399,0.055
284.6090817453079,0.06
284.6091297460759,0.049999997
284.60917774684395,0.055
284.60922574761196,0.06
284.60927374837996,0.055
284.60932174914797,0.049999997
284.60936974991597,0.049999997
284.609417750684,0.065
284.609465751452,0.055
284.60951375222004,0.04
284.60956175298804,0.06
284.60960975375605,0.06
284.60965775452405,0.065
284.60970575529205,0.065
284.60975375606006,0.044999998
284.6098017568281,0.049999997
284.6098497575961,0.055
284.6098977583641,0.06
284.60994575913213,0.049999997
284.60999375990014,0.049999997
284.61004176066814,0.06
284.61008976143614,0.07
284.6101377622042,0.06
284.6101857629722,0.06
284.6102337637402,0.065
284.6102817645082,0.07
284.6103297652762,0.044999998
284.6103777660442,0.06
284.6104257668122,0.049999997
284.6104737675803,0.055
284.6105217683483,0.06
284.6105697691163,0.049999997
284.6106177698843,0.055
284.6106657706523,0.049999997
284.6107137714203,0.049999997
284.6107617721883,0.035
284.6108097729564,0.065
284.6108577737244,0.055
284.6109057744924,0.06
284.6109537752604,0.049999997
284.6110017760284,0.055
284.6110497767964,0.06
284.6110977775644,0.044999998
284.61114577833246,0.06
284.61119377910046,0.074999996
284.61124177986846,0.049999997
284.61128978063647,0.049999997
284.6113377814045,0.049999997
284.6113857821725,0.049999997
284.61143378294054,0.055
284.61148178370854,0.049999997
284.61152978447655,0.049999997
284.61157778524455,0.07
284.61162578601255,0.06
284.61167378678056,0.044999998
284.61172178754856,0.049999997
284.6117697883166,0.065
284.6118177890846,0.049999997
284.61186578985263,0.049999997
284.61191379062063,0.06
284.61196179138864,0.049999997
284.61200979215664,0.035
284.61205779292465,0.049999997
284.6121057936927,0.06
284.6121537944607,0.06
284.6122017952287,0.06
284.6122497959967,0.044999998
284.6122977967647,0.044999998
284.6123457975327,0.055
284.61239379830073,0.06
284.6124417990688,0.044999998
284.6124897998368,0.065
284.6125378006048,0.07
284.6125858013728,0.055
284.6126338021408,0.049999997
284.6126818029088,0.049999997
284.6127298036768,0.049999997
284.6127778044449,0.065
284.6128258052129,0.049999997
284.6128738059809,0.04
284.6129218067489,0.049999997
284.6129698075169,0.06
284.6130178082849,0.06
284.61306580905296,0.055
284.61311380982096,0.055
284.61316181058896,0.049999997
284.61320981135697,0.055
284.61325781212497,0.055
284.613305812893,0.06
284.613353813661,0.06
284.61340181442904,0.044999998
284.61344981519704,0.055
284.61349781596505,0.07
284.61354581673305,0.055
284.61359381750106,0.055
284.61364181826906,0.049999997
284.61368981903706,0.049999997
284.6137378198051,0.07
284.6137858205731,0.049999997
284.61383382134113,0.049999997
284.61388182210914,0.06
284.61392982287714,0.049999997
284.61397782364514,0.049999997
284.61402582441315,0.055
284.6140738251812,0.035
284.6141218259492,0.049999997
284.6141698267172,0.06
284.6142178274852,0.035
284.6142658282532,0.049999997
284.6143138290212,0.049999997
284.61436182978923,0.049999997
284.6144098305573,0.049999997
284.6144578313253,0.065
284.6145058320933,0.044999998
284.6145538328613,0.055
284.6146018336293,0.07
284.6146498343973,0.07
284.6146978351654,0.055
284.6147458359334,0.049999997
284.6147938367014,0.049999997
284.6148418374694,0.055
284.6148898382374,0.055
284.6149378390054,0.055
284.6149858397734,0.049999997
284.61503384054146,0.065
284.61508184130946,0.065
284.61512984207747,0.035
284.61517784284547,0.04
284.6152258436135,0.055
284.6152738443815,0.06
284.6153218451495,0.055
284.61536984591754,0.049999997
284.61541784668555,0.06
284.61546584745355,0.055
284.61551384822155,0.044999998
284.61556184898956,0.049999997
284.61560984975756,0.049999997
284.61565785052557,0.055
284.6157058512936,0.049999997
284.61575385206163,0.049999997
284.61580185282963,0.055
284.61584985359764,0.06
284.61589785436564,0.055
284.61594585513365,0.06
284.61599385590165,0.06
284.6160418566697,0.055
284.6160898574377,0.049999997
284.6161378582057,0.055
284.6161858589737,0.06
284.6162338597417,0.055
284.61628186050973,0.049999997
284.6163298612778,0.06
284.6163778620458,0.06
284.6164258628138,0.049999997
284.6164738635818,0.055
284.6165218643498,0.049999997
284.6165698651178,0.055
284.6166178658858,0.06
284.6166658666539,0.055
284.6167138674219,0.06
284.6167618681899,0.044999998
284.6168098689579,0.049999997
284.6168578697259,0.04
284.6169058704939,0.049999997
284.6169538712619,0.044999998
284.61700187202996,0.065
284.61704987279796,0.065
284.61709787356597,0.06
284.61714587433397,0.049999997
284.617193875102,0.06
284.61724187587,0.049999997
284.617289876638,0.055
284.61733787740604,0.06
284.61738587817405,0.055
284.61743387894205,0.049999997
284.61748187971006,0.049999997
284.61752988047806,0.044999998
284.61757788124606,0.049999997
284.61762588201407,0.055
284.6176738827821,0.044999998
284.61772188355013,0.055
284.61776988431814,0.065
284.61781788508614,0.055
284.61786588585414,0.044999998
284.61791388662215,0.06
284.6179618873902,0.065
284.6180098881582,0.055
284.6180578889262,0.049999997
284.6181058896942,0.055
284.6181538904622,0.055
284.6182018912302,0.06
284.61824989199823,0.049999997
284.6182978927663,0.049999997
284.6183458935343,0.055
284.6183938943023,0.06
284.6184418950703,0.065
284.6184898958383,0.049999997
284.6185378966063,0.049999997
284.6185858973743,0.049999997
284.6186338981424,0.049999997
284.6186818989104,0.055
284.6187298996784,0.049999997
284.6187779004464,0.049999997
284.6188259012144,0.065
284.6188739019824,0.065
284.6189219027504,0.055
284.61896990351846,0.049999997
284.61901790428647,0.055
284.61906590505447,0.065
284.6191139058225,0.049999997
284.6191619065905,0.06
284.6192099073585,0.049999997
284.6192579081265,0.055
284.61930590889455,0.055
284.61935390966255,0.044999998
284.61940191043055,0.044999998
284.61944991119856,0.07
284.61949791196656,0.065
284.61954591273457,0.049999997
284.6195939135026,0.07
284.61964191427063,0.049999997
284.61968991503863,0.055
284.61973791580664,0.055
284.61978591657464,0.049999997
284.61983391734265,0.06
284.61988191811065,0.055
284.6199299188787,0.049999997
284.6199779196467,0.049999997
284.6200259204147,0.06
284.6200739211827,0.06
284.6201219219507,0.044999998
284.62016992271873,0.065
284.62021792348673,0.06
284.6202659242548,0.055
284.6203139250228,0.06
284.6203619257908,0.06
284.6204099265588,0.07
284.6204579273268,0.049999997
284.6205059280948,0.049999997
284.6205539288628,0.07
284.6206019296309,0.049999997
284.6206499303989,0.055
284.6206979311669,0.06
284.6207459319349,0.055
284.6207939327029,0.049999997
284.6208419334709,0.044999998
284.6208899342389,0.04
284.62093793500696,0.049999997
284.62098593577497,0.055
284.621033936543,0.044999998
284.621081937311,0.055
284.621129938079,0.055
284.621177938847,0.049999997
284.62122593961504,0.06
284.62127394038305,0.049999997
284.62132194115105,0.044999998
284.62136994191906,0.06
284.62141794268706,0.074999996
284.62146594345506,0.049999997
284.62151394422307,0.049999997
284.62156194499113,0.049999997
284.62160994575913,0.055
284.62165794652714,0.049999997
284.62170594729514,0.06
284.62175394806314,0.06
284.62180194883115,0.049999997
284.62184994959915,0.035
284.6218979503672,0.04
284.6219459511352,0.065
284.6219939519032,0.06
284.6220419526712,0.06
284.62208995343923,0.049999997
284.62213795420723,0.06
284.62218595497524,0.06
284.6222339557433,0.044999998
284.6222819565113,0.06
284.6223299572793,0.055
284.6223779580473,0.055
284.6224259588153,0.055
284.6224739595833,0.055
284.6225219603513,0.06
284.6225699611194,0.049999997
284.6226179618874,0.055
284.6226659626554,0.049999997
284.6227139634234,0.065
284.6227619641914,0.065
284.6228099649594,0.04
284.62285796572746,0.06
284.62290596649547,0.065
284.62295396726347,0.06
284.6230019680315,0.049999997
284.6230499687995,0.055
284.6230979695675,0.049999997
284.6231459703355,0.049999997
284.62319397110355,0.055
284.62324197187155,0.055
284.62328997263955,0.044999998
284.62333797340756,0.06
284.62338597417556,0.044999998
284.62343397494357,0.07
284.62348197571157,0.049999997
284.62352997647963,0.049999997
284.62357797724763,0.055
284.62362597801564,0.044999998
284.62367397878364,0.049999997
284.62372197955165,0.06
284.62376998031965,0.049999997
284.62381798108765,0.044999998
284.6238659818557,0.055
284.6239139826237,0.065
284.6239619833917,0.06
284.6240099841597,0.055
284.62405798492773,0.049999997
284.62410598569573,0.049999997
284.62415398646374,0.055
284.6242019872318,0.065
284.6242499879998,0.049999997
284.6242979887678,0.074999996
284.6243459895358,0.065
284.6243939903038,0.049999997
284.6244419910718,0.049999997
284.6244899918399,0.055
284.6245379926079,0.06
284.6245859933759,0.055
284.6246339941439,0.049999997
284.6246819949119,0.07
284.6247299956799,0.055
284.6247779964479,0.044999998
284.62482599721596,0.065
284.62487399798397,0.065
284.624921998752,0.044999998
284.62496999952,0.049999997
284.625018000288,0.055
284.625066001056,0.055
284.625114001824,0.06
284.62516200259205,0.049999997
284.62521000336005,0.049999997
284.62525800412806,0.074999996
284.62530600489606,0.074999996
284.62535400566406,0.049999997
284.62540200643207,0.049999997
284.6254500072001,0.049999997
284.62549800796813,0.055
284.62554600873614,0.055
284.62559400950414,0.065
284.62564201027214,0.044999998
284.62569001104015,0.055
284.62573801180815,0.049999997
284.62578601257616,0.049999997
284.6258340133442,0.035
284.6258820141122,0.06
284.6259300148802,0.044999998
284.62597801564823,0.044999998
284.62602601641623,0.044999998
284.62607401718424,0.065
284.6261220179523,0.065
284.6261700187203,0.044999998
284.6262180194883,0.044999998
284.6262660202563,0.055
284.6263140210243,0.049999997
284.6263620217923,0.044999998
284.6264100225603,0.049999997
284.6264580233284,0.055
284.6265060240964,0.06
284.6265540248644,0.055
284.6266020256324,0.049999997
284.6266500264004,0.055
284.6266980271684,0.055
284.6267460279364,0.065
284.62679402870447,0.049999997
284.62684202947247,0.044999998
284.6268900302405,0.035
284.6269380310085,0.055
284.6269860317765,0.06
284.6270340325445,0.055
284.6270820333125,0.06
284.62713003408055,0.055
284.62717803484855,0.049999997
284.62722603561656,0.055
284.62727403638456,0.049999997
284.62732203715257,0.044999998
284.62737003792057,0.044999998
284.6274180386886,0.06
284.62746603945664,0.06
284.62751404022464,0.049999997
284.62756204099264,0.055
284.62761004176065,0.049999997
284.62765804252865,0.055
284.62770604329666,0.065
284.6277540440647,0.049999997
284.6278020448327,0.049999997
284.6278500456007,0.049999997
284.6278980463687,0.06
284.62794604713673,0.055
284.62799404790474,0.06
284.62804204867274,0.055
284.6280900494408,0.06
284.6281380502088,0.06
284.6281860509768,0.055
284.6282340517448,0.06
284.6282820525128,0.06
284.6283300532808,0.065
284.6283780540488,0.049999997
284.6284260548169,0.055
284.6284740555849,0.065
284.6285220563529,0.06
284.6285700571209,0.049999997
284.6286180578889,0.049999997
284.6286660586569,0.049999997
284.6287140594249,0.07
284.62876206019297,0.049999997
284.628810060961,0.049999997
284.628858061729,0.055
284.628906062497,0.049999997
284.628954063265,0.07
284.629002064033,0.06
284.629050064801,0.06
284.62909806556905,0.055
284.62914606633706,0.065
284.62919406710506,0.06
284.62924206787307,0.049999997
284.62929006864107,0.055
284.6293380694091,0.06
284.62938607017713,0.06
284.62943407094514,0.044999998
284.62948207171314,0.049999997
284.62953007248115,0.07
284.62957807324915,0.07
284.62962607401715,0.055
284.62967407478516,0.055
284.6297220755532,0.055
284.6297700763212,0.049999997
284.6298180770892,0.06
284.62986607785723,0.055
284.62991407862523,0.055
284.62996207939324,0.06
284.63001008016124,0.049999997
284.6300580809293,0.049999997
284.6301060816973,0.06
284.6301540824653,0.04
284.6302020832333,0.04
284.6302500840013,0.065
284.6302980847693,0.07
284.6303460855373,0.049999997
284.6303940863054,0.049999997
284.6304420870734,0.06
284.6304900878414,0.049999997
284.6305380886094,0.049999997
284.6305860893774,0.055
284.6306340901454,0.07
284.6306820909134,0.044999998
284.63073009168147,0.049999997
284.6307780924495,0.055
284.6308260932175,0.055
284.6308740939855,0.065
284.6309220947535,0.055
284.6309700955215,0.049999997
284.63101809628955,0.06
284.63106609705756,0.06
284.63111409782556,0.049999997
284.63116209859356,0.049999997
284.63121009936157,0.055
284.63125810012957,0.06
284.6313061008976,0.06
284.63135410166564,0.055
284.63140210243364,0.049999997
284.63145010320164,0.044999998
284.63149810396965,0.049999997
284.63154610473765,0.074999996
284.63159410550566,0.06
284.63164210627366,0.06
284.6316901070417,0.055
284.6317381078097,0.055
284.6317861085777,0.06
284.63183410934573,0.049999997
284.63188211011374,0.049999997
284.63193011088174,0.035
284.63197811164974,0.06
284.6320261124178,0.065
284.6320741131858,0.049999997
284.6321221139538,0.055
284.6321701147218,0.049999997
284.6322181154898,0.06
284.6322661162578,0.065
284.6323141170258,0.06
284.6323621177939,0.049999997
284.6324101185619,0.06
284.6324581193299,0.055
284.6325061200979,0.049999997
284.6325541208659,0.06
284.6326021216339,0.049999997
284.6326501224019,0.049999997
284.63269812317,0.044999998
284.632746123938,0.06
284.632794124706,0.06
284.632842125474,0.04
284.632890126242,0.04
284.63293812701,0.06
284.63298612777805,0.065
284.63303412854606,0.06
284.63308212931406,0.049999997
284.63313013008207,0.049999997
284.63317813085007,0.06
284.6332261316181,0.065
284.6332741323861,0.049999997
284.63332213315414,0.044999998
284.63337013392214,0.06
284.63341813469015,0.049999997
284.63346613545815,0.049999997
284.63351413622615,0.07
284.63356213699416,0.055
284.63361013776216,0.044999998
284.6336581385302,0.055
284.6337061392982,0.049999997
284.63375414006623,0.055
284.63380214083423,0.06
284.63385014160224,0.049999997
284.63389814237024,0.06
284.63394614313825,0.065
284.6339941439063,0.044999998
284.6340421446743,0.035
284.6340901454423,0.065
284.6341381462103,0.065
284.6341861469783,0.049999997
284.6342341477463,0.049999997
284.63428214851433,0.044999998
284.6343301492824,0.055
284.6343781500504,0.044999998
284.6344261508184,0.055
284.6344741515864,0.06
284.6345221523544,0.055
284.6345701531224,0.065
284.6346181538905,0.07
284.6346661546585,0.055
284.6347141554265,0.049999997
284.6347621561945,0.055
284.6348101569625,0.049999997
284.6348581577305,0.044999998
284.6349061584985,0.055
284.63495415926656,0.065
284.63500216003456,0.049999997
284.63505016080256,0.035
284.63509816157057,0.065
284.6351461623386,0.055
284.6351941631066,0.049999997
284.6352421638746,0.049999997
284.63529016464264,0.055
284.63533816541064,0.06
284.63538616617865,0.055
284.63543416694665,0.049999997
284.63548216771466,0.049999997
284.63553016848266,0.06
284.63557816925066,0.06
284.6356261700187,0.049999997
284.63567417078673,0.049999997
284.63572217155473,0.06
284.63577017232274,0.074999996
284.63581817309074,0.049999997
284.63586617385874,0.044999998
284.63591417462675,0.049999997
284.6359621753948,0.055
284.6360101761628,0.06
284.6360581769308,0.06
284.6361061776988,0.055
284.6361541784668,0.044999998
284.63620217923483,0.055
284.6362501800029,0.07
284.6362981807709,0.06
284.6363461815389,0.035
284.6363941823069,0.06
284.6364421830749,0.06
284.6364901838429,0.06
284.6365381846109,0.044999998
284.636586185379,0.049999997
284.636634186147,0.055
284.636682186915,0.055
284.636730187683,0.044999998
284.636778188451,0.049999997
284.636826189219,0.049999997
284.636874189987,0.055
284.63692219075506,0.055
284.63697019152306,0.049999997
284.63701819229107,0.044999998
284.63706619305907,0.06
284.6371141938271,0.055
284.6371621945951,0.055
284.6372101953631,0.055
284.63725819613114,0.04
284.63730619689915,0.049999997
284.63735419766715,0.055
284.63740219843515,0.06
284.63745019920316,0.055
284.63749819997116,0.049999997
284.63754620073917,0.049999997
284.6375942015072,0.065
284.63764220227523,0.07
284.63769020304323,0.055
284.63773820381124,0.055
284.63778620457924,0.055
284.63783420534725,0.049999997
284.6378822061153,0.044999998
284.6379302068833,0.049999997
284.6379782076513,0.06
284.6380262084193,0.049999997
284.6380742091873,0.035
284.6381222099553,0.04
284.63817021072333,0.055
284.6382182114914,0.065
284.6382662122594,0.06
284.6383142130274,0.06
284.6383622137954,0.049999997
284.6384102145634,0.055
284.6384582153314,0.07
284.6385062160994,0.065
284.6385542168675,0.049999997
284.6386022176355,0.049999997
284.6386502184035,0.049999997
284.6386982191715,0.055
284.6387462199395,0.044999998
284.6387942207075,0.049999997
284.6388422214755,0.06
284.63889022224356,0.06
284.63893822301156,0.049999997
284.63898622377957,0.055
284.6390342245476,0.065
284.6390822253156,0.065
284.6391302260836,0.044999998
284.6391782268516,0.055
284.63922622761964,0.055
284.63927422838765,0.049999997
284.63932222915565,0.07
284.63937022992366,0.055
284.63941823069166,0.06
284.63946623145966,0.06
284.6395142322277,0.06
284.63956223299573,0.044999998
284.63961023376373,0.049999997
284.63965823453174,0.055
284.63970623529974,0.06
284.63975423606774,0.06
284.63980223683575,0.065
284.6398502376038,0.044999998
284.6398982383718,0.055
284.6399462391398,0.06
284.6399942399078,0.06
284.6400422406758,0.06
284.64009024144383,0.049999997
284.64013824221183,0.044999998
284.6401862429799,0.049999997
284.6402342437479,0.049999997
284.6402822445159,0.06
284.6403302452839,0.07
284.6403782460519,0.055
284.6404262468199,0.049999997
284.6404742475879,0.06
284.640522248356,0.049999997
284.640570249124,0.049999997
284.640618249892,0.049999997
284.64066625066,0.044999998
284.640714251428,0.065
284.640762252196,0.055
284.640810252964,0.04
284.64085825373206,0.055
284.64090625450007,0.06
284.64095425526807,0.055
284.6410022560361,0.06
284.6410502568041,0.044999998
284.6410982575721,0.06
284.64114625834014,0.049999997
284.64119425910815,0.055
284.64124225987615,0.044999998
284.64129026064415,0.055
284.64133826141216,0.049999997
284.64138626218016,0.049999997
284.64143426294817,0.06
284.6414822637162,0.049999997
284.64153026448423,0.065
284.64157826525224,0.06
284.64162626602024,0.044999998
284.64167426678824,0.04
284.64172226755625,0.065
284.64177026832425,0.06
284.6418182690923,0.049999997
284.6418662698603,0.044999998
284.6419142706283,0.055
284.6419622713963,0.07
284.6420102721643,0.044999998
284.64205827293233,0.06
284.64210627370034,0.044999998
284.6421542744684,0.065
284.6422022752364,0.049999997
284.6422502760044,0.055
284.6422982767724,0.07
284.6423462775404,0.06
284.6423942783084,0.055
284.6424422790764,0.055
284.6424902798445,0.055
284.6425382806125,0.055
284.6425862813805,0.049999997
284.6426342821485,0.055
284.6426822829165,0.055
284.6427302836845,0.049999997
284.64277828445256,0.055
284.64282628522056,0.049999997
284.64287428598857,0.055
284.6429222867566,0.055
284.6429702875246,0.049999997
284.6430182882926,0.049999997
284.6430662890606,0.049999997
284.64311428982865,0.055
284.64316229059665,0.049999997
284.64321029136465,0.055
284.64325829213266,0.06
284.64330629290066,0.055
284.64335429366866,0.055
284.64340229443667,0.055
284.64345029520473,0.049999997
284.64349829597273,0.055
284.64354629674074,0.049999997
284.64359429750874,0.055
284.64364229827675,0.049999997
284.64369029904475,0.055
284.64373829981275,0.049999997
284.6437863005808,0.049999997
284.6438343013488,0.055
284.6438823021168,0.049999997
284.6439303028848,0.06
284.64397830365283,0.049999997
284.64402630442083,0.06
284.64407430518884,0.06
284.6441223059569,0.06
284.6441703067249,0.055
284.6442183074929,0.055
284.6442663082609,0.055
284.6443143090289,0.049999997
284.6443623097969,0.055
284.644410310565,0.055
284.644458311333,0.055
284.644506312101,0.055
284.644554312869,0.055
284.644602313637,0.06
284.644650314405,0.049999997
284.644698315173,0.055
284.64474631594106,0.055
284.64479431670907,0.055
284.64484231747707,0.055
284.6448903182451,0.049999997
284.6449383190131,0.049999997
284.6449863197811,0.055
284.6450343205491,0.055
284.64508232131715,0.055
284.64513032208515,0.055
284.64517832285316,0.055
284.64522632362116,0.06
284.64527432438916,0.049999997
284.64532232515717,0.055
284.64537032592517,0.055
284.64541832669323,0.055
284.64546632746124,0.049999997
284.64551432822924,0.055
284.64556232899724,0.055
284.64561032976525,0.049999997
284.64565833053325,0.06
284.64570633130126,0.049999997
284.6457543320693,0.049999997
284.6458023328373,0.049999997
284.6458503336053,0.06
284.6458983343733,0.049999997
284.64594633514133,0.055
284.64599433590934,0.055
284.6460423366774,0.055
284.6460903374454,0.049999997
284.6461383382134,0.049999997
284.6461863389814,0.055
284.6462343397494,0.055
284.6462823405174,0.049999997
284.6463303412854,0.055
284.6463783420535,0.049999997
284.6464263428215,0.055
284.6464743435895,0.049999997
284.6465223443575,0.049999997
284.6465703451255,0.06
284.6466183458935,0.049999997
284.6466663466615,0.055
284.64671434742957,0.049999997
284.64676234819757,0.065
284.6468103489656,0.055
284.6468583497336,0.06
284.6469063505016,0.055
284.6469543512696,0.049999997
284.6470023520376,0.055
284.64705035280565,0.049999997
284.64709835357365,0.055
284.64714635434166,0.049999997
284.64719435510966,0.055
284.64724235587767,0.044999998
284.64729035664567,0.049999997
284.6473383574137,0.055
284.64738635818173,0.049999997
284.64743435894974,0.055
284.64748235971774,0.055
284.64753036048575,0.055
284.64757836125375,0.055
284.64762636202175,0.055
284.6476743627898,0.049999997
284.6477223635578,0.044999998
284.6477703643258,0.055
284.6478183650938,0.06
284.64786636586183,0.049999997
284.64791436662983,0.049999997
284.64796236739784,0.055
284.6480103681659,0.055
284.6480583689339,0.055
284.6481063697019,0.055
284.6481543704699,0.055
284.6482023712379,0.055
284.6482503720059,0.055
284.6482983727739,0.055
284.648346373542,0.055
284.64839437431,0.06
284.648442375078,0.06
284.648490375846,0.055
284.648538376614,0.055
284.648586377382,0.06
284.64863437815,0.055
284.64868237891807,0.055
284.64873037968607,0.06
284.6487783804541,0.049999997
284.6488263812221,0.055
284.6488743819901,0.055
284.6489223827581,0.055
284.6489703835261,0.049999997
284.64901838429415,0.06
284.64906638506216,0.055
284.64911438583016,0.055
284.64916238659816,0.049999997
284.64921038736617,0.06
284.6492583881342,0.055
284.64930638890223,0.055
284.64935438967024,0.055
284.64940239043824,0.055
284.64945039120624,0.055
284.64949839197425,0.055
284.64954639274225,0.049999997
284.64959439351026,0.055
284.6496423942783,0.055
284.6496903950463,0.055
284.6497383958143,0.049999997
284.64978639658233,0.055
284.64983439735033,0.055
284.64988239811834,0.049999997
284.64993039888634,0.055
284.6499783996544,0.049999997
284.6500264004224,0.055
284.6500744011904,0.049999997
284.6501224019584,0.049999997
284.6501704027264,0.055
284.6502184034944,0.049999997
284.6502664042624,0.049999997
284.6503144050305,0.055
284.6503624057985,0.049999997
284.6504104065665,0.049999997
284.6504584073345,0.055
284.6505064081025,0.049999997
284.6505544088705,0.055
284.6506024096385,0.055
284.65065041040657,0.055
284.6506984111746,0.049999997
284.6507464119426,0.055
284.6507944127106,0.055
284.6508424134786,0.06
284.6508904142466,0.055
284.65093841501465,0.06
284.65098641578265,0.055
284.65103441655066,0.06
284.65108241731866,0.055
284.65113041808667,0.06
284.65117841885467,0.055
284.6512264196227,0.06
284.65127442039073,0.055
284.65132242115874,0.049999997
284.65137042192674,0.055
284.65141842269475,0.055
284.65146642346275,0.055
284.65151442423075,0.055
284.65156242499876,0.055
284.6516104257668,0.055
284.6516584265348,0.06
284.6517064273028,0.055
284.65175442807083,0.049999997
284.65180242883883,0.049999997
284.65185042960684,0.055
284.65189843037484,0.044999998
284.6519464311429,0.055
284.6519944319109,0.055
284.6520424326789,0.049999997
284.6520904334469,0.055
284.6521384342149,0.055
284.6521864349829,0.055
284.6522344357509,0.055
284.652282436519,0.049999997
284.652330437287,0.055
284.652378438055,0.055
284.652426438823,0.06
284.652474439591,0.055
284.652522440359,0.06
284.65257044112707,0.055
284.6526184418951,0.049999997
284.6526664426631,0.055
284.6527144434311,0.055
284.6527624441991,0.055
284.6528104449671,0.06
284.6528584457351,0.055
284.65290644650315,0.06
284.65295444727116,0.055
284.65300244803916,0.055
284.65305044880716,0.049999997
284.65309844957517,0.055
284.6531464503432,0.055
284.6531944511112,0.055
284.65324245187924,0.044999998
284.65329045264724,0.055
284.65333845341524,0.06
284.65338645418325,0.055
284.65343445495125,0.055
284.65348245571926,0.055
284.65353045648726,0.06
284.6535784572553,0.055
284.6536264580233,0.049999997
284.65367445879133,0.055
284.65372245955933,0.049999997
284.65377046032734,0.06
284.65381846109534,0.055
284.65386646186334,0.055
284.6539144626314,0.049999997
284.6539624633994,0.055
284.6540104641674,0.055
284.6540584649354,0.055
284.6541064657034,0.055
284.6541544664714,0.055
284.6542024672395,0.049999997
284.6542504680075,0.049999997
284.6542984687755,0.055
284.6543464695435,0.049999997
284.6543944703115,0.049999997
284.6544424710795,0.055
284.6544904718475,0.049999997
284.65453847261557,0.055
284.6545864733836,0.049999997
284.6546344741516,0.055
284.6546824749196,0.049999997
284.6547304756876,0.055
284.6547784764556,0.049999997
284.6548264772236,0.06
284.65487447799165,0.055
284.65492247875966,0.06
284.65497047952766,0.06
284.65501848029567,0.055
284.65506648106367,0.049999997
284.6551144818317,0.055
284.6551624825997,0.06
284.65521048336774,0.055
284.65525848413574,0.06
284.65530648490375,0.055
284.65535448567175,0.055
284.65540248643975,0.055
284.65545048720776,0.06
284.65549848797576,0.049999997
284.6555464887438,0.055
284.6555944895118,0.049999997
284.65564249027983,0.055
284.65569049104784,0.055
284.65573849181584,0.055
284.65578649258384,0.055
284.6558344933519,0.055
284.6558824941199,0.055
284.6559304948879,0.049999997
284.6559784956559,0.055
284.6560264964239,0.055
284.6560744971919,0.055
284.6561224979599,0.049999997
284.656170498728,0.049999997
284.656218499496,0.055
284.656266500264,0.049999997
284.656314501032,0.055
284.6563625018,0.055
284.656410502568,0.049999997
284.656458503336,0.055
284.6565065041041,0.049999997
284.6565545048721,0.049999997
284.6566025056401,0.055
284.6566505064081,0.055
284.6566985071761,0.055
284.6567465079441,0.049999997
284.6567945087121,0.06
284.65684250948016,0.055
284.65689051024816,0.06
284.65693851101616,0.055
284.65698651178417,0.06
284.6570345125522,0.055
284.6570825133202,0.06
284.6571305140882,0.055
284.65717851485624,0.06
284.65722651562425,0.049999997
284.65727451639225,0.055
284.65732251716025,0.049999997
284.65737051792826,0.055
284.65741851869626,0.055
284.6574665194643,0.06
284.6575145202323,0.055
284.65756252100033,0.055
284.65761052176833,0.055
284.65765852253634,0.06
284.65770652330434,0.055
284.65775452407235,0.055
284.6578025248404,0.049999997
284.6578505256084,0.055
284.6578985263764,0.055
284.6579465271444,0.055
284.6579945279124,0.055
284.6580425286804,0.055
284.65809052944843,0.055
284.6581385302165,0.055
284.6581865309845,0.055
284.6582345317525,0.049999997
284.6582825325205,0.055
284.6583305332885,0.055
284.6583785340565,0.055
284.6584265348245,0.049999997
284.6584745355926,0.055
284.6585225363606,0.049999997
284.6585705371286,0.049999997
284.6586185378966,0.049999997
284.6586665386646,0.055
284.6587145394326,0.049999997
284.6587625402006,0.055
284.65881054096866,0.049999997
284.65885854173666,0.055
284.65890654250467,0.049999997
284.65895454327267,0.055
284.6590025440407,0.049999997
284.6590505448087,0.055
284.65909854557674,0.055
284.65914654634474,0.055
284.65919454711275,0.055
284.65924254788075,0.055
284.65929054864876,0.06
284.65933854941676,0.055
284.65938655018476,0.055
284.6594345509528,0.055
284.6594825517208,0.055
284.65953055248883,0.049999997
284.65957855325684,0.055
284.65962655402484,0.049999997
284.65967455479284,0.049999997
284.65972255556085,0.055
284.6597705563289,0.049999997
284.6598185570969,0.055
284.6598665578649,0.049999997
284.6599145586329,0.055
284.6599625594009,0.055
284.6600105601689,0.055
284.66005856093693,0.055
284.660106561705,0.06
284.660154562473,0.06
284.660202563241,0.049999997
284.660250564009,0.049999997
284.660298564777,0.06
284.660346565545,0.055
284.660394566313,0.055
284.6604425670811,0.055
284.6604905678491,0.055
284.6605385686171,0.055
284.6605865693851,0.055
284.6606345701531,0.055
284.6606825709211,0.049999997
284.66073057168916,0.055
284.66077857245716,0.049999997
284.66082657322517,0.055
284.66087457399317,0.055
284.6609225747612,0.049999997
284.6609705755292,0.055
284.6610185762972,0.049999997
284.66106657706524,0.055
284.66111457783325,0.055
284.66116257860125,0.049999997
284.66121057936925,0.055
284.66125858013726,0.049999997
284.66130658090526,0.055
284.66135458167327,0.055
284.6614025824413,0.065
284.66145058320933,0.049999997
284.66149858397733,0.06
284.66154658474534,0.06
284.66159458551334,0.06
284.66164258628135,0.055
284.66169058704935,0.055
284.6617385878174,0.055
284.6617865885854,0.055
284.6618345893534,0.055
284.6618825901214,0.055
284.6619305908894,0.055
284.66197859165743,0.055
284.66202659242543,0.049999997
284.6620745931935,0.049999997
284.6621225939615,0.06
284.6621705947295,0.049999997
284.6622185954975,0.055
284.6622665962655,0.049999997
284.6623145970335,0.049999997
284.6623625978016,0.055
284.6624105985696,0.049999997
284.6624585993376,0.055
284.6625066001056,0.055
284.6625546008736,0.06
284.6626026016416,0.049999997
284.6626506024096,0.049999997
284.66269860317766,0.044999998
284.66274660394566,0.055
284.66279460471367,0.055
284.66284260548167,0.049999997
284.6628906062497,0.055
284.6629386070177,0.055
284.6629866077857,0.055
284.66303460855374,0.055
284.66308260932175,0.06
284.66313061008975,0.049999997
284.66317861085776,0.06
284.66322661162576,0.055
284.66327461239376,0.06
284.66332261316177,0.065
284.6633706139298,0.055
284.66341861469783,0.055
284.66346661546584,0.055
284.66351461623384,0.055
284.66356261700184,0.06
284.66361061776985,0.049999997
284.66365861853785,0.06
284.6637066193059,0.055
284.6637546200739,0.055
284.6638026208419,0.049999997
284.6638506216099,0.055
284.6638986223779,0.055
284.66394662314593,0.055
284.663994623914,0.06
284.664042624682,0.055
284.66409062545,0.055
284.664138626218,0.055
284.664186626986,0.055
284.664234627754,0.055
284.664282628522,0.055
284.6643306292901,0.055
284.6643786300581,0.055
284.6644266308261,0.049999997
284.6644746315941,0.049999997
284.6645226323621,0.055
284.6645706331301,0.049999997
284.6646186338981,0.055
284.66466663466616,0.055
284.66471463543417,0.055
284.66476263620217,0.055
284.6648106369702,0.055
284.6648586377382,0.049999997
284.6649066385062,0.049999997
284.6649546392742,0.049999997
284.66500264004225,0.055
284.66505064081025,0.049999997
284.66509864157825,0.055
284.66514664234626,0.055
284.66519464311426,0.055
284.66524264388227,0.049999997
284.66529064465027,0.055
284.66533864541833,0.049999997
284.66538664618633,0.055
284.66543464695434,0.049999997
284.66548264772234,0.055
284.66553064849035,0.055
284.66557864925835,0.055
284.6656266500264,0.049999997
284.6656746507944,0.049999997
284.6657226515624,0.055
284.6657706523304,0.055
284.6658186530984,0.049999997
284.66586665386643,0.055
284.66591465463443,0.049999997
284.6659626554025,0.055
284.6660106561705,0.055
284.6660586569385,0.055
284.6661066577065,0.055
284.6661546584745,0.055
284.6662026592425,0.055
284.6662506600105,0.055
284.6662986607786,0.049999997
284.6663466615466,0.06
284.6663946623146,0.049999997
284.6664426630826,0.055
284.6664906638506,0.055
284.6665386646186,0.065
284.6665866653866,0.055
284.66663466615466,0.06
284.66668266692267,0.049999997
284.6667306676907,0.06
284.6667786684587,0.055
284.6668266692267,0.055
284.6668746699947,0.049999997
284.6669226707627,0.055
284.66697067153075,0.055
284.66701867229875,0.06
284.66706667306676,0.049999997
284.66711467383476,0.055
284.66716267460276,0.049999997
284.66721067537077,0.06
284.66725867613883,0.049999997
284.66730667690683,0.06
284.66735467767484,0.049999997
284.66740267844284,0.06
284.66745067921084,0.049999997
284.66749867997885,0.06
284.66754668074685,0.055
284.6675946815149,0.06
284.6676426822829,0.055
284.6676906830509,0.06
284.6677386838189,0.055
284.66778668458693,0.06
284.66783468535493,0.055
284.66788268612294,0.06
284.667930686891,0.055
284.667978687659,0.049999997
284.668026688427,0.055
284.668074689195,0.049999997
284.668122689963,0.055
284.668170690731,0.055
284.668218691499,0.055
284.6682666922671,0.055
284.6683146930351,0.055
284.6683626938031,0.06
284.6684106945711,0.06
284.6684586953391,0.055
284.6685066961071,0.055
284.6685546968751,0.055
284.66860269764317,0.055
284.66865069841117,0.06
284.6686986991792,0.055
284.6687466999472,0.049999997
284.6687947007152,0.055
284.6688427014832,0.049999997
284.66889070225125,0.055
284.66893870301925,0.049999997
284.66898670378725,0.055
284.66903470455526,0.049999997
284.66908270532326,0.055
284.66913070609127,0.055
284.66917870685927,0.055
284.66922670762733,0.049999997
284.66927470839533,0.049999997
284.66932270916334,0.055
284.66937070993134,0.049999997
284.66941871069935,0.055
284.66946671146735,0.049999997
284.66951471223535,0.049999997
284.6695627130034,0.055
284.6696107137714,0.049999997
284.6696587145394,0.055
284.6697067153074,0.049999997
284.66975471607543,0.06
284.66980271684344,0.049999997
284.66985071761144,0.049999997
284.6698987183795,0.049999997
284.6699467191475,0.049999997
284.6699947199155,0.049999997
284.6700427206835,0.06
284.6700907214515,0.055
284.6701387222195,0.055
284.6701867229875,0.055
284.6702347237556,0.055
284.6702827245236,0.055
284.6703307252916,0.055
284.6703787260596,0.055
284.6704267268276,0.055
284.6704747275956,0.055
284.67052272836366,0.055
284.67057072913167,0.055
284.6706187298997,0.055
284.6706667306677,0.055
284.6707147314357,0.055
284.6707627322037,0.055
284.6708107329717,0.06
284.67085873373975,0.055
284.67090673450775,0.055
284.67095473527576,0.055
284.67100273604376,0.06
284.67105073681176,0.055
284.67109873757977,0.055
284.6711467383478,0.055
284.67119473911583,0.055
284.67124273988384,0.055
284.67129074065184,0.044999998
284.67133874141985,0.06
284.67138674218785,0.049999997
284.67143474295585,0.055
284.67148274372386,0.049999997
284.6715307444919,0.06
284.6715787452599,0.055
284.6716267460279,0.049999997
284.67167474679593,0.055
284.67172274756393,0.049999997
284.67177074833194,0.055
284.67181874909994,0.055
284.671866749868,0.055
284.671914750636,0.055
284.671962751404,0.06
284.672010752172,0.055
284.67205875294,0.049999997
284.672106753708,0.055
284.6721547544761,0.055
284.6722027552441,0.055
284.6722507560121,0.055
284.6722987567801,0.06
284.6723467575481,0.049999997
284.6723947583161,0.049999997
284.6724427590841,0.055
284.67249075985217,0.055
284.67253876062017,0.055
284.6725867613882,0.055
284.6726347621562,0.055
284.6726827629242,0.055
284.6727307636922,0.06
284.6727787644602,0.055
284.67282676522825,0.055
284.67287476599626,0.049999997
284.67292276676426,0.055
284.67297076753226,0.055
284.67301876830027,0.055
284.67306676906827,0.049999997
284.6731147698363,0.049999997
284.67316277060434,0.055
284.67321077137234,0.055
284.67325877214034,0.049999997
284.67330677290835,0.049999997
284.67335477367635,0.055
284.67340277444436,0.06
284.67345077521236,0.06
284.6734987759804,0.06
284.6735467767484,0.049999997
284.6735947775164,0.049999997
284.67364277828443,0.055
284.67369077905244,0.049999997
284.67373877982044,0.055
284.6737867805885,0.049999997
284.6738347813565,0.06
284.6738827821245,0.049999997
284.6739307828925,0.055
284.6739787836605,0.055
284.6740267844285,0.049999997
284.6740747851965,0.055
284.6741227859646,0.049999997
284.6741707867326,0.06
284.6742187875006,0.06
284.6742667882686,0.049999997
284.6743147890366,0.055
284.6743627898046,0.055
284.6744107905726,0.055
284.67445879134067,0.055
284.6745067921087,0.055
284.6745547928767,0.055
284.6746027936447,0.055
284.6746507944127,0.055
284.6746987951807,0.06
284.6747467959487,0.055
284.67479479671675,0.055
284.67484279748476,0.055
284.67489079825276,0.055
284.67493879902077,0.055
284.67498679978877,0.06
284.6750348005568,0.055
284.6750828013248,0.055
284.67513080209284,0.049999997
284.67517880286084,0.055
284.67522680362885,0.055
284.67527480439685,0.055
284.67532280516485,0.055
284.67537080593286,0.055
284.67541880670086,0.049999997
284.6754668074689,0.055
284.6755148082369,0.049999997
284.67556280900493,0.049999997
284.67561080977293,0.055
284.67565881054094,0.055
284.67570681130894,0.06
284.675754812077,0.06
284.675802812845,0.06
284.675850813613,0.044999998
284.675898814381,0.04
284.675946815149,0.049999997
284.675994815917,0.049999997
284.676042816685,0.049999997
284.6760908174531,0.049999997
284.6761388182211,0.055
284.6761868189891,0.055
284.6762348197571,0.055
284.6762828205251,0.055
284.6763308212931,0.055
284.6763788220611,0.049999997
284.67642682282917,0.049999997
284.6764748235972,0.055
284.6765228243652,0.055
284.6765708251332,0.049999997
284.6766188259012,0.055
284.6766668266692,0.049999997
284.6767148274372,0.055
284.67676282820526,0.055
284.67681082897326,0.06
284.67685882974126,0.055
284.67690683050927,0.055
284.67695483127727,0.055
284.6770028320453,0.06
284.6770508328133,0.06
284.67709883358134,0.055
284.67714683434934,0.055
284.67719483511735,0.049999997
284.67724283588535,0.049999997
284.67729083665336,0.055
284.67733883742136,0.055
284.6773868381894,0.055
284.6774348389574,0.055
284.6774828397254,0.055
284.67753084049343,0.055
284.67757884126144,0.055
284.67762684202944,0.055
284.67767484279744,0.06
284.6777228435655,0.055
284.6777708443335,0.049999997
284.6778188451015,0.055
284.6778668458695,0.049999997
284.6779148466375,0.055
284.6779628474055,0.049999997
284.6780108481735,0.055
284.6780588489416,0.049999997
284.6781068497096,0.049999997
284.6781548504776,0.049999997
284.6782028512456,0.055
284.6782508520136,0.055
284.6782988527816,0.055
284.6783468535496,0.055
284.6783948543177,0.055
284.6784428550857,0.049999997
284.6784908558537,0.049999997
284.6785388566217,0.049999997
284.6785868573897,0.049999997
284.6786348581577,0.055
284.6786828589257,0.055
284.67873085969376,0.055
284.67877886046176,0.055
284.67882686122977,0.055
284.67887486199777,0.049999997
284.6789228627658,0.055
284.6789708635338,0.055
284.67901886430184,0.049999997
284.67906686506984,0.06
284.67911486583785,0.049999997
284.67916286660585,0.055
284.67921086737385,0.055
284.67925886814186,0.065
284.67930686890986,0.055
284.6793548696779,0.055
284.6794028704459,0.06
284.67945087121393,0.049999997
284.67949887198193,0.049999997
284.67954687274994,0.055
284.67959487351794,0.055
284.67964287428595,0.055
284.679690875054,0.055
284.679738875822,0.055
284.67978687659,0.055
284.679834877358,0.055
284.679882878126,0.055
284.679930878894,0.055
284.67997887966203,0.06
284.6800268804301,0.049999997
284.6800748811981,0.055
284.6801228819661,0.055
284.6801708827341,0.055
284.6802188835021,0.055
284.6802668842701,0.055
284.6803148850381,0.055
284.6803628858062,0.049999997
284.6804108865742,0.055
284.6804588873422,0.055
284.6805068881102,0.06
284.6805548888782,0.049999997
284.6806028896462,0.049999997
284.68065089041426,0.055
284.68069889118226,0.055
284.68074689195026,0.055
284.68079489271827,0.049999997
284.6808428934863,0.055
284.6808908942543,0.049999997
284.6809388950223,0.055
284.68098689579034,0.049999997
284.68103489655834,0.06
284.68108289732635,0.055
284.68113089809435,0.06
284.68117889886236,0.055
284.68122689963036,0.06
284.68127490039836,0.06
284.6813229011664,0.049999997
284.68137090193443,0.055
284.68141890270243,0.049999997
284.68146690347044,0.055
284.68151490423844,0.055
284.68156290500644,0.044999998
284.68161090577445,0.055
284.6816589065425,0.055
284.6817069073105,0.06
284.6817549080785,0.055
284.6818029088465,0.06
284.6818509096145,0.055
284.68189891038253,0.055
284.68194691115053,0.055
284.6819949119186,0.049999997
284.6820429126866,0.055
284.6820909134546,0.049999997
284.6821389142226,0.055
284.6821869149906,0.049999997
284.6822349157586,0.055
284.6822829165267,0.049999997
284.6823309172947,0.055
284.6823789180627,0.049999997
284.6824269188307,0.049999997
284.6824749195987,0.055
284.6825229203667,0.049999997
284.6825709211347,0.055
284.68261892190276,0.055
284.68266692267076,0.055
284.68271492343877,0.055
284.68276292420677,0.055
284.6828109249748,0.049999997
284.6828589257428,0.055
284.6829069265108,0.055
284.68295492727884,0.055
284.68300292804685,0.055
284.68305092881485,0.049999997
284.68309892958285,0.055
284.68314693035086,0.055
284.68319493111886,0.055
284.68324293188687,0.044999998
284.6832909326549,0.06
284.68333893342293,0.065
284.68338693419093,0.065
284.68343493495894,0.044999998
284.68348293572694,0.065
284.68353093649495,0.044999998
284.68357893726295,0.04
284.683626938031,0.049999997
284.683674938799,0.049999997
284.683722939567,0.06
284.683770940335,0.06
284.683818941103,0.06
284.68386694187103,0.055
284.6839149426391,0.055
284.6839629434071,0.055
284.6840109441751,0.06
284.6840589449431,0.06
284.6841069457111,0.065
284.6841549464791,0.06
284.6842029472471,0.06
284.6842509480152,0.06
284.6842989487832,0.065
284.6843469495512,0.065
284.6843949503192,0.06
284.6844429510872,0.06
284.6844909518552,0.055
284.6845389526232,0.06
284.68458695339126,0.044999998
284.68463495415926,0.049999997
284.68468295492727,0.06
284.6847309556953,0.049999997
284.6847789564633,0.049999997
284.6848269572313,0.06
284.6848749579993,0.055
284.68492295876734,0.055
284.68497095953535,0.049999997
284.68501896030335,0.044999998
284.68506696107136,0.049999997
284.68511496183936,0.049999997
284.68516296260736,0.06
284.68521096337537,0.06
284.68525896414343,0.049999997
284.68530696491143,0.065
284.68535496567944,0.044999998
284.68540296644744,0.055
284.68545096721544,0.04
284.68549896798345,0.06
284.6855469687515,0.049999997
284.6855949695195,0.055
284.6856429702875,0.044999998
284.6856909710555,0.04
284.6857389718235,0.06
284.68578697259153,0.06
284.68583497335953,0.07
284.6858829741276,0.06
284.6859309748956,0.06
284.6859789756636,0.065
284.6860269764316,0.06
284.6860749771996,0.049999997
284.6861229779676,0.049999997
284.6861709787356,0.049999997
284.6862189795037,0.049999997
284.6862669802717,0.049999997
284.6863149810397,0.049999997
284.6863629818077,0.065
284.6864109825757,0.06
284.6864589833437,0.055
284.6865069841117,0.065
284.68655498487976,0.06
284.68660298564777,0.049999997
284.68665098641577,0.049999997
284.6866989871838,0.049999997
284.6867469879518,0.049999997
284.6867949887198,0.055
284.6868429894878,0.055
284.68689099025585,0.07
284.68693899102385,0.055
284.68698699179185,0.065
284.68703499255986,0.055
284.68708299332786,0.065
284.68713099409587,0.049999997
284.6871789948639,0.049999997
284.68722699563193,0.06
284.68727499639994,0.055
284.68732299716794,0.055
284.68737099793594,0.049999997
284.68741899870395,0.044999998
284.68746699947195,0.049999997
284.68751500024,0.055
284.687563001008,0.055
284.687611001776,0.055
284.687659002544,0.049999997
284.687707003312,0.074999996
284.68775500408003,0.06
284.68780300484804,0.06
284.6878510056161,0.065
284.6878990063841,0.06
284.6879470071521,0.049999997
284.6879950079201,0.049999997
284.6880430086881,0.049999997
284.6880910094561,0.06
284.6881390102241,0.06
284.6881870109922,0.055
284.6882350117602,0.055
284.6882830125282,0.044999998
284.6883310132962,0.049999997
284.6883790140642,0.04
284.6884270148322,0.049999997
284.6884750156002,0.055
284.68852301636826,0.055
284.68857101713627,0.055
284.6886190179043,0.065
284.6886670186723,0.044999998
284.6887150194403,0.049999997
284.6887630202083,0.055
284.68881102097635,0.07
284.68885902174435,0.06
284.68890702251235,0.055
284.68895502328036,0.049999997
284.68900302404836,0.06
284.68905102481637,0.049999997
284.68909902558437,0.055
284.68914702635243,0.055
284.68919502712043,0.06
284.68924302788844,0.065
284.68929102865644,0.055
284.68933902942445,0.055
284.68938703019245,0.044999998
284.68943503096045,0.06
284.6894830317285,0.055
284.6895310324965,0.06
284.6895790332645,0.06
284.6896270340325,0.055
284.68967503480053,0.055
284.68972303556853,0.055
284.68977103633654,0.044999998
284.6898190371046,0.055
284.6898670378726,0.06
284.6899150386406,0.049999997
284.6899630394086,0.06
284.6900110401766,0.055
284.6900590409446,0.049999997
284.6901070417126,0.055
284.6901550424807,0.055
284.6902030432487,0.055
284.6902510440167,0.049999997
284.6902990447847,0.055
284.6903470455527,0.055
284.6903950463207,0.055
284.69044304708876,0.055
284.69049104785677,0.055
284.69053904862477,0.055
284.6905870493928,0.055
284.6906350501608,0.049999997
284.6906830509288,0.049999997
284.6907310516968,0.049999997
284.69077905246485,0.055
284.69082705323285,0.049999997
284.69087505400086,0.055
284.69092305476886,0.055
284.69097105553686,0.049999997
284.69101905630487,0.06
284.69106705707287,0.055
284.69111505784093,0.049999997
284.69116305860894,0.055
284.69121105937694,0.049999997
284.69125906014494,0.049999997
284.69130706091295,0.049999997
284.69135506168095,0.055
284.69140306244896,0.049999997
284.691451063217,0.055
284.691499063985,0.055
284.691547064753,0.055
284.691595065521,0.049999997
284.69164306628903,0.055
284.69169106705704,0.049999997
284.69173906782504,0.055
284.6917870685931,0.055
284.6918350693611,0.055
284.6918830701291,0.055
284.6919310708971,0.06
284.6919790716651,0.055
284.6920270724331,0.055
284.6920750732012,0.049999997
284.6921230739692,0.049999997
284.6921710747372,0.049999997
284.6922190755052,0.055
284.6922670762732,0.055
284.6923150770412,0.055
284.6923630778092,0.055
284.69241107857727,0.055
284.69245907934527,0.049999997
284.6925070801133,0.055
284.6925550808813,0.049999997
284.6926030816493,0.06
284.6926510824173,0.049999997
284.6926990831853,0.055
284.69274708395335,0.049999997
284.69279508472135,0.055
284.69284308548936,0.049999997
284.69289108625736,0.055
284.69293908702537,0.055
284.69298708779337,0.055
284.6930350885614,0.055
284.69308308932943,0.055
284.69313109009744,0.055
284.69317909086544,0.055
284.69322709163345,0.049999997
284.69327509240145,0.049999997
284.69332309316945,0.049999997
284.69337109393746,0.055
284.6934190947055,0.049999997
284.6934670954735,0.065
284.6935150962415,0.055
284.69356309700953,0.06
284.69361109777753,0.06
284.69365909854554,0.06
284.6937070993136,0.055
284.6937551000816,0.055
284.6938031008496,0.055
284.6938511016176,0.049999997
284.6938991023856,0.055
284.6939471031536,0.055
284.6939951039216,0.055
284.6940431046897,0.055
284.6940911054577,0.055
284.6941391062257,0.049999997
284.6941871069937,0.055
284.6942351077617,0.049999997
284.6942831085297,0.055
284.6943311092977,0.055
284.69437911006577,0.055
284.6944271108338,0.055
284.6944751116018,0.055
284.6945231123698,0.055
284.6945711131378,0.055
284.6946191139058,0.049999997
284.6946671146738,0.055
284.69471511544185,0.055
284.69476311620986,0.049999997
284.69481111697786,0.055
284.69485911774586,0.055
284.69490711851387,0.049999997
284.6949551192819,0.055
284.6950031200499,0.055
284.69505112081794,0.055
284.69509912158594,0.055
284.69514712235394,0.049999997
284.69519512312195,0.044999998
284.69524312388995,0.06
284.69529112465796,0.06
284.695339125426,0.055
284.695387126194,0.055
284.695435126962,0.055
284.69548312773003,0.049999997
284.69553112849803,0.055
284.69557912926604,0.055
284.69562713003404,0.055
284.6956751308021,0.055
284.6957231315701,0.055
284.6957711323381,0.055
284.6958191331061,0.055
284.6958671338741,0.049999997
284.6959151346421,0.049999997
284.6959631354101,0.055
284.6960111361782,0.055
284.6960591369462,0.055
284.6961071377142,0.049999997
284.6961551384822,0.055
284.6962031392502,0.055
284.6962511400182,0.055
284.6962991407862,0.055
284.69634714155427,0.055
284.6963951423223,0.055
284.6964431430903,0.055
284.6964911438583,0.055
284.6965391446263,0.055
284.6965871453943,0.049999997
284.6966351461623,0.055
284.69668314693035,0.055
284.69673114769836,0.055
284.69677914846636,0.055
284.69682714923437,0.055
284.69687515000237,0.049999997
284.6969231507704,0.049999997
284.69697115153843,0.06
284.69701915230644,0.055
284.69706715307444,0.049999997
284.69711515384245,0.049999997
284.69716315461045,0.055
284.69721115537845,0.055
284.69725915614646,0.06
284.6973071569145,0.049999997
284.6973551576825,0.055
284.6974031584505,0.055
284.69745115921853,0.049999997
284.69749915998653,0.049999997
284.69754716075454,0.049999997
284.69759516152254,0.049999997
284.6976431622906,0.055
284.6976911630586,0.06
284.6977391638266,0.049999997
284.6977871645946,0.055
284.6978351653626,0.049999997
284.6978831661306,0.055
284.6979311668986,0.044999998
284.6979791676667,0.055
284.6980271684347,0.049999997
284.6980751692027,0.049999997
284.6981231699707,0.049999997
284.6981711707387,0.055
284.6982191715067,0.049999997
284.6982671722747,0.055
284.6983151730428,0.049999997
284.6983631738108,0.055
284.6984111745788,0.055
284.6984591753468,0.06
284.6985071761148,0.055
284.6985551768828,0.06
284.69860317765085,0.055
284.69865117841886,0.065
284.69869917918686,0.055
284.69874717995486,0.055
284.69879518072287,0.049999997
284.6988431814909,0.055
284.6988911822589,0.049999997
284.69893918302694,0.055
284.69898718379494,0.055
284.69903518456294,0.06
284.69908318533095,0.055
284.69913118609895,0.055
284.69917918686696,0.055
284.69922718763496,0.055
284.699275188403,0.055
284.699323189171,0.055
284.69937118993903,0.055
284.69941919070703,0.055
284.69946719147504,0.055
284.69951519224304,0.055
284.69956319301104,0.055
284.6996111937791,0.055
284.6996591945471,0.049999997
284.6997071953151,0.055
284.6997551960831,0.055
284.6998031968511,0.055
284.6998511976191,0.055
284.69989919838713,0.055
284.6999471991552,0.055
284.6999951999232,0.055
284.7000432006912,0.055
284.7000912014592,0.049999997
284.7001392022272,0.055
284.7001872029952,0.055
284.70023520376327,0.055
284.7002832045313,0.055
284.7003312052993,0.055
284.7003792060673,0.055
284.7004272068353,0.055
284.7004752076033,0.055
284.7005232083713,0.044999998
284.70057120913935,0.055
284.70061920990736,0.055
284.70066721067536,0.055
284.70071521144337,0.055
284.70076321221137,0.055
284.7008112129794,0.055
284.7008592137474,0.055
284.70090721451544,0.055
284.70095521528344,0.049999997
284.70100321605145,0.055
284.70105121681945,0.06
284.70109921758745,0.055
284.70114721835546,0.049999997
284.70119521912346,0.055
284.7012432198915,0.055
284.7012912206595,0.049999997
284.70133922142753,0.055
284.70138722219554,0.049999997
284.70143522296354,0.049999997
284.70148322373154,0.049999997
284.70153122449955,0.049999997
284.7015792252676,0.049999997
284.7016272260356,0.055
284.7016752268036,0.055
284.7017232275716,0.049999997
284.7017712283396,0.055
284.7018192291076,0.049999997
284.7018672298757,0.055
284.7019152306437,0.055
284.7019632314117,0.06
284.7020112321797,0.055
284.7020592329477,0.06
284.7021072337157,0.055
284.7021552344837,0.049999997
284.7022032352518,0.055
284.7022512360198,0.055
284.7022992367878,0.055
284.7023472375558,0.055
284.7023952383238,0.049999997
284.7024432390918,0.055
284.7024912398598,0.055
284.70253924062786,0.055
284.70258724139586,0.06
284.70263524216386,0.055
284.70268324293187,0.055
284.7027312436999,0.055
284.7027792444679,0.049999997
284.7028272452359,0.06
284.70287524600394,0.055
284.70292324677195,0.06
284.70297124753995,0.055
284.70301924830795,0.055
284.70306724907596,0.055
284.70311524984396,0.055
284.70316325061196,0.055
284.70321125138,0.055
284.70325925214803,0.055
284.70330725291603,0.055
284.70335525368404,0.049999997
284.70340325445204,0.06
284.70345125522005,0.055
284.7034992559881,0.06
284.7035472567561,0.055
284.7035952575241,0.055
284.7036432582921,0.055
284.7036912590601,0.055
284.7037392598281,0.055
284.70378726059613,0.055
284.7038352613642,0.049999997
284.7038832621322,0.055
284.7039312629002,0.055
284.7039792636682,0.055
284.7040272644362,0.055
284.7040752652042,0.055
284.7041232659722,0.055
284.7041712667403,0.055
284.7042192675083,0.055
284.7042672682763,0.055
284.7043152690443,0.055
284.7043632698123,0.055
284.7044112705803,0.055
284.7044592713483,0.055
284.70450727211636,0.049999997
284.70455527288436,0.055
284.70460327365237,0.055
284.70465127442037,0.055
284.7046992751884,0.055
284.7047472759564,0.055
284.7047952767244,0.055
284.70484327749244,0.055
284.70489127826045,0.049999997
284.70493927902845,0.049999997
284.70498727979646,0.055
284.70503528056446,0.049999997
284.70508328133246,0.055
284.7051312821005,0.055
284.7051792828685,0.055
284.70522728363653,0.055
284.70527528440454,0.055
284.70532328517254,0.055
284.70537128594054,0.055
284.70541928670855,0.049999997
284.7054672874766,0.049999997
284.7055152882446,0.055
284.7055632890126,0.049999997
284.7056112897806,0.055
284.7056592905486,0.049999997
284.7057072913166,0.055
284.70575529208463,0.049999997
284.7058032928527,0.049999997
284.7058512936207,0.055
284.7058992943887,0.049999997
284.7059472951567,0.06
284.7059952959247,0.049999997
284.7060432966927,0.055
284.7060912974607,0.055
284.7061392982288,0.06
284.7061872989968,0.055
284.7062352997648,0.06
284.7062833005328,0.055
284.7063313013008,0.049999997
284.7063793020688,0.055
284.7064273028368,0.06
284.70647530360486,0.055
284.70652330437287,0.06
284.70657130514087,0.055
284.7066193059089,0.049999997
284.7066673066769,0.049999997
284.7067153074449,0.055
284.70676330821294,0.055
284.70681130898095,0.055
284.70685930974895,0.055
284.70690731051695,0.06
284.70695531128496,0.055
284.70700331205296,0.055
284.70705131282097,0.055
284.707099313589,0.06
284.70714731435703,0.055
284.70719531512503,0.055
284.70724331589304,0.049999997
284.70729131666104,0.06
284.70733931742905,0.049999997
284.70738731819705,0.06
284.7074353189651,0.055
284.7074833197331,0.055
284.7075313205011,0.06
284.7075793212691,0.055
284.7076273220371,0.055
284.70767532280513,0.049999997
284.70772332357313,0.06
284.7077713243412,0.055
284.7078193251092,0.055
284.7078673258772,0.055
284.7079153266452,0.055
284.7079633274132,0.049999997
284.7080113281812,0.055
284.7080593289492,0.049999997
284.7081073297173,0.055
284.7081553304853,0.049999997
284.7082033312533,0.055
284.7082513320213,0.055
284.7082993327893,0.055
284.7083473335573,0.055
284.70839533432536,0.049999997
284.70844333509336,0.049999997
284.70849133586137,0.049999997
284.70853933662937,0.055
284.7085873373974,0.049999997
284.7086353381654,0.049999997
284.7086833389334,0.055
284.70873133970144,0.055
284.70877934046945,0.06
284.70882734123745,0.055
284.70887534200546,0.049999997
284.70892334277346,0.055
284.70897134354146,0.049999997
284.70901934430947,0.055
284.70906734507753,0.055
284.70911534584553,0.055
284.70916334661354,0.055
284.70921134738154,0.055
284.70925934814954,0.055
284.70930734891755,0.055
284.70935534968555,0.055
284.7094033504536,0.055
284.7094513512216,0.055
284.7094993519896,0.055
284.7095473527576,0.055
284.70959535352563,0.065
284.70964335429363,0.055
284.70969135506164,0.055
284.7097393558297,0.055
284.7097873565977,0.055
284.7098353573657,0.055
284.7098833581337,0.049999997
284.7099313589017,0.06
284.7099793596697,0.055
284.7100273604378,0.055
284.7100753612058,0.055
284.7101233619738,0.055
284.7101713627418,0.055
284.7102193635098,0.049999997
284.7102673642778,0.055
284.7103153650458,0.055
284.71036336581386,0.055
284.71041136658187,0.055
284.71045936734987,0.055
284.7105073681179,0.055
284.7105553688859,0.06
284.7106033696539,0.055
284.7106513704219,0.049999997
284.71069937118995,0.049999997
284.71074737195795,0.055
284.71079537272595,0.049999997
284.71084337349396,0.055
284.71089137426196,0.055
284.71093937502997,0.06
284.71098737579797,0.055
284.71103537656603,0.049999997
284.71108337733403,0.055
284.71113137810204,0.055
284.71117937887004,0.049999997
284.71122737963805,0.055
284.71127538040605,0.055
284.71132338117405,0.055
284.7113713819421,0.055
284.7114193827101,0.055
284.7114673834781,0.055
284.7115153842461,0.055
284.71156338501413,0.055
284.71161138578213,0.055
284.7116593865502,0.055
284.7117073873182,0.055
284.7117553880862,0.055
284.7118033888542,0.055
284.7118513896222,0.055
284.7118993903902,0.055
284.7119473911582,0.055
284.7119953919263,0.055
284.7120433926943,0.055
284.7120913934623,0.049999997
284.7121393942303,0.049999997
284.7121873949983,0.055
284.7122353957663,0.055
284.7122833965343,0.049999997
284.71233139730236,0.055
284.71237939807037,0.06
284.7124273988384,0.055
284.7124753996064,0.055
284.7125234003744,0.055
284.7125714011424,0.055
284.7126194019104,0.055
284.71266740267845,0.049999997
284.71271540344645,0.055
284.71276340421446,0.049999997
284.71281140498246,0.049999997
284.71285940575046,0.049999997
284.71290740651847,0.049999997
284.7129554072865,0.055
284.71300340805453,0.055
284.71305140882254,0.055
284.71309940959054,0.049999997
284.71314741035854,0.055
284.71319541112655,0.049999997
284.71324341189455,0.055
284.7132914126626,0.049999997
284.7133394134306,0.065
284.7133874141986,0.06
284.7134354149666,0.049999997
284.71348341573463,0.044999998
284.71353141650263,0.055
284.71357941727064,0.044999998
284.7136274180387,0.055
284.7136754188067,0.049999997
284.7137234195747,0.055
284.7137714203427,0.055
284.7138194211107,0.055
284.7138674218787,0.055
284.7139154226467,0.049999997
284.7139634234148,0.06
284.7140114241828,0.055
284.7140594249508,0.049999997
284.7141074257188,0.06
284.7141554264868,0.055
284.7142034272548,0.055
284.7142514280228,0.055
284.71429942879087,0.049999997
284.71434742955887,0.055
284.7143954303269,0.055
284.7144434310949,0.06
284.7144914318629,0.055
284.7145394326309,0.055
284.7145874333989,0.06
284.71463543416695,0.06
284.71468343493495,0.049999997
284.71473143570296,0.055
284.71477943647096,0.055
284.71482743723897,0.06
284.71487543800697,0.055
284.71492343877503,0.06
284.71497143954304,0.055
284.71501944031104,0.055
284.71506744107904,0.049999997
284.71511544184705,0.06
284.71516344261505,0.055
284.71521144338305,0.055
284.7152594441511,0.055
284.7153074449191,0.06
284.7153554456871,0.055
284.7154034464551,0.055
284.71545144722313,0.055
284.71549944799114,0.055
284.71554744875914,0.055
284.7155954495272,0.055
284.7156434502952,0.06
284.7156914510632,0.049999997
284.7157394518312,0.055
284.7157874525992,0.055
284.7158354533672,0.055
284.7158834541352,0.049999997
284.7159314549033,0.055
284.7159794556713,0.055
284.7160274564393,0.055
284.7160754572073,0.055
284.7161234579753,0.055
284.7161714587433,0.055
284.7162194595113,0.055
284.71626746027937,0.055
284.7163154610474,0.049999997
284.7163634618154,0.055
284.7164114625834,0.055
284.7164594633514,0.055
284.7165074641194,0.055
284.71655546488745,0.055
284.71660346565545,0.055
284.71665146642346,0.055
284.71669946719146,0.055
284.71674746795946,0.06
284.71679546872747,0.055
284.7168434694955,0.049999997
284.71689147026353,0.055
284.71693947103154,0.049999997
284.71698747179954,0.055
284.71703547256755,0.055
284.71708347333555,0.06
284.71713147410355,0.055
284.71717947487156,0.06
284.7172274756396,0.055
284.7172754764076,0.055
284.7173234771756,0.055
284.71737147794363,0.055
284.71741947871163,0.06
284.71746747947964,0.049999997
284.71751548024764,0.055
284.7175634810157,0.049999997
284.7176114817837,0.055
284.7176594825517,0.044999998
284.7177074833197,0.049999997
284.7177554840877,0.049999997
284.7178034848557,0.049999997
284.7178514856237,0.055
284.7178994863918,0.055
284.7179474871598,0.06
284.7179954879278,0.065
284.7180434886958,0.055
284.7180914894638,0.049999997
284.7181394902318,0.055
284.7181874909998,0.055
284.71823549176787,0.055
284.7182834925359,0.055
284.7183314933039,0.06
284.7183794940719,0.055
284.7184274948399,0.049999997
284.7184754956079,0.055
284.71852349637595,0.055
284.71857149714396,0.06
284.71861949791196,0.06
284.71866749867996,0.055
284.71871549944797,0.055
284.71876350021597,0.055
284.718811500984,0.06
284.71885950175204,0.055
284.71890750252004,0.055
284.71895550328804,0.055
284.71900350405605,0.055
284.71905150482405,0.055
284.71909950559206,0.049999997
284.71914750636006,0.06
284.7191955071281,0.055
284.7192435078961,0.055
284.7192915086641,0.055
284.71933950943213,0.055
284.71938751020014,0.055
284.71943551096814,0.055
284.71948351173614,0.055
284.7195315125042,0.049999997
284.7195795132722,0.055
284.7196275140402,0.049999997
284.7196755148082,0.055
284.7197235155762,0.055
284.7197715163442,0.055
284.7198195171122,0.055
284.7198675178803,0.049999997
284.7199155186483,0.055
284.7199635194163,0.049999997
284.7200115201843,0.055
284.7200595209523,0.055
284.7201075217203,0.06
284.72015552248837,0.049999997
284.7202035232564,0.06
284.7202515240244,0.055
284.7202995247924,0.055
284.7203475255604,0.049999997
284.7203955263284,0.055
284.7204435270964,0.055
284.72049152786445,0.055
284.72053952863246,0.055
284.72058752940046,0.055
284.72063553016847,0.055
284.72068353093647,0.055
284.7207315317045,0.049999997
284.7207795324725,0.055
284.72082753324054,0.055
284.72087553400854,0.06
284.72092353477655,0.049999997
284.72097153554455,0.055
284.72101953631255,0.055
284.72106753708056,0.055
284.72111553784856,0.055
284.7211635386166,0.055
284.7212115393846,0.055
284.72125954015263,0.055
284.72130754092063,0.055
284.72135554168864,0.049999997
284.72140354245664,0.055
284.72145154322465,0.055
284.7214995439927,0.049999997
284.7215475447607,0.049999997
284.7215955455287,0.055
284.7216435462967,0.044999998
284.7216915470647,0.055
284.7217395478327,0.049999997
284.7217875486008,0.055
284.7218355493688,0.049999997
284.7218835501368,0.06
284.7219315509048,0.055
284.7219795516728,0.055
284.7220275524408,0.06
284.7220755532088,0.049999997
284.72212355397687,0.055
284.7221715547449,0.049999997
284.7222195555129,0.049999997
284.7222675562809,0.055
284.7223155570489,0.049999997
284.7223635578169,0.055
284.7224115585849,0.055
284.72245955935296,0.06
284.72250756012096,0.055
284.72255556088896,0.055
284.72260356165697,0.049999997
284.72265156242497,0.055
284.722699563193,0.055
284.722747563961,0.055
284.72279556472904,0.055
284.72284356549704,0.055
284.72289156626505,0.055
284.72293956703305,0.049999997
284.72298756780106,0.049999997
284.72303556856906,0.049999997
284.72308356933706,0.055
284.7231315701051,0.055
284.7231795708731,0.055
284.72322757164113,0.055
284.72327557240914,0.055
284.72332357317714,0.049999997
284.72337157394514,0.06
284.7234195747132,0.049999997
284.7234675754812,0.044999998
284.7235155762492,0.049999997
284.7235635770172,0.07
284.7236115777852,0.055
284.7236595785532,0.055
284.72370757932123,0.049999997
284.7237555800893,0.049999997
284.7238035808573,0.055
284.7238515816253,0.049999997
284.7238995823933,0.049999997
284.7239475831613,0.049999997
284.7239955839293,0.049999997
284.7240435846973,0.055
284.7240915854654,0.055
284.7241395862334,0.049999997
284.7241875870014,0.049999997
284.7242355877694,0.055
284.7242835885374,0.044999998
284.7243315893054,0.055
284.7243795900734,0.049999997
284.72442759084146,0.055
284.72447559160946,0.049999997
284.72452359237747,0.049999997
284.72457159314547,0.049999997
284.7246195939135,0.055
284.7246675946815,0.055
284.7247155954495,0.055
284.72476359621754,0.049999997
284.72481159698555,0.055
284.72485959775355,0.06
284.72490759852155,0.06
284.72495559928956,0.055
284.72500360005756,0.06
284.7250516008256,0.055
284.7250996015936,0.055
284.72514760236163,0.049999997
284.72519560312963,0.055
284.72524360389764,0.055
284.72529160466564,0.06
284.72533960543365,0.055
284.7253876062017,0.06
284.7254356069697,0.055
284.7254836077377,0.065
284.7255316085057,0.055
284.7255796092737,0.049999997
284.7256276100417,0.055
284.72567561080973,0.055
284.7257236115778,0.055
284.7257716123458,0.055
284.7258196131138,0.055
284.7258676138818,0.06
284.7259156146498,0.055
284.7259636154178,0.055
284.7260116161858,0.049999997
284.7260596169539,0.055
284.7261076177219,0.049999997
284.7261556184899,0.06
284.7262036192579,0.055
284.7262516200259,0.055
284.7262996207939,0.049999997
284.7263476215619,0.055
284.72639562232996,0.049999997
284.72644362309796,0.055
284.72649162386597,0.055
284.726539624634,0.055
284.726587625402,0.055
284.72663562617,0.055
284.72668362693804,0.049999997
284.72673162770604,0.055
284.72677962847405,0.055
284.72682762924205,0.049999997
284.72687563001006,0.06
284.72692363077806,0.055
284.72697163154606,0.055
284.7270196323141,0.049999997
284.72706763308213,0.06
284.72711563385013,0.055
284.72716363461814,0.049999997
284.72721163538614,0.055
284.72725963615414,0.049999997
284.72730763692215,0.055
284.7273556376902,0.055
284.7274036384582,0.055
284.7274516392262,0.055
284.7274996399942,0.055
284.7275476407622,0.049999997
284.72759564153023,0.049999997
284.72764364229823,0.049999997
284.7276916430663,0.055
284.7277396438343,0.049999997
284.7277876446023,0.049999997
284.7278356453703,0.055
284.7278836461383,0.049999997
284.7279316469063,0.06
284.7279796476743,0.055
284.7280276484424,0.06
284.7280756492104,0.055
284.7281236499784,0.049999997
284.7281716507464,0.055
284.7282196515144,0.055
284.7282676522824,0.055
284.72831565305046,0.055
284.72836365381846,0.055
284.72841165458647,0.049999997
284.72845965535447,0.055
284.7285076561225,0.049999997
284.7285556568905,0.055
284.7286036576585,0.049999997
284.72865165842654,0.06
284.72869965919455,0.055
284.72874765996255,0.055
284.72879566073055,0.055
284.72884366149856,0.055
284.72889166226656,0.06
284.72893966303457,0.049999997
284.7289876638026,0.049999997
284.72903566457063,0.06
284.72908366533864,0.06
284.72913166610664,0.055
284.72917966687464,0.055
284.72922766764265,0.06
284.72927566841065,0.055
284.7293236691787,0.06
284.7293716699467,0.055
284.7294196707147,0.055
284.7294676714827,0.049999997
284.7295156722507,0.065
284.72956367301873,0.055
284.72961167378674,0.055
284.7296596745548,0.049999997
284.7297076753228,0.06
284.7297556760908,0.055
284.7298036768588,0.055
284.7298516776268,0.055
284.7298996783948,0.055
284.7299476791629,0.049999997
284.7299956799309,0.049999997
284.7300436806989,0.055
284.7300916814669,0.049999997
284.7301396822349,0.055
284.7301876830029,0.049999997
284.7302356837709,0.055
284.73028368453896,0.049999997
284.73033168530696,0.049999997
284.73037968607497,0.055
284.730427686843,0.055
284.730475687611,0.055
284.730523688379,0.055
284.730571689147,0.049999997
284.73061968991505,0.055
284.73066769068305,0.055
284.73071569145105,0.06
284.73076369221906,0.055
284.73081169298706,0.06
284.73085969375506,0.055
284.73090769452307,0.049999997
284.73095569529113,0.055
284.73100369605913,0.055
284.73105169682714,0.055
284.73109969759514,0.055
284.73114769836315,0.055
284.73119569913115,0.06
284.73124369989915,0.049999997
284.7312917006672,0.06
284.7313397014352,0.055
284.7313877022032,0.06
284.7314357029712,0.055
284.73148370373923,0.049999997
284.73153170450723,0.055
284.7315797052753,0.055
284.7316277060433,0.055
284.7316757068113,0.055
284.7317237075793,0.055
284.7317717083473,0.055
284.7318197091153,0.049999997
284.7318677098833,0.049999997
284.7319157106514,0.055
284.7319637114194,0.06
284.7320117121874,0.055
284.7320597129554,0.049999997
284.7321077137234,0.049999997
284.7321557144914,0.055
284.7322037152594,0.055
284.73225171602746,0.055
284.73229971679547,0.055
284.73234771756347,0.049999997
284.7323957183315,0.055
284.7324437190995,0.049999997
284.7324917198675,0.055
284.7325397206355,0.049999997
284.73258772140355,0.055
284.73263572217155,0.049999997
284.73268372293956,0.055
284.73273172370756,0.049999997
284.73277972447556,0.06
284.73282772524357,0.049999997
284.73287572601157,0.06
284.73292372677963,0.06
284.73297172754764,0.06
284.73301972831564,0.055
284.73306772908364,0.049999997
284.73311572985165,0.055
284.73316373061965,0.055
284.7332117313877,0.055
284.7332597321557,0.055
284.7333077329237,0.055
284.7333557336917,0.055
284.7334037344597,0.049999997
284.73345173522773,0.055
284.73349973599574,0.049999997
284.7335477367638,0.06
284.7335957375318,0.049999997
284.7336437382998,0.06
284.7336917390678,0.055
284.7337397398358,0.065
284.7337877406038,0.049999997
284.7338357413718,0.055
284.7338837421399,0.049999997
284.7339317429079,0.06
284.7339797436759,0.055
284.7340277444439,0.06
284.7340757452119,0.049999997
284.7341237459799,0.06
284.7341717467479,0.055
284.73421974751597,0.06
284.73426774828397,0.055
284.734315749052,0.049999997
284.73436374982,0.049999997
284.734411750588,0.049999997
284.734459751356,0.055
284.734507752124,0.055
284.73455575289205,0.055
284.73460375366005,0.055
284.73465175442806,0.055
284.73469975519606,0.055
284.73474775596407,0.055
284.73479575673207,0.055
284.73484375750013,0.055
284.73489175826813,0.049999997
284.73493975903614,0.049999997
284.73498775980414,0.055
284.73503576057215,0.055
284.73508376134015,0.055
284.73513176210815,0.055
284.7351797628762,0.055
284.7352277636442,0.055
284.7352757644122,0.049999997
284.7353237651802,0.055
284.73537176594823,0.06
284.73541976671623,0.055
284.73546776748424,0.055
284.7355157682523,0.055
284.7355637690203,0.06
284.7356117697883,0.055
284.7356597705563,0.055
284.7357077713243,0.055
284.7357557720923,0.055
284.7358037728603,0.049999997
284.7358517736284,0.055
284.7358997743964,0.055
284.7359477751644,0.049999997
284.7359957759324,0.055
284.7360437767004,0.049999997
284.7360917774684,0.055
284.7361397782364,0.055
284.73618777900447,0.055
284.73623577977247,0.049999997
284.7362837805405,0.055
284.7363317813085,0.06
284.7363797820765,0.055
284.7364277828445,0.055
284.73647578361255,0.055
284.73652378438055,0.055
284.73657178514856,0.055
284.73661978591656,0.049999997
284.73666778668456,0.044999998
284.73671578745257,0.044999998
284.73676378822057,0.049999997
284.73681178898863,0.049999997
284.73685978975664,0.055
284.73690779052464,0.044999998
284.73695579129264,0.06
284.73700379206065,0.055
284.73705179282865,0.065
284.73709979359666,0.055
284.7371477943647,0.06
284.7371957951327,0.055
284.7372437959007,0.049999997
284.7372917966687,0.055
284.73733979743673,0.049999997
284.73738779820474,0.049999997
284.73743579897274,0.055
284.7374837997408,0.055
284.7375318005088,0.055
284.7375798012768,0.06
284.7376278020448,0.06
284.7376758028128,0.055
284.7377238035808,0.055
284.7377718043488,0.055
284.7378198051169,0.055
284.7378678058849,0.055
284.7379158066529,0.055
284.7379638074209,0.06
284.7380118081889,0.06
284.7380598089569,0.049999997
284.73810780972497,0.055
284.73815581049297,0.055
284.738203811261,0.06
284.738251812029,0.055
284.738299812797,0.055
284.738347813565,0.055
284.738395814333,0.06
284.73844381510105,0.055
284.73849181586905,0.055
284.73853981663706,0.055
284.73858781740506,0.055
284.73863581817307,0.055
284.73868381894107,0.049999997
284.7387318197091,0.049999997
284.73877982047713,0.055
284.73882782124514,0.055
284.73887582201314,0.055
284.73892382278115,0.055
284.73897182354915,0.049999997
284.73901982431715,0.06
284.73906782508516,0.049999997
284.7391158258532,0.055
284.7391638266212,0.055
284.7392118273892,0.049999997
284.73925982815723,0.055
284.73930782892523,0.055
284.73935582969324,0.055
284.73940383046124,0.055
284.7394518312293,0.055
284.7394998319973,0.055
284.7395478327653,0.055
284.7395958335333,0.055
284.7396438343013,0.055
284.7396918350693,0.055
284.7397398358374,0.055
284.7397878366054,0.055
284.7398358373734,0.06
284.7398838381414,0.055
284.7399318389094,0.055
284.7399798396774,0.06
284.7400278404454,0.055
284.74007584121347,0.06
284.7401238419815,0.055
284.7401718427495,0.055
284.7402198435175,0.055
284.7402678442855,0.06
284.7403158450535,0.055
284.7403638458215,0.055
284.74041184658955,0.055
284.74045984735756,0.055
284.74050784812556,0.055
284.74055584889356,0.055
284.74060384966157,0.049999997
284.7406518504296,0.055
284.7406998511976,0.055
284.74074785196564,0.055
284.74079585273364,0.049999997
284.74084385350164,0.055
284.74089185426965,0.049999997
284.74093985503765,0.055
284.74098785580566,0.055
284.74103585657366,0.049999997
284.7410838573417,0.049999997
284.7411318581097,0.055
284.74117985887773,0.055
284.74122785964573,0.055
284.74127586041374,0.06
284.74132386118174,0.055
284.7413718619498,0.055
284.7414198627178,0.055
284.7414678634858,0.055
284.7415158642538,0.044999998
284.7415638650218,0.049999997
284.7416118657898,0.055
284.7416598665578,0.049999997
284.7417078673259,0.055
284.7417558680939,0.049999997
284.7418038688619,0.055
284.7418518696299,0.055
284.7418998703979,0.049999997
284.7419478711659,0.049999997
284.7419958719339,0.055
284.74204387270197,0.055
284.74209187347,0.049999997
284.742139874238,0.055
284.742187875006,0.055
284.742235875774,0.055
284.742283876542,0.049999997
284.74233187731,0.055
284.74237987807805,0.049999997
284.74242787884606,0.055
284.74247587961406,0.049999997
284.74252388038207,0.049999997
284.74257188115007,0.049999997
284.7426198819181,0.055
284.7426678826861,0.049999997
284.74271588345414,0.055
284.74276388422214,0.049999997
284.74281188499015,0.06
284.74285988575815,0.049999997
284.74290788652615,0.06
284.74295588729416,0.055
284.7430038880622,0.06
284.7430518888302,0.055
284.7430998895982,0.049999997
284.74314789036623,0.049999997
284.74319589113423,0.055
284.74324389190224,0.055
284.74329189267024,0.049999997
284.7433398934383,0.055
284.7433878942063,0.06
284.7434358949743,0.055
284.7434838957423,0.06
284.7435318965103,0.055
284.7435798972783,0.055
284.7436278980463,0.055
284.7436758988144,0.055
284.7437238995824,0.055
284.7437719003504,0.055
284.7438199011184,0.049999997
284.7438679018864,0.049999997
284.7439159026544,0.049999997
284.7439639034224,0.06
284.7440119041905,0.055
284.7440599049585,0.055
284.7441079057265,0.049999997
284.7441559064945,0.055
284.7442039072625,0.049999997
284.7442519080305,0.055
284.7442999087985,0.049999997
284.74434790956656,0.055
284.74439591033456,0.049999997
284.74444391110256,0.06
284.74449191187057,0.055
284.7445399126386,0.06
284.7445879134066,0.055
284.74463591417464,0.065
284.74468391494264,0.055
284.74473191571064,0.06
284.74477991647865,0.06
284.74482791724665,0.055
284.74487591801466,0.055
284.74492391878266,0.049999997
284.7449719195507,0.06
284.7450199203187,0.055
284.74506792108673,0.055
284.74511592185473,0.049999997
284.74516392262274,0.055
284.74521192339074,0.06
284.74525992415874,0.055
284.7453079249268,0.055
284.7453559256948,0.055
284.7454039264628,0.055
284.7454519272308,0.06
284.7454999279988,0.055
284.7455479287668,0.055
284.74559592953483,0.049999997
284.7456439303029,0.055
284.7456919310709,0.049999997
284.7457399318389,0.049999997
284.7457879326069,0.049999997
284.7458359333749,0.055
284.7458839341429,0.055
284.7459319349109,0.049999997
284.745979935679,0.055
284.746027936447,0.055
284.746075937215,0.055
284.746123937983,0.049999997
284.746171938751,0.049999997
284.746219939519,0.049999997
284.74626794028705,0.055
284.74631594105506,0.049999997
284.74636394182306,0.049999997
284.74641194259107,0.065
284.74645994335907,0.06
284.7465079441271,0.055
284.7465559448951,0.055
284.74660394566314,0.049999997
284.74665194643114,0.055
284.74669994719915,0.049999997
284.74674794796715,0.055
284.74679594873515,0.055
284.74684394950316,0.055
284.74689195027116,0.055
284.7469399510392,0.049999997
284.7469879518072,0.06
284.74703595257523,0.055
284.74708395334324,0.055
284.74713195411124,0.055
284.74717995487924,0.055
284.74722795564725,0.055
284.7472759564153,0.055
284.7473239571833,0.055
284.7473719579513,0.055
284.7474199587193,0.049999997
284.7474679594873,0.049999997
284.7475159602553,0.055
284.74756396102333,0.049999997
284.7476119617914,0.049999997
284.7476599625594,0.055
284.7477079633274,0.055
284.7477559640954,0.049999997
284.7478039648634,0.049999997
284.7478519656314,0.055
284.7478999663995,0.049999997
284.7479479671675,0.055
284.7479959679355,0.055
284.7480439687035,0.055
284.7480919694715,0.049999997
284.7481399702395,0.049999997
284.7481879710075,0.049999997
284.74823597177556,0.055
284.74828397254356,0.049999997
284.74833197331156,0.049999997
284.74837997407957,0.055
284.7484279748476,0.049999997
284.7484759756156,0.055
284.7485239763836,0.049999997
284.74857197715164,0.06
284.74861997791965,0.049999997
284.74866797868765,0.055
284.74871597945565,0.049999997
284.74876398022366,0.06
284.74881198099166,0.055
284.74885998175967,0.06
284.7489079825277,0.055
284.74895598329573,0.06
284.74900398406373,0.055
284.74905198483174,0.06
284.74909998559974,0.055
284.74914798636775,0.06
284.74919598713575,0.055
284.7492439879038,0.06
284.7492919886718,0.055
284.7493399894398,0.055
284.7493879902078,0.055
284.7494359909758,0.06
284.74948399174383,0.049999997
284.7495319925119,0.06
284.7495799932799,0.055
284.7496279940479,0.049999997
284.7496759948159,0.055
284.7497239955839,0.055
284.7497719963519,0.055
284.7498199971199,0.049999997
284.749867997888,0.06
284.749915998656,0.055
284.749963999424,0.055
284.750012000192,0.049999997
284.75006000096,0.055
284.750108001728,0.049999997
284.750156002496,0.049999997
284.75020400326406,0.055
284.75025200403206,0.055
284.75030000480007,0.055
284.75034800556807,0.049999997
284.7503960063361,0.055
284.7504440071041,0.055
284.7504920078721,0.055
284.75054000864014,0.055
284.75058800940815,0.06
284.75063601017615,0.055
284.75068401094416,0.055
284.75073201171216,0.055
284.75078001248016,0.055
284.75082801324817,0.055
284.7508760140162,0.049999997
284.75092401478423,0.055
284.75097201555224,0.049999997
284.75102001632024,0.055
284.75106801708824,0.055
284.75111601785625,0.055
284.7511640186243,0.055
284.7512120193923,0.055
284.7512600201603,0.055
284.7513080209283,0.055
284.7513560216963,0.055
284.7514040224643,0.049999997
284.75145202323233,0.055
284.7515000240004,0.055
284.7515480247684,0.055
284.7515960255364,0.049999997
284.7516440263044,0.055
284.7516920270724,0.055
284.7517400278404,0.055
284.7517880286084,0.055
284.7518360293765,0.055
284.7518840301445,0.055
284.7519320309125,0.049999997
284.7519800316805,0.049999997
284.7520280324485,0.049999997
284.7520760332165,0.049999997
284.7521240339845,0.049999997
284.75217203475256,0.055
284.75222003552057,0.049999997
284.75226803628857,0.055
284.7523160370566,0.049999997
284.7523640378246,0.055
284.7524120385926,0.049999997
284.7524600393606,0.055
284.75250804012865,0.055
284.75255604089665,0.049999997
284.75260404166465,0.055
284.75265204243266,0.055
284.75270004320066,0.055
284.75274804396867,0.06
284.7527960447367,0.06
284.75284404550473,0.049999997
284.75289204627273,0.06
284.75294004704074,0.055
284.75298804780874,0.049999997
284.75303604857675,0.055
284.75308404934475,0.055
