Tiempo (s),Datos
231.68813901022415,-0.0025
231.68818701099215,-0.01
231.68823501176018,0.0075
231.6882830125282,-0.005
231.6883310132962,-0.0075
231.68837901406422,-0.0075
231.68842701483223,0.01
231.68847501560023,0.0025
231.68852301636824,0.005
231.68857101713627,0.0025
231.68861901790427,0.0075
231.68866701867228,0.0
231.6887150194403,0.005
231.6887630202083,0.0025
231.68881102097632,0.012499999
231.68885902174432,0.005
231.68890702251235,0.012499999
231.68895502328036,0.0075
231.68900302404836,0.01
231.6890510248164,0.005
231.6890990255844,0.005
231.6891470263524,0.0075
231.68919502712043,0.015
231.68924302788844,0.015
231.68929102865644,0.02
231.68933902942445,0.024999999
231.68938703019248,0.035
231.68943503096048,0.0275
231.68948303172849,0.024999999
231.68953103249652,0.02
231.68957903326452,0.022499999
231.68962703403253,0.02
231.68967503480053,0.035
231.68972303556856,0.0275
231.68977103633657,0.03
231.68981903710457,0.024999999
231.6898670378726,0.0325
231.6899150386406,0.0275
231.6899630394086,0.035
231.69001104017664,0.035
231.69005904094465,0.04
231.69010704171265,0.024999999
231.69015504248065,0.024999999
231.6902030432487,0.015
231.6902510440167,0.024999999
231.6902990447847,0.0175
231.69034704555273,0.022499999
231.69039504632073,0.0175
231.69044304708873,0.02
231.69049104785674,0.0175
231.69053904862477,0.015
231.69058704939278,0.012499999
231.69063505016078,0.022499999
231.6906830509288,0.03
231.69073105169682,0.024999999
231.69077905246482,0.02
231.69082705323285,0.02
231.69087505400086,0.022499999
231.69092305476886,0.024999999
231.69097105553686,0.024999999
231.6910190563049,0.024999999
231.6910670570729,0.015
231.6911150578409,0.02
231.69116305860894,0.0175
231.69121105937694,0.0075
231.69125906014494,0.0075
231.69130706091295,0.0075
231.69135506168098,0.0075
231.69140306244898,0.005
231.691451063217,0.0075
231.69149906398502,0.0
231.69154706475302,0.0
231.69159506552103,0.012499999
231.69164306628906,0.0075
231.69169106705706,0.0
231.69173906782507,-0.005
231.69178706859307,-0.0025
231.6918350693611,-0.0025
231.6918830701291,-0.005
231.6919310708971,-0.012499999
231.69197907166514,-0.01
231.69202707243315,-0.015
231.69207507320115,-0.012499999
231.69212307396916,-0.022499999
231.6921710747372,-0.022499999
231.6922190755052,-0.015
231.6922670762732,-0.0175
231.69231507704123,-0.02
231.69236307780923,-0.012499999
231.69241107857724,-0.015
231.69245907934527,-0.015
231.69250708011327,-0.0175
231.69255508088128,-0.02
231.69260308164928,-0.02
231.6926510824173,-0.02
231.69269908318532,-0.022499999
231.69274708395332,-0.02
231.69279508472135,-0.022499999
231.69284308548936,-0.02
231.69289108625736,-0.015
231.69293908702537,-0.02
231.6929870877934,-0.012499999
231.6930350885614,-0.02
231.6930830893294,-0.012499999
231.69313109009744,-0.015
231.69317909086544,-0.02
231.69322709163345,-0.01
231.69327509240148,-0.015
231.69332309316948,-0.015
231.6933710939375,-0.02
231.6934190947055,-0.015
231.69346709547352,-0.005
231.69351509624153,-0.01
231.69356309700953,-0.005
231.69361109777756,-0.01
231.69365909854557,-0.005
231.69370709931357,0.0025
231.69375510008157,0.0
231.6938031008496,0.005
231.6938511016176,0.01
231.69389910238561,0.0025
231.69394710315365,0.015
231.69399510392165,0.0075
231.69404310468965,0.005
231.6940911054577,0.012499999
231.6941391062257,0.022499999
231.6941871069937,0.0175
231.6942351077617,0.0175
231.69428310852973,0.02
231.69433110929774,0.012499999
231.69437911006574,0.015
231.69442711083377,0.015
231.69447511160178,0.0175
231.69452311236978,0.02
231.69457111313778,0.0275
231.69461911390582,0.024999999
231.69466711467382,0.0175
231.69471511544182,0.024999999
231.69476311620986,0.0275
231.69481111697786,0.02
231.69485911774586,0.04
231.69490711851387,0.0325
231.6949551192819,0.035
231.6950031200499,0.03
231.6950511208179,0.0275
231.69509912158594,0.037499998
231.69514712235394,0.0425
231.69519512312195,0.0475
231.69524312388998,0.044999998
231.69529112465798,0.044999998
231.695339125426,0.049999997
231.695387126194,0.049999997
231.69543512696202,0.06
231.69548312773003,0.06
231.69553112849803,0.057499997
231.69557912926606,0.0625
231.69562713003407,0.057499997
231.69567513080207,0.049999997
231.69572313157008,0.067499995
231.6957711323381,0.067499995
231.6958191331061,0.065
231.69586713387412,0.0625
231.69591513464215,0.065
231.69596313541015,0.065
231.69601113617816,0.0725
231.6960591369462,0.065
231.6961071377142,0.067499995
231.6961551384822,0.07
231.6962031392502,0.08
231.69625114001823,0.0725
231.69629914078624,0.07
231.69634714155424,0.0625
231.69639514232227,0.065
231.69644314309028,0.067499995
231.69649114385828,0.0625
231.69653914462629,0.065
231.69658714539432,0.057499997
231.69663514616232,0.055
231.69668314693033,0.0525
231.69673114769836,0.0525
231.69677914846636,0.0525
231.69682714923437,0.044999998
231.6968751500024,0.04
231.6969231507704,0.04
231.6969711515384,0.037499998
231.6970191523064,0.0425
231.69706715307444,0.035
231.69711515384245,0.03
231.69716315461045,0.0275
231.69721115537848,0.0325
231.6972591561465,0.0275
231.6973071569145,0.0175
231.6973551576825,0.02
231.69740315845053,0.01
231.69745115921853,0.0175
231.69749915998653,0.024999999
231.69754716075457,0.01
231.69759516152257,0.0075
231.69764316229057,0.0
231.6976911630586,0.0025
231.6977391638266,0.0
231.69778716459462,0.005
231.69783516536262,0.0025
231.69788316613065,-0.0025
231.69793116689866,-0.0025
231.69797916766666,-0.0075
231.6980271684347,-0.02
231.6980751692027,-0.012499999
231.6981231699707,-0.02
231.6981711707387,-0.0075
231.69821917150674,-0.022499999
231.69826717227474,-0.024999999
231.69831517304274,-0.022499999
231.69836317381078,-0.015
231.69841117457878,-0.01
231.69845917534678,-0.015
231.69850717611482,-0.01
231.69855517688282,-0.0075
231.69860317765082,-0.015
231.69865117841883,-0.012499999
231.69869917918686,-0.0175
231.69874717995486,-0.0275
231.69879518072287,-0.012499999
231.6988431814909,-0.012499999
231.6988911822589,-0.02
231.6989391830269,-0.022499999
231.6989871837949,-0.012499999
231.69903518456294,-0.012499999
231.69908318533095,-0.005
231.69913118609895,-0.015
231.69917918686698,-0.012499999
231.699227187635,-0.022499999
231.699275188403,-0.022499999
231.69932318917103,-0.02
231.69937118993903,-0.022499999
231.69941919070703,-0.0275
231.69946719147504,-0.024999999
231.69951519224307,-0.03
231.69956319301107,-0.037499998
231.69961119377908,-0.044999998
231.6996591945471,-0.044999998
231.6997071953151,-0.044999998
231.69975519608312,-0.0425
231.69980319685112,-0.044999998
231.69985119761915,-0.0475
231.69989919838716,-0.055
231.69994719915516,-0.0525
231.6999951999232,-0.057499997
231.7000432006912,-0.057499997
231.7000912014592,-0.06
231.70013920222723,-0.0475
231.70018720299524,-0.049999997
231.70023520376324,-0.0475
231.70028320453125,-0.04
231.70033120529928,-0.044999998
231.70037920606728,-0.0475
231.7004272068353,-0.04
231.70047520760332,-0.0425
231.70052320837132,-0.0425
231.70057120913933,-0.044999998
231.70061920990733,-0.037499998
231.70066721067536,-0.04
231.70071521144337,-0.037499998
231.70076321221137,-0.035
231.7008112129794,-0.0325
231.7008592137474,-0.0275
231.7009072145154,-0.03
231.70095521528344,-0.0275
231.70100321605145,-0.022499999
231.70105121681945,-0.015
231.70109921758745,-0.022499999
231.7011472183555,-0.0175
231.7011952191235,-0.022499999
231.7012432198915,-0.01
231.70129122065953,-0.015
231.70133922142753,-0.015
231.70138722219554,-0.005
231.70143522296354,0.0
231.70148322373157,0.0025
231.70153122449958,0.01
231.70157922526758,0.0
231.7016272260356,0.0075
231.70167522680362,0.0025
231.70172322757162,0.005
231.70177122833965,0.005
231.70181922910766,0.01
231.70186722987566,0.01
231.70191523064366,0.01
231.7019632314117,0.005
231.7020112321797,0.0
231.7020592329477,0.0075
231.70210723371574,0.005
231.70215523448374,0.005
231.70220323525174,0.0075
231.70225123601975,0.0075
231.70229923678778,0.022499999
231.70234723755578,0.0075
231.7023952383238,0.012499999
231.70244323909182,0.0075
231.70249123985982,0.01
231.70253924062783,0.0075
231.70258724139586,0.01
231.70263524216386,0.005
231.70268324293187,0.005
231.70273124369987,0.005
231.7027792444679,0.01
231.7028272452359,0.005
231.7028752460039,0.005
231.70292324677195,0.0025
231.70297124753995,0.01
231.70301924830795,0.012499999
231.70306724907596,0.0025
231.703115249844,0.012499999
231.703163250612,0.005
231.70321125138,0.01
231.70325925214803,0.012499999
231.70330725291603,0.0
231.70335525368404,0.015
231.70340325445207,0.0175
231.70345125522007,0.012499999
231.70349925598808,0.0075
231.70354725675608,0.0025
231.7035952575241,0.0075
231.70364325829212,0.0
231.70369125906012,0.015
231.70373925982815,0.015
231.70378726059616,0.0275
231.70383526136416,0.024999999
231.70388326213217,0.022499999
231.7039312629002,0.037499998
231.7039792636682,0.03
231.7040272644362,0.03
231.70407526520424,0.03
231.70412326597224,0.0325
231.70417126674025,0.03
231.70421926750828,0.035
231.70426726827628,0.03
231.7043152690443,0.024999999
231.7043632698123,0.024999999
231.70441127058032,0.03
231.70445927134833,0.015
231.70450727211633,0.022499999
231.70455527288436,0.022499999
231.70460327365237,0.005
231.70465127442037,0.015
231.70469927518837,0.01
231.7047472759564,0.01
231.7047952767244,0.005
231.70484327749242,0.0
231.70489127826045,-0.005
231.70493927902845,-0.01
231.70498727979646,-0.005
231.7050352805645,-0.0075
231.7050832813325,-0.005
231.7051312821005,-0.0075
231.7051792828685,-0.0025
231.70522728363653,0.0
231.70527528440454,-0.012499999
231.70532328517254,-0.01
231.70537128594057,-0.01
231.70541928670858,-0.0025
231.70546728747658,-0.012499999
231.70551528824458,-0.01
231.70556328901262,-0.012499999
231.70561128978062,-0.0075
231.70565929054862,-0.02
231.70570729131666,-0.012499999
231.70575529208466,-0.024999999
231.70580329285266,-0.03
231.7058512936207,-0.0325
231.7058992943887,-0.0275
231.7059472951567,-0.03
231.7059952959247,-0.024999999
231.70604329669274,-0.0325
231.70609129746074,-0.02
231.70613929822875,-0.0325
231.70618729899678,-0.0325
231.70623529976478,-0.035
231.7062833005328,-0.0325
231.7063313013008,-0.035
231.70637930206883,-0.037499998
231.70642730283683,-0.04
231.70647530360483,-0.04
231.70652330437287,-0.04
231.70657130514087,-0.0425
231.70661930590887,-0.04
231.7066673066769,-0.04
231.7067153074449,-0.055
231.7067633082129,-0.044999998
231.70681130898092,-0.035
231.70685930974895,-0.03
231.70690731051695,-0.03
231.70695531128496,-0.0275
231.707003312053,-0.02
231.707051312821,-0.022499999
231.707099313589,-0.0275
231.707147314357,-0.03
231.70719531512503,-0.0175
231.70724331589304,-0.015
231.70729131666104,-0.012499999
231.70733931742907,-0.0075
231.70738731819708,-0.005
231.70743531896508,0.0
231.70748331973311,0.0
231.70753132050112,0.0025
231.70757932126912,-0.0025
231.70762732203713,0.0025
231.70767532280516,0.005
231.70772332357316,0.0025
231.70777132434117,0.0025
231.7078193251092,0.0025
231.7078673258772,0.0
231.7079153266452,0.0025
231.7079633274132,0.0025
231.70801132818124,0.005
231.70805932894925,-0.005
231.70810732971725,-0.0025
231.70815533048528,-0.005
231.7082033312533,-0.005
231.7082513320213,-0.01
231.70829933278932,-0.01
231.70834733355733,-0.0175
231.70839533432533,-0.024999999
231.70844333509334,-0.0325
231.70849133586137,-0.037499998
231.70853933662937,-0.0325
231.70858733739738,-0.044999998
231.7086353381654,-0.055
231.7086833389334,-0.055
231.70873133970142,-0.0525
231.70877934046942,-0.06
231.70882734123745,-0.06
231.70887534200546,-0.0625
231.70892334277346,-0.07
231.7089713435415,-0.0725
231.7090193443095,-0.0725
231.7090673450775,-0.074999996
231.70911534584553,-0.0775
231.70916334661354,-0.0775
231.70921134738154,-0.082499996
231.70925934814954,-0.0875
231.70930734891758,-0.0875
231.70935534968558,-0.08
231.70940335045358,-0.07
231.70945135122162,-0.082499996
231.70949935198962,-0.085
231.70954735275762,-0.07
231.70959535352563,-0.065
231.70964335429366,-0.057499997
231.70969135506166,-0.057499997
231.70973935582967,-0.0475
231.7097873565977,-0.0425
231.7098353573657,-0.04
231.7098833581337,-0.0275
231.70993135890174,-0.024999999
231.70997935966975,-0.015
231.71002736043775,-0.0075
231.71007536120575,0.0025
231.71012336197379,0.0025
231.7101713627418,0.01
231.7102193635098,0.01
231.71026736427783,0.022499999
231.71031536504583,0.022499999
231.71036336581383,0.022499999
231.71041136658184,0.024999999
231.71045936734987,0.0325
231.71050736811787,0.024999999
231.71055536888588,0.0325
231.7106033696539,0.037499998
231.7106513704219,0.0275
231.71069937118992,0.03
231.71074737195795,0.0275
231.71079537272595,0.03
231.71084337349396,0.022499999
231.71089137426196,0.022499999
231.71093937503,0.015
231.710987375798,0.0175
231.711035376566,0.012499999
231.71108337733403,0.0075
231.71113137810204,0.012499999
231.71117937887004,0.005
231.71122737963805,0.0
231.71127538040608,-0.012499999
231.71132338117408,-0.012499999
231.7113713819421,-0.02
231.71141938271012,-0.024999999
231.71146738347812,-0.015
231.71151538424613,-0.024999999
231.71156338501416,-0.03
231.71161138578216,-0.03
231.71165938655017,-0.03
231.71170738731817,-0.0275
231.7117553880862,-0.0325
231.7118033888542,-0.037499998
231.7118513896222,-0.0425
231.71189939039024,-0.0325
231.71194739115825,-0.0275
231.71199539192625,-0.04
231.71204339269426,-0.044999998
231.7120913934623,-0.0425
231.7121393942303,-0.04
231.7121873949983,-0.037499998
231.71223539576633,-0.044999998
231.71228339653433,-0.0325
231.71233139730234,-0.035
231.71237939807037,-0.035
231.71242739883837,-0.037499998
231.71247539960638,-0.035
231.71252340037438,-0.037499998
231.7125714011424,-0.04
231.71261940191042,-0.037499998
231.71266740267842,-0.037499998
231.71271540344645,-0.03
231.71276340421446,-0.04
231.71281140498246,-0.022499999
231.71285940575046,-0.0275
231.7129074065185,-0.024999999
231.7129554072865,-0.0275
231.7130034080545,-0.03
231.71305140882254,-0.03
231.71309940959054,-0.0325
231.71314741035854,-0.024999999
231.71319541112658,-0.0175
231.71324341189458,-0.024999999
231.71329141266258,-0.022499999
231.7133394134306,-0.015
231.71338741419862,-0.0175
231.71343541496663,-0.015
231.71348341573463,-0.022499999
231.71353141650266,-0.012499999
231.71357941727067,-0.0075
231.71362741803867,-0.01
231.71367541880667,-0.0075
231.7137234195747,-0.01
231.7137714203427,-0.012499999
231.7138194211107,-0.005
231.71386742187875,-0.0025
231.71391542264675,0.005
231.71396342341475,-0.005
231.7140114241828,-0.01
231.7140594249508,-0.0025
231.7141074257188,-0.01
231.7141554264868,-0.012499999
231.71420342725483,-0.015
231.71425142802283,-0.012499999
231.71429942879084,-0.0175
231.71434742955887,-0.022499999
231.71439543032687,-0.02
231.71444343109488,-0.02
231.71449143186288,-0.0175
231.71453943263091,-0.015
231.71458743339892,-0.0275
231.71463543416692,-0.022499999
231.71468343493495,-0.02
231.71473143570296,-0.024999999
231.71477943647096,-0.0275
231.714827437239,-0.02
231.714875438007,-0.022499999
231.714923438775,-0.022499999
231.714971439543,-0.02
231.71501944031104,-0.015
231.71506744107904,-0.0175
231.71511544184705,-0.02
231.71516344261508,-0.0175
231.71521144338308,-0.015
231.7152594441511,-0.022499999
231.7153074449191,-0.02
231.71535544568712,-0.024999999
231.71540344645513,-0.0175
231.71545144722313,-0.0275
231.71549944799116,-0.024999999
231.71554744875917,-0.03
231.71559544952717,-0.0275
231.7156434502952,-0.0275
231.7156914510632,-0.022499999
231.7157394518312,-0.024999999
231.71578745259922,-0.035
231.71583545336725,-0.0325
231.71588345413525,-0.035
231.71593145490326,-0.0325
231.7159794556713,-0.03
231.7160274564393,-0.04
231.7160754572073,-0.035
231.7161234579753,-0.0325
231.71617145874333,-0.04
231.71621945951134,-0.037499998
231.71626746027934,-0.0325
231.71631546104737,-0.035
231.71636346181538,-0.0425
231.71641146258338,-0.04
231.7164594633514,-0.044999998
231.71650746411942,-0.037499998
231.71655546488742,-0.0425
231.71660346565542,-0.044999998
231.71665146642346,-0.044999998
231.71669946719146,-0.049999997
231.71674746795946,-0.049999997
231.7167954687275,-0.0475
231.7168434694955,-0.055
231.7168914702635,-0.057499997
231.7169394710315,-0.055
231.71698747179954,-0.049999997
231.71703547256755,-0.044999998
231.71708347333555,-0.055
231.71713147410358,-0.055
231.71717947487159,-0.057499997
231.7172274756396,-0.0475
231.71727547640762,-0.055
231.71732347717563,-0.057499997
231.71737147794363,-0.049999997
231.71741947871163,-0.0525
231.71746747947967,-0.0525
231.71751548024767,-0.057499997
231.71756348101567,-0.044999998
231.7176114817837,-0.049999997
231.7176594825517,-0.049999997
231.7177074833197,-0.0475
231.71775548408772,-0.049999997
231.71780348485575,-0.0425
231.71785148562375,-0.0325
231.71789948639176,-0.035
231.7179474871598,-0.037499998
231.7179954879278,-0.03
231.7180434886958,-0.0275
231.71809148946383,-0.022499999
231.71813949023183,-0.02
231.71818749099984,-0.0175
231.71823549176784,-0.02
231.71828349253587,-0.02
231.71833149330388,-0.02
231.71837949407188,-0.0175
231.71842749483991,-0.015
231.71847549560792,-0.015
231.71852349637592,-0.0025
231.71857149714393,-0.005
231.71861949791196,-0.0025
231.71866749867996,-0.01
231.71871549944797,-0.0075
231.718763500216,0.0
231.718811500984,-0.0025
231.718859501752,0.0025
231.71890750252004,0.0025
231.71895550328804,0.005
231.71900350405605,0.01
231.71905150482405,0.0075
231.71909950559208,0.01
231.7191475063601,0.012499999
231.7191955071281,0.012499999
231.71924350789612,0.005
231.71929150866413,0.015
231.71933950943213,0.0175
231.71938751020014,0.01
231.71943551096817,0.015
231.71948351173617,0.0075
231.71953151250418,0.01
231.7195795132722,0.005
231.7196275140402,0.0075
231.71967551480822,0.005
231.71972351557625,0.0
231.71977151634425,0.005
231.71981951711226,-0.0025
231.71986751788026,0.0025
231.7199155186483,-0.0075
231.7199635194163,0.01
231.7200115201843,0.0075
231.72005952095233,0.0075
231.72010752172034,0.0075
231.72015552248834,-0.0075
231.72020352325634,0.0025
231.72025152402438,0.0
231.72029952479238,0.0
231.72034752556038,-0.0025
231.72039552632842,-0.01
231.72044352709642,-0.005
231.72049152786443,0.0
231.72053952863246,0.0
231.72058752940046,0.005
231.72063553016847,0.005
231.72068353093647,0.0025
231.7207315317045,0.0075
231.7207795324725,0.01
231.7208275332405,0.01
231.72087553400854,0.005
231.72092353477655,0.005
231.72097153554455,0.01
231.72101953631255,0.0075
231.7210675370806,0.012499999
231.7211155378486,0.015
231.7211635386166,0.0175
231.72121153938463,0.01
231.72125954015263,0.0075
231.72130754092063,0.012499999
231.72135554168867,0.01
231.72140354245667,0.0075
231.72145154322467,0.005
231.72149954399268,0.0075
231.7215475447607,-0.0025
231.72159554552871,0.0025
231.72164354629672,-0.0075
231.72169154706475,-0.01
231.72173954783275,-0.01
231.72178754860076,-0.01
231.72183554936876,-0.005
231.7218835501368,-0.01
231.7219315509048,-0.0075
231.7219795516728,-0.0025
231.72202755244084,-0.005
231.72207555320884,-0.0025
231.72212355397684,0.0025
231.72217155474488,0.012499999
231.72221955551288,0.012499999
231.72226755628088,0.01
231.7223155570489,0.02
231.72236355781692,0.0175
231.72241155858492,0.022499999
231.72245955935293,0.02
231.72250756012096,0.024999999
231.72255556088896,0.024999999
231.72260356165697,0.0275
231.72265156242497,0.02
231.722699563193,0.024999999
231.722747563961,0.022499999
231.722795564729,0.015
231.72284356549704,0.02
231.72289156626505,0.02
231.72293956703305,0.022499999
231.72298756780108,0.012499999
231.7230355685691,0.012499999
231.7230835693371,0.0175
231.7231315701051,0.012499999
231.72317957087313,0.01
231.72322757164113,0.0075
231.72327557240914,0.0
231.72332357317717,-0.0025
231.72337157394517,-0.0025
231.72341957471318,-0.0075
231.72346757548118,-0.01
231.7235155762492,-0.024999999
231.72356357701722,-0.01
231.72361157778522,-0.024999999
231.72365957855325,-0.0275
231.72370757932126,-0.02
231.72375558008926,-0.024999999
231.7238035808573,-0.03
231.7238515816253,-0.0275
231.7238995823933,-0.03
231.7239475831613,-0.0275
231.72399558392934,-0.03
231.72404358469734,-0.022499999
231.72409158546535,-0.022499999
231.72413958623338,-0.022499999
231.72418758700138,-0.0325
231.72423558776939,-0.024999999
231.7242835885374,-0.0175
231.72433158930542,-0.01
231.72437959007343,-0.012499999
231.72442759084143,-0.01
231.72447559160946,-0.005
231.72452359237747,-0.005
231.72457159314547,0.0025
231.7246195939135,-0.0075
231.7246675946815,-0.0025
231.7247155954495,0.0025
231.7247635962175,-0.0025
231.72481159698555,0.0
231.72485959775355,0.012499999
231.72490759852155,0.0075
231.7249555992896,0.005
231.7250036000576,0.005
231.7250516008256,0.005
231.7250996015936,0.0075
231.72514760236163,0.0075
231.72519560312963,-0.0025
231.72524360389764,-0.01
231.72529160466567,-0.0025
231.72533960543367,-0.0075
231.72538760620168,-0.005
231.7254356069697,-0.015
231.72548360773771,-0.01
231.72553160850572,-0.0175
231.72557960927372,-0.015
231.72562761004176,-0.0175
231.72567561080976,-0.02
231.72572361157776,-0.0175
231.7257716123458,-0.0175
231.7258196131138,-0.0275
231.7258676138818,-0.0275
231.7259156146498,-0.037499998
231.72596361541784,-0.024999999
231.72601161618584,-0.03
231.72605961695385,-0.024999999
231.72610761772188,-0.03
231.72615561848988,-0.035
231.7262036192579,-0.0325
231.72625162002592,-0.0275
231.72629962079392,-0.0275
231.72634762156193,-0.0275
231.72639562232993,-0.0275
231.72644362309796,-0.0275
231.72649162386597,-0.03
231.72653962463397,-0.037499998
231.726587625402,-0.044999998
231.72663562617,-0.04
231.726683626938,-0.0475
231.72673162770602,-0.0525
231.72677962847405,-0.057499997
231.72682762924205,-0.0525
231.72687563001006,-0.0475
231.7269236307781,-0.044999998
231.7269716315461,-0.044999998
231.7270196323141,-0.044999998
231.72706763308213,-0.0425
231.72711563385013,-0.037499998
231.72716363461814,-0.0275
231.72721163538614,-0.035
231.72725963615417,-0.0275
231.72730763692218,-0.024999999
231.72735563769018,-0.0175
231.7274036384582,-0.015
231.72745163922622,-0.0175
231.72749963999422,-0.0075
231.72754764076223,-0.0175
231.72759564153026,-0.015
231.72764364229826,-0.012499999
231.72769164306627,-0.012499999
231.7277396438343,-0.01
231.7277876446023,0.0
231.7278356453703,0.005
231.72788364613834,0.0
231.72793164690634,-0.005
231.72797964767435,0.0
231.72802764844235,-0.005
231.72807564921038,-0.0075
231.7281236499784,-0.0025
231.7281716507464,-0.005
231.72821965151442,-0.0025
231.72826765228243,-0.005
231.72831565305043,-0.0075
231.72836365381843,0.0
231.72841165458647,0.0
231.72845965535447,0.0
231.72850765612247,-0.01
231.7285556568905,-0.015
231.7286036576585,-0.015
231.72865165842651,-0.01
231.72869965919455,-0.012499999
231.72874765996255,-0.015
231.72879566073055,-0.022499999
231.72884366149856,-0.02
231.7288916622666,-0.022499999
231.7289396630346,-0.03
231.7289876638026,-0.022499999
231.72903566457063,-0.0175
231.72908366533864,-0.024999999
231.72913166610664,-0.024999999
231.72917966687464,-0.03
231.72922766764268,-0.037499998
231.72927566841068,-0.024999999
231.72932366917868,-0.024999999
231.72937166994672,-0.04
231.72941967071472,-0.04
231.72946767148272,-0.035
231.72951567225076,-0.024999999
231.72956367301876,-0.035
231.72961167378676,-0.0325
231.72965967455477,-0.03
231.7297076753228,-0.0325
231.7297556760908,-0.0275
231.7298036768588,-0.035
231.72985167762684,-0.03
231.72989967839484,-0.037499998
231.72994767916285,-0.03
231.72999567993085,-0.0325
231.73004368069888,-0.024999999
231.7300916814669,-0.037499998
231.7301396822349,-0.0425
231.73018768300292,-0.04
231.73023568377093,-0.035
231.73028368453893,-0.0275
231.73033168530696,-0.024999999
231.73037968607497,-0.024999999
231.73042768684297,-0.024999999
231.73047568761098,-0.03
231.730523688379,-0.0325
231.730571689147,-0.0275
231.73061968991502,-0.024999999
231.73066769068305,-0.015
231.73071569145105,-0.022499999
231.73076369221906,-0.022499999
231.73081169298706,-0.022499999
231.7308596937551,-0.0175
231.7309076945231,-0.0175
231.7309556952911,-0.022499999
231.73100369605913,-0.015
231.73105169682714,-0.02
231.73109969759514,-0.0075
231.73114769836317,-0.012499999
231.73119569913118,-0.02
231.73124369989918,-0.015
231.73129170066719,-0.015
231.73133970143522,-0.02
231.73138770220322,-0.02
231.73143570297123,-0.012499999
231.73148370373926,-0.0175
231.73153170450726,-0.01
231.73157970527527,-0.015
231.73162770604327,-0.0175
231.7316757068113,-0.015
231.7317237075793,-0.015
231.7317717083473,-0.015
231.73181970911534,-0.0175
231.73186770988335,-0.015
231.73191571065135,-0.01
231.73196371141938,-0.012499999
231.7320117121874,-0.02
231.7320597129554,-0.012499999
231.7321077137234,-0.02
231.73215571449143,-0.012499999
231.73220371525943,-0.022499999
231.73225171602743,-0.024999999
231.73229971679547,-0.0275
231.73234771756347,-0.012499999
231.73239571833147,-0.02
231.73244371909948,-0.03
231.7324917198675,-0.024999999
231.73253972063551,-0.02
231.73258772140352,-0.02
231.73263572217155,-0.0175
231.73268372293956,-0.022499999
231.73273172370756,-0.022499999
231.7327797244756,-0.015
231.7328277252436,-0.022499999
231.7328757260116,-0.015
231.7329237267796,-0.0075
231.73297172754764,-0.0025
231.73301972831564,0.0025
231.73306772908364,0.005
231.73311572985168,0.005
231.73316373061968,0.0
231.73321173138768,0.0025
231.7332597321557,0.0025
231.73330773292372,-0.0075
231.73335573369172,0.0025
231.73340373445973,0.0025
231.73345173522776,-0.0025
231.73349973599576,-0.0025
231.73354773676377,0.0025
231.7335957375318,0.0025
231.7336437382998,0.0
231.7336917390678,-0.01
231.7337397398358,-0.0025
231.73378774060384,-0.0075
231.73383574137185,0.0
231.73388374213985,0.01
231.73393174290788,0.0025
231.7339797436759,-0.0025
231.7340277444439,-0.0025
231.7340757452119,0.0025
231.73412374597993,0.0075
231.73417174674793,0.0025
231.73421974751594,0.01
231.73426774828397,0.01
231.73431574905197,0.0025
231.73436374981998,0.0075
231.734411750588,0.022499999
231.734459751356,0.022499999
231.73450775212402,0.02
231.73455575289202,0.03
231.73460375366005,0.03
231.73465175442806,0.03
231.73469975519606,0.0275
231.7347477559641,0.0325
231.7347957567321,0.037499998
231.7348437575001,0.0425
231.7348917582681,0.0425
231.73493975903614,0.04
231.73498775980414,0.04
231.73503576057215,0.04
231.73508376134018,0.035
231.73513176210818,0.0275
231.7351797628762,0.0275
231.73522776364422,0.015
231.73527576441222,0.012499999
231.73532376518023,0.0025
231.73537176594823,-0.012499999
231.73541976671626,-0.0275
231.73546776748427,-0.0325
231.73551576825227,-0.037499998
231.7355637690203,-0.0525
231.7356117697883,-0.0625
231.7356597705563,-0.065
231.73570777132431,-0.067499995
231.73575577209235,-0.0775
231.73580377286035,-0.08
231.73585177362835,-0.08
231.7358997743964,-0.0775
231.7359477751644,-0.074999996
231.7359957759324,-0.082499996
231.73604377670043,-0.074999996
231.73609177746843,-0.07
231.73613977823643,-0.067499995
231.73618777900444,-0.074999996
231.73623577977247,-0.057499997
231.73628378054048,-0.044999998
231.73633178130848,-0.0475
231.7363797820765,-0.0475
231.73642778284452,-0.044999998
231.73647578361252,-0.044999998
231.73652378438052,-0.037499998
231.73657178514856,-0.04
231.73661978591656,-0.035
231.73666778668456,-0.035
231.7367157874526,-0.035
231.7367637882206,-0.0275
231.7368117889886,-0.024999999
231.73685978975664,-0.03
231.73690779052464,-0.037499998
231.73695579129264,-0.03
231.73700379206065,-0.035
231.73705179282868,-0.0325
231.73709979359668,-0.037499998
231.7371477943647,-0.035
231.73719579513272,-0.04
231.73724379590072,-0.044999998
231.73729179666873,-0.037499998
231.73733979743673,-0.037499998
231.73738779820476,-0.037499998
231.73743579897277,-0.04
231.73748379974077,-0.035
231.7375318005088,-0.04
231.7375798012768,-0.0475
231.7376278020448,-0.037499998
231.73767580281282,-0.03
231.73772380358085,-0.0275
231.73777180434885,-0.037499998
231.73781980511686,-0.04
231.7378678058849,-0.035
231.7379158066529,-0.0325
231.7379638074209,-0.03
231.73801180818893,-0.024999999
231.73805980895693,-0.024999999
231.73810780972494,-0.037499998
231.73815581049294,-0.0325
231.73820381126097,-0.0275
231.73825181202898,-0.0325
231.73829981279698,-0.024999999
231.738347813565,-0.0425
231.73839581433302,-0.03
231.73844381510102,-0.04
231.73849181586903,-0.0325
231.73853981663706,-0.035
231.73858781740506,-0.0425
231.73863581817307,-0.044999998
231.7386838189411,-0.035
231.7387318197091,-0.037499998
231.7387798204771,-0.04
231.73882782124514,-0.049999997
231.73887582201314,-0.0475
231.73892382278115,-0.0475
231.73897182354915,-0.0525
231.73901982431718,-0.055
231.7390678250852,-0.057499997
231.7391158258532,-0.06
231.73916382662122,-0.055
231.73921182738923,-0.0625
231.73925982815723,-0.057499997
231.73930782892523,-0.0525
231.73935582969327,-0.049999997
231.73940383046127,-0.0525
231.73945183122927,-0.0525
231.7394998319973,-0.049999997
231.7395478327653,-0.0525
231.73959583353331,-0.04
231.73964383430135,-0.04
231.73969183506935,-0.035
231.73973983583736,-0.03
231.73978783660536,-0.024999999
231.7398358373734,-0.03
231.7398838381414,-0.024999999
231.7399318389094,-0.022499999
231.73997983967743,-0.012499999
231.74002784044544,-0.01
231.74007584121344,-0.0075
231.74012384198144,-0.012499999
231.74017184274948,-0.005
231.74021984351748,-0.01
231.74026784428548,-0.005
231.74031584505352,0.0025
231.74036384582152,0.0075
231.74041184658952,0.0075
231.74045984735756,0.0075
231.74050784812556,0.0175
231.74055584889356,0.022499999
231.74060384966157,0.022499999
231.7406518504296,0.024999999
231.7406998511976,0.035
231.7407478519656,0.044999998
231.74079585273364,0.044999998
231.74084385350164,0.044999998
231.74089185426965,0.044999998
231.74093985503765,0.055
231.74098785580568,0.055
231.7410358565737,0.0625
231.7410838573417,0.0525
231.74113185810972,0.057499997
231.74117985887773,0.065
231.74122785964573,0.06
231.74127586041377,0.049999997
231.74132386118177,0.065
231.74137186194977,0.0625
231.74141986271778,0.065
231.7414678634858,0.0475
231.7415158642538,0.057499997
231.74156386502182,0.0475
231.74161186578985,0.0525
231.74165986655785,0.04
231.74170786732586,0.022499999
231.74175586809386,0.022499999
231.7418038688619,0.024999999
231.7418518696299,0.024999999
231.7418998703979,0.022499999
231.74194787116593,0.012499999
231.74199587193394,0.022499999
231.74204387270194,0.012499999
231.74209187346997,0.005
231.74213987423798,0.012499999
231.74218787500598,0.0075
231.74223587577399,0.005
231.74228387654202,0.0075
231.74233187731002,0.005
231.74237987807803,0.005
231.74242787884606,-0.0025
231.74247587961406,0.0
231.74252388038207,-0.005
231.74257188115007,0.0
231.7426198819181,-0.005
231.7426678826861,-0.012499999
231.7427158834541,-0.0075
231.74276388422214,-0.012499999
231.74281188499015,-0.012499999
231.74285988575815,-0.005
231.74290788652618,-0.015
231.7429558872942,-0.005
231.7430038880622,-0.0075
231.7430518888302,-0.0025
231.74309988959823,-0.0025
231.74314789036623,0.005
231.74319589113423,-0.0025
231.74324389190227,-0.0025
231.74329189267027,-0.0025
231.74333989343828,-0.0025
231.74338789420628,0.005
231.7434358949743,0.0025
231.74348389574232,0.0075
231.74353189651032,0.0075
231.74357989727835,0.0075
231.74362789804636,0.0025
231.74367589881436,0.0175
231.7437238995824,0.024999999
231.7437719003504,0.0275
231.7438199011184,0.0275
231.7438679018864,0.04
231.74391590265444,0.0425
231.74396390342244,0.0475
231.74401190419044,0.044999998
231.74405990495848,0.0525
231.74410790572648,0.0475
231.74415590649448,0.06
231.7442039072625,0.0725
231.74425190803052,0.067499995
231.74429990879852,0.07
231.74434790956653,0.0725
231.74439591033456,0.0775
231.74444391110256,0.074999996
231.74449191187057,0.07
231.7445399126386,0.0725
231.7445879134066,0.067499995
231.7446359141746,0.06
231.7446839149426,0.055
231.74473191571064,0.049999997
231.74477991647865,0.0525
231.74482791724665,0.035
231.74487591801469,0.03
231.7449239187827,0.024999999
231.7449719195507,0.022499999
231.7450199203187,0.02
231.74506792108673,0.012499999
231.74511592185473,0.005
231.74516392262274,-0.0025
231.74521192339077,-0.0075
231.74525992415877,-0.012499999
231.74530792492678,-0.022499999
231.7453559256948,-0.03
231.7454039264628,-0.03
231.74545192723082,-0.0325
231.74549992799882,-0.04
231.74554792876685,-0.04
231.74559592953486,-0.037499998
231.74564393030286,-0.0525
231.7456919310709,-0.0475
231.7457399318389,-0.0525
231.7457879326069,-0.0525
231.7458359333749,-0.06
231.74588393414294,-0.0525
231.74593193491094,-0.0625
231.74597993567895,-0.0625
231.74602793644698,-0.057499997
231.74607593721498,-0.074999996
231.746123937983,-0.065
231.74617193875102,-0.067499995
231.74621993951902,-0.065
231.74626794028703,-0.065
231.74631594105503,-0.057499997
231.74636394182306,-0.065
231.74641194259107,-0.0625
231.74645994335907,-0.065
231.7465079441271,-0.06
231.7465559448951,-0.067499995
231.7466039456631,-0.074999996
231.74665194643111,-0.0625
231.74669994719915,-0.0625
231.74674794796715,-0.057499997
231.74679594873515,-0.06
231.7468439495032,-0.065
231.7468919502712,-0.06
231.7469399510392,-0.06
231.74698795180723,-0.055
231.74703595257523,-0.0525
231.74708395334324,-0.055
231.74713195411124,-0.0475
231.74717995487927,-0.0475
231.74722795564728,-0.0475
231.74727595641528,-0.037499998
231.7473239571833,-0.037499998
231.74737195795132,-0.037499998
231.74741995871932,-0.04
231.74746795948732,-0.04
231.74751596025536,-0.0325
231.74756396102336,-0.04
231.74761196179136,-0.049999997
231.7476599625594,-0.0475
231.7477079633274,-0.06
231.7477559640954,-0.057499997
231.74780396486344,-0.055
231.74785196563144,-0.055
231.74789996639944,-0.049999997
231.74794796716745,-0.044999998
231.74799596793548,-0.049999997
231.74804396870348,-0.04
231.7480919694715,-0.057499997
231.74813997023952,-0.057499997
231.74818797100752,-0.0475
231.74823597177553,-0.057499997
231.74828397254353,-0.049999997
231.74833197331156,-0.049999997
231.74837997407957,-0.0425
231.74842797484757,-0.049999997
231.7484759756156,-0.0475
231.7485239763836,-0.04
231.7485719771516,-0.037499998
231.74861997791965,-0.035
231.74866797868765,-0.037499998
231.74871597945565,-0.055
231.74876398022366,-0.044999998
231.7488119809917,-0.044999998
231.7488599817597,-0.044999998
231.7489079825277,-0.04
231.74895598329573,-0.0525
231.74900398406373,-0.049999997
231.74905198483174,-0.049999997
231.74909998559974,-0.044999998
231.74914798636777,-0.04
231.74919598713578,-0.0525
231.74924398790378,-0.055
231.7492919886718,-0.0525
231.74933998943982,-0.049999997
231.74938799020782,-0.0425
231.74943599097585,-0.0475
231.74948399174386,-0.055
231.74953199251186,-0.0525
231.74957999327987,-0.0525
231.7496279940479,-0.0425
231.7496759948159,-0.044999998
231.7497239955839,-0.044999998
231.74977199635194,-0.055
231.74981999711994,-0.0475
231.74986799788795,-0.0525
231.74991599865595,-0.06
231.74996399942398,-0.057499997
231.750012000192,-0.06
231.75006000096,-0.055
231.75010800172802,-0.065
231.75015600249603,-0.067499995
231.75020400326403,-0.0725
231.75025200403206,-0.067499995
231.75030000480007,-0.067499995
231.75034800556807,-0.0775
231.75039600633608,-0.08
231.7504440071041,-0.067499995
231.7504920078721,-0.07
231.75054000864012,-0.0775
231.75058800940815,-0.074999996
231.75063601017615,-0.08
231.75068401094416,-0.065
231.75073201171216,-0.074999996
231.7507800124802,-0.07
231.7508280132482,-0.067499995
231.7508760140162,-0.067499995
231.75092401478423,-0.07
231.75097201555224,-0.067499995
231.75102001632024,-0.067499995
231.75106801708827,-0.0725
231.75111601785628,-0.07
231.75116401862428,-0.057499997
231.75121201939228,-0.057499997
231.75126002016032,-0.055
231.75130802092832,-0.0525
231.75135602169632,-0.0625
231.75140402246436,-0.0525
231.75145202323236,-0.0425
231.75150002400036,-0.0625
231.75154802476837,-0.0525
231.7515960255364,-0.057499997
231.7516440263044,-0.049999997
231.7516920270724,-0.0525
231.75174002784044,-0.055
231.75178802860844,-0.0525
231.75183602937645,-0.065
231.75188403014448,-0.065
231.75193203091249,-0.0625
231.7519800316805,-0.065
231.7520280324485,-0.049999997
231.75207603321653,-0.065
231.75212403398453,-0.065
231.75217203475253,-0.06
231.75222003552057,-0.0625
231.75226803628857,-0.06
231.75231603705657,-0.0625
231.75236403782458,-0.0625
231.7524120385926,-0.065
231.7524600393606,-0.067499995
231.75250804012862,-0.067499995
231.75255604089665,-0.06
231.75260404166465,-0.057499997
231.75265204243266,-0.06
231.7527000432007,-0.0725
231.7527480439687,-0.0625
231.7527960447367,-0.049999997
231.7528440455047,-0.0475
231.75289204627273,-0.0525
231.75294004704074,-0.04
231.75298804780874,-0.0475
231.75303604857677,-0.03
231.75308404934478,-0.0325
231.75313205011278,-0.022499999
231.7531800508808,-0.037499998
231.75322805164882,-0.0425
231.75327605241682,-0.035
231.75332405318483,-0.0275
231.75337205395286,-0.037499998
231.75342005472086,-0.03
231.75346805548887,-0.0325
231.7535160562569,-0.035
231.7535640570249,-0.0425
231.7536120577929,-0.037499998
231.7536600585609,-0.035
231.75370805932894,-0.0325
231.75375606009695,-0.037499998
231.75380406086495,-0.037499998
231.75385206163298,-0.0325
231.753900062401,-0.037499998
231.753948063169,-0.035
231.753996063937,-0.035
231.75404406470503,-0.035
231.75409206547303,-0.037499998
231.75414006624104,-0.0275
231.75418806700907,-0.037499998
231.75423606777707,-0.0275
231.75428406854508,-0.037499998
231.7543320693131,-0.0325
231.7543800700811,-0.037499998
231.75442807084912,-0.0325
231.75447607161712,-0.0325
231.75452407238515,-0.0325
231.75457207315316,-0.037499998
231.75462007392116,-0.04
231.7546680746892,-0.0425
231.7547160754572,-0.044999998
231.7547640762252,-0.049999997
231.7548120769932,-0.057499997
231.75486007776124,-0.055
231.75490807852924,-0.049999997
231.75495607929724,-0.057499997
231.75500408006528,-0.06
231.75505208083328,-0.065
231.75510008160128,-0.067499995
231.75514808236932,-0.067499995
231.75519608313732,-0.07
231.75524408390532,-0.0775
231.75529208467333,-0.0775
231.75534008544136,-0.08
231.75538808620936,-0.0775
231.75543608697737,-0.0725
231.7554840877454,-0.0725
231.7555320885134,-0.0775
231.7555800892814,-0.0625
231.7556280900494,-0.07
231.75567609081745,-0.065
231.75572409158545,-0.067499995
231.75577209235345,-0.065
231.75582009312149,-0.0775
231.7558680938895,-0.0625
231.7559160946575,-0.065
231.75596409542553,-0.055
231.75601209619353,-0.057499997
231.75606009696153,-0.06
231.75610809772954,-0.049999997
231.75615609849757,-0.0525
231.75620409926557,-0.0525
231.75625210003358,-0.055
231.7563001008016,-0.0475
231.7563481015696,-0.0425
231.75639610233762,-0.0425
231.75644410310562,-0.049999997
231.75649210387365,-0.0475
231.75654010464166,-0.044999998
231.75658810540966,-0.035
231.7566361061777,-0.037499998
231.7566841069457,-0.04
231.7567321077137,-0.04
231.75678010848173,-0.04
231.75682810924974,-0.037499998
231.75687611001774,-0.037499998
231.75692411078575,-0.035
231.75697211155378,-0.0425
231.75702011232178,-0.0275
231.7570681130898,-0.03
231.75711611385782,-0.0425
231.75716411462582,-0.035
231.75721211539383,-0.024999999
231.75726011616183,-0.0325
231.75730811692986,-0.037499998
231.75735611769787,-0.04
231.75740411846587,-0.037499998
231.7574521192339,-0.037499998
231.7575001200019,-0.037499998
231.7575481207699,-0.03
231.75759612153794,-0.037499998
231.75764412230595,-0.0325
231.75769212307395,-0.024999999
231.75774012384196,-0.0275
231.75778812461,-0.022499999
231.757836125378,-0.022499999
231.757884126146,-0.035
231.75793212691403,-0.024999999
231.75798012768203,-0.03
231.75802812845004,-0.012499999
231.75807612921804,-0.015
231.75812412998607,-0.015
231.75817213075408,-0.015
231.75822013152208,-0.01
231.7582681322901,-0.01
231.75831613305812,-0.022499999
231.75836413382612,-0.024999999
231.75841213459415,-0.02
231.75846013536216,-0.02
231.75850813613016,-0.024999999
231.75855613689816,-0.024999999
231.7586041376662,-0.02
231.7586521384342,-0.02
231.7587001392022,-0.022499999
231.75874813997024,-0.03
231.75879614073824,-0.024999999
231.75884414150624,-0.022499999
231.75889214227425,-0.024999999
231.75894014304228,-0.0325
231.75898814381029,-0.0275
231.7590361445783,-0.03
231.75908414534632,-0.0275
231.75913214611433,-0.0275
231.75918014688233,-0.04
231.75922814765036,-0.035
231.75927614841837,-0.044999998
231.75932414918637,-0.049999997
231.75937214995437,-0.0475
231.7594201507224,-0.0475
231.7594681514904,-0.0625
231.7595161522584,-0.0525
231.75956415302645,-0.0625
231.75961215379445,-0.065
231.75966015456245,-0.0625
231.75970815533046,-0.057499997
231.7597561560985,-0.065
231.7598041568665,-0.067499995
231.7598521576345,-0.0725
231.75990015840253,-0.0725
231.75994815917053,-0.08
231.75999615993854,-0.067499995
231.76004416070657,-0.08
231.76009216147457,-0.074999996
231.76014016224258,-0.074999996
231.76018816301058,-0.074999996
231.76023616377861,-0.074999996
231.76028416454662,-0.074999996
231.76033216531462,-0.0775
231.76038016608265,-0.0725
231.76042816685066,-0.0725
231.76047616761866,-0.067499995
231.76052416838667,-0.0625
231.7605721691547,-0.067499995
231.7606201699227,-0.0525
231.7606681706907,-0.0425
231.76071617145874,-0.057499997
231.76076417222674,-0.049999997
231.76081217299475,-0.037499998
231.76086017376278,-0.044999998
231.76090817453078,-0.0475
231.7609561752988,-0.0475
231.7610041760668,-0.0425
231.76105217683482,-0.044999998
231.76110017760283,-0.0525
231.76114817837083,-0.049999997
231.76119617913886,-0.0475
231.76124417990687,-0.0475
231.76129218067487,-0.055
231.76134018144288,-0.057499997
231.7613881822109,-0.049999997
231.7614361829789,-0.055
231.76148418374692,-0.049999997
231.76153218451495,-0.0475
231.76158018528295,-0.049999997
231.76162818605096,-0.049999997
231.761676186819,-0.0425
231.761724187587,-0.0425
231.761772188355,-0.049999997
231.761820189123,-0.0475
231.76186818989103,-0.044999998
231.76191619065904,-0.044999998
231.76196419142704,-0.0425
231.76201219219507,-0.035
231.76206019296308,-0.0275
231.76210819373108,-0.0425
231.76215619449908,-0.035
231.76220419526712,-0.0275
231.76225219603512,-0.035
231.76230019680312,-0.04
231.76234819757116,-0.037499998
231.76239619833916,-0.037499998
231.76244419910716,-0.035
231.7624921998752,-0.037499998
231.7625402006432,-0.0425
231.7625882014112,-0.0425
231.7626362021792,-0.049999997
231.76268420294724,-0.0425
231.76273220371525,-0.06
231.76278020448325,-0.0525
231.76282820525128,-0.057499997
231.76287620601929,-0.06
231.7629242067873,-0.0625
231.7629722075553,-0.055
231.76302020832333,-0.057499997
231.76306820909133,-0.057499997
231.76311620985933,-0.055
231.76316421062737,-0.055
231.76321221139537,-0.057499997
231.76326021216337,-0.0625
231.7633082129314,-0.06
231.7633562136994,-0.06
231.7634042144674,-0.065
231.76345221523542,-0.055
231.76350021600345,-0.065
231.76354821677145,-0.067499995
231.76359621753946,-0.07
231.7636442183075,-0.0725
231.7636922190755,-0.07
231.7637402198435,-0.074999996
231.7637882206115,-0.065
231.76383622137953,-0.065
231.76388422214754,-0.065
231.76393222291554,-0.065
231.76398022368357,-0.07
231.76402822445158,-0.057499997
231.76407622521958,-0.0625
231.76412422598762,-0.057499997
231.76417222675562,-0.055
231.76422022752362,-0.055
231.76426822829163,-0.065
231.76431622905966,-0.06
231.76436422982766,-0.06
231.76441223059567,-0.06
231.7644602313637,-0.049999997
231.7645082321317,-0.06
231.7645562328997,-0.0475
231.7646042336677,-0.0475
231.76465223443574,-0.049999997
231.76470023520375,-0.044999998
231.76474823597175,-0.055
231.76479623673978,-0.049999997
231.7648442375078,-0.0475
231.7648922382758,-0.044999998
231.76494023904382,-0.044999998
231.76498823981183,-0.0425
231.76503624057983,-0.037499998
231.76508424134784,-0.037499998
231.76513224211587,-0.037499998
231.76518024288387,-0.024999999
231.76522824365188,-0.03
231.7652762444199,-0.0275
231.7653242451879,-0.022499999
231.76537224595592,-0.024999999
231.76542024672392,-0.024999999
231.76546824749195,-0.02
231.76551624825996,-0.015
231.76556424902796,-0.01
231.765612249796,-0.0025
231.765660250564,-0.0025
231.765708251332,-0.005
231.76575625210003,0.005
231.76580425286804,0.0075
231.76585225363604,-0.0025
231.76590025440404,0.0175
231.76594825517208,0.0
231.76599625594008,0.0075
231.76604425670808,0.005
231.76609225747612,0.022499999
231.76614025824412,0.012499999
231.76618825901213,0.02
231.76623625978013,0.024999999
231.76628426054816,0.015
231.76633226131617,0.022499999
231.76638026208417,0.0275
231.7664282628522,0.02
231.7664762636202,0.024999999
231.7665242643882,0.0175
231.76657226515624,0.035
231.76662026592425,0.03
231.76666826669225,0.0275
231.76671626746025,0.0325
231.7667642682283,0.037499998
231.7668122689963,0.024999999
231.7668602697643,0.0275
231.76690827053233,0.022499999
231.76695627130033,0.024999999
231.76700427206833,0.03
231.76705227283634,0.03
231.76710027360437,0.0275
231.76714827437237,0.04
231.76719627514038,0.022499999
231.7672442759084,0.022499999
231.76729227667641,0.03
231.76734027744442,0.03
231.76738827821245,0.03
231.76743627898045,0.0325
231.76748427974846,0.0275
231.76753228051646,0.0275
231.7675802812845,0.0175
231.7676282820525,0.0175
231.7676762828205,0.015
231.76772428358854,0.005
231.76777228435654,-0.0075
231.76782028512454,-0.0175
231.76786828589255,-0.02
231.76791628666058,-0.0275
231.76796428742858,-0.03
231.7680122881966,-0.035
231.76806028896462,-0.049999997
231.76810828973262,-0.057499997
231.76815629050063,-0.07
231.76820429126866,-0.065
231.76825229203666,-0.08
231.76830029280467,-0.0725
231.76834829357267,-0.074999996
231.7683962943407,-0.082499996
231.7684442951087,-0.0875
231.7684922958767,-0.095
231.76854029664474,-0.089999996
231.76858829741275,-0.089999996
231.76863629818075,-0.0875
231.76868429894876,-0.0975
231.7687322997168,-0.0875
231.7687803004848,-0.0975
231.7688283012528,-0.1025
231.76887630202083,-0.095
231.76892430278883,-0.095
231.76897230355684,-0.095
231.76902030432487,-0.0875
231.76906830509287,-0.095
231.76911630586088,-0.085
231.76916430662888,-0.085
231.7692123073969,-0.0875
231.76926030816492,-0.085
231.76930830893292,-0.082499996
231.76935630970095,-0.0725
231.76940431046896,-0.067499995
231.76945231123696,-0.0775
231.76950031200496,-0.0725
231.769548312773,-0.07
231.769596313541,-0.055
231.769644314309,-0.0525
231.76969231507704,-0.06
231.76974031584504,-0.055
231.76978831661305,-0.0525
231.76983631738108,-0.049999997
231.76988431814908,-0.055
231.76993231891709,-0.055
231.7699803196851,-0.057499997
231.77002832045312,-0.057499997
231.77007632122113,-0.049999997
231.77012432198913,-0.057499997
231.77017232275716,-0.057499997
231.77022032352517,-0.0525
231.77026832429317,-0.0525
231.77031632506117,-0.065
231.7703643258292,-0.0525
231.7704123265972,-0.0525
231.7704603273652,-0.057499997
231.77050832813325,-0.0475
231.77055632890125,-0.055
231.77060432966925,-0.065
231.7706523304373,-0.0525
231.7707003312053,-0.0475
231.7707483319733,-0.06
231.7707963327413,-0.0525
231.77084433350933,-0.0625
231.77089233427733,-0.057499997
231.77094033504534,-0.0525
231.77098833581337,-0.0525
231.77103633658137,-0.0525
231.77108433734938,-0.057499997
231.77113233811738,-0.0475
231.77118033888542,-0.049999997
231.77122833965342,-0.0475
231.77127634042142,-0.0525
231.77132434118946,-0.049999997
231.77137234195746,-0.0475
231.77142034272546,-0.044999998
231.7714683434935,-0.0475
231.7715163442615,-0.0475
231.7715643450295,-0.049999997
231.7716123457975,-0.049999997
231.77166034656554,-0.049999997
231.77170834733354,-0.049999997
231.77175634810155,-0.055
231.77180434886958,-0.044999998
231.77185234963758,-0.04
231.7719003504056,-0.049999997
231.7719483511736,-0.049999997
231.77199635194162,-0.049999997
231.77204435270963,-0.044999998
231.77209235347763,-0.0425
231.77214035424566,-0.04
231.77218835501367,-0.0475
231.77223635578167,-0.0475
231.7722843565497,-0.0475
231.7723323573177,-0.0525
231.7723803580857,-0.055
231.77242835885372,-0.06
231.77247635962175,-0.065
231.77252436038975,-0.065
231.77257236115776,-0.057499997
231.7726203619258,-0.067499995
231.7726683626938,-0.065
231.7727163634618,-0.07
231.7727643642298,-0.074999996
231.77281236499783,-0.0725
231.77286036576584,-0.065
231.77290836653384,-0.0775
231.77295636730187,-0.08
231.77300436806988,-0.082499996
231.77305236883788,-0.074999996
231.7731003696059,-0.08
231.77314837037392,-0.0625
231.77319637114192,-0.067499995
231.77324437190993,-0.074999996
231.77329237267796,-0.0725
231.77334037344596,-0.065
231.77338837421397,-0.0625
231.773436374982,-0.067499995
231.77348437575,-0.067499995
231.773532376518,-0.06
231.773580377286,-0.0725
231.77362837805404,-0.065
231.77367637882205,-0.0625
231.77372437959005,-0.065
231.77377238035808,-0.06
231.7738203811261,-0.07
231.7738683818941,-0.067499995
231.77391638266212,-0.055
231.77396438343013,-0.065
231.77401238419813,-0.0625
231.77406038496613,-0.055
231.77410838573417,-0.065
231.77415638650217,-0.067499995
231.77420438727017,-0.06
231.7742523880382,-0.0525
231.7743003888062,-0.055
231.77434838957421,-0.055
231.77439639034222,-0.0625
231.77444439111025,-0.0625
231.77449239187825,-0.057499997
231.77454039264626,-0.055
231.7745883934143,-0.0625
231.7746363941823,-0.065
231.7746843949503,-0.07
231.77473239571833,-0.07
231.77478039648634,-0.057499997
231.77482839725434,-0.0725
231.77487639802234,-0.074999996
231.77492439879038,-0.074999996
231.77497239955838,-0.0725
231.77502040032638,-0.0775
231.77506840109442,-0.085
231.77511640186242,-0.082499996
231.77516440263042,-0.082499996
231.77521240339843,-0.085
231.77526040416646,-0.089999996
231.77530840493446,-0.074999996
231.77535640570247,-0.085
231.7754044064705,-0.089999996
231.7754524072385,-0.082499996
231.7755004080065,-0.0875
231.77554840877454,-0.0875
231.77559640954254,-0.0875
231.77564441031055,-0.0875
231.77569241107855,-0.0875
231.77574041184658,-0.085
231.7757884126146,-0.0875
231.7758364133826,-0.089999996
231.77588441415062,-0.082499996
231.77593241491863,-0.089999996
231.77598041568663,-0.0875
231.77602841645464,-0.08
231.77607641722267,-0.0925
231.77612441799067,-0.0875
231.77617241875868,-0.085
231.7762204195267,-0.082499996
231.7762684202947,-0.0725
231.77631642106272,-0.08
231.77636442183075,-0.0775
231.77641242259875,-0.074999996
231.77646042336676,-0.0775
231.77650842413476,-0.074999996
231.7765564249028,-0.0725
231.7766044256708,-0.0725
231.7766524264388,-0.074999996
231.77670042720683,-0.065
231.77674842797484,-0.0625
231.77679642874284,-0.057499997
231.77684442951085,-0.0525
231.77689243027888,-0.044999998
231.77694043104688,-0.04
231.77698843181489,-0.04
231.77703643258292,-0.035
231.77708443335092,-0.0325
231.77713243411893,-0.0275
231.77718043488696,-0.04
231.77722843565496,-0.035
231.77727643642297,-0.024999999
231.77732443719097,-0.0325
231.777372437959,-0.0325
231.777420438727,-0.037499998
231.777468439495,-0.0275
231.77751644026304,-0.035
231.77756444103105,-0.037499998
231.77761244179905,-0.035
231.77766044256705,-0.0425
231.7777084433351,-0.0425
231.7777564441031,-0.04
231.7778044448711,-0.049999997
231.77785244563913,-0.0475
231.77790044640713,-0.04
231.77794844717513,-0.049999997
231.77799644794317,-0.044999998
231.77804444871117,-0.055
231.77809244947917,-0.0525
231.77814045024718,-0.044999998
231.7781884510152,-0.0525
231.77823645178321,-0.0475
231.77828445255122,-0.055
231.77833245331925,-0.0475
231.77838045408726,-0.044999998
231.77842845485526,-0.037499998
231.77847645562326,-0.035
231.7785244563913,-0.037499998
231.7785724571593,-0.0325
231.7786204579273,-0.0325
231.77866845869534,-0.0275
231.77871645946334,-0.0275
231.77876446023134,-0.024999999
231.77881246099938,-0.024999999
231.77886046176738,-0.015
231.77890846253538,-0.015
231.7789564633034,-0.015
231.77900446407142,-0.01
231.77905246483942,-0.012499999
231.77910046560743,-0.0275
231.77914846637546,-0.024999999
231.77919646714346,-0.02
231.77924446791147,-0.02
231.77929246867947,-0.03
231.7793404694475,-0.03
231.7793884702155,-0.0325
231.7794364709835,-0.035
231.77948447175154,-0.0475
231.77953247251955,-0.0425
231.77958047328755,-0.037499998
231.77962847405558,-0.037499998
231.7796764748236,-0.037499998
231.7797244755916,-0.044999998
231.7797724763596,-0.0425
231.77982047712763,-0.0425
231.77986847789563,-0.044999998
231.77991647866364,-0.0525
231.77996447943167,-0.049999997
231.78001248019967,-0.0475
231.78006048096768,-0.044999998
231.78010848173568,-0.06
231.7801564825037,-0.057499997
231.78020448327172,-0.057499997
231.78025248403972,-0.06
231.78030048480775,-0.07
231.78034848557576,-0.0625
231.78039648634376,-0.06
231.7804444871118,-0.0725
231.7804924878798,-0.0775
231.7805404886478,-0.0725
231.7805884894158,-0.0725
231.78063649018384,-0.074999996
231.78068449095184,-0.065
231.78073249171985,-0.07
231.78078049248788,-0.065
231.78082849325588,-0.067499995
231.7808764940239,-0.0625
231.7809244947919,-0.065
231.78097249555992,-0.06
231.78102049632793,-0.067499995
231.78106849709593,-0.057499997
231.78111649786396,-0.065
231.78116449863197,-0.065
231.78121249939997,-0.06
231.78126050016797,-0.0625
231.781308500936,-0.065
231.781356501704,-0.0625
231.78140450247201,-0.067499995
231.78145250324005,-0.067499995
231.78150050400805,-0.065
231.78154850477605,-0.07
231.7815965055441,-0.0775
231.7816445063121,-0.074999996
231.7816925070801,-0.0725
231.7817405078481,-0.074999996
231.78178850861613,-0.0725
231.78183650938414,-0.0775
231.78188451015214,-0.08
231.78193251092017,-0.0775
231.78198051168818,-0.07
231.78202851245618,-0.08
231.78207651322418,-0.08
231.78212451399222,-0.08
231.78217251476022,-0.0775
231.78222051552822,-0.0775
231.78226851629626,-0.0775
231.78231651706426,-0.0775
231.78236451783226,-0.074999996
231.7824125186003,-0.067499995
231.7824605193683,-0.074999996
231.7825085201363,-0.074999996
231.7825565209043,-0.0875
231.78260452167234,-0.074999996
231.78265252244034,-0.0775
231.78270052320835,-0.082499996
231.78274852397638,-0.082499996
231.78279652474438,-0.08
231.7828445255124,-0.0775
231.7828925262804,-0.085
231.78294052704842,-0.085
231.78298852781643,-0.085
231.78303652858443,-0.0875
231.78308452935246,-0.0875
231.78313253012047,-0.08
231.78318053088847,-0.085
231.7832285316565,-0.1025
231.7832765324245,-0.099999994
231.7833245331925,-0.0925
231.78337253396052,-0.095
231.78342053472855,-0.095
231.78346853549655,-0.0875
231.78351653626456,-0.089999996
231.7835645370326,-0.0875
231.7836125378006,-0.089999996
231.7836605385686,-0.089999996
231.7837085393366,-0.082499996
231.78375654010463,-0.0875
231.78380454087264,-0.0725
231.78385254164064,-0.08
231.78390054240867,-0.074999996
231.78394854317668,-0.065
231.78399654394468,-0.049999997
231.7840445447127,-0.0475
231.78409254548072,-0.0475
231.78414054624872,-0.035
231.78418854701673,-0.0275
231.78423654778476,-0.0175
231.78428454855276,-0.0275
231.78433254932077,-0.012499999
231.7843805500888,0.0025
231.7844285508568,0.012499999
231.7844765516248,0.02
231.7845245523928,0.015
231.78457255316084,0.024999999
231.78462055392885,0.024999999
231.78466855469685,0.04
231.78471655546488,0.0425
231.7847645562329,0.037499998
231.7848125570009,0.0525
231.78486055776892,0.044999998
231.78490855853693,0.0425
231.78495655930493,0.04
231.78500456007293,0.04
231.78505256084097,0.049999997
231.78510056160897,0.049999997
231.78514856237697,0.044999998
231.785196563145,0.035
231.785244563913,0.04
231.78529256468101,0.024999999
231.78534056544902,0.03
231.78538856621705,0.02
231.78543656698506,0.02
231.78548456775306,0.0075
231.7855325685211,-0.0025
231.7855805692891,-0.0025
231.7856285700571,-0.0025
231.78567657082513,-0.005
231.78572457159314,-0.0175
231.78577257236114,-0.024999999
231.78582057312914,-0.0275
231.78586857389718,-0.03
231.78591657466518,-0.024999999
231.78596457543318,-0.03
231.78601257620122,-0.03
231.78606057696922,-0.024999999
231.78610857773722,-0.0325
231.78615657850523,-0.0275
231.78620457927326,-0.022499999
231.78625258004126,-0.0175
231.78630058080927,-0.01
231.7863485815773,-0.012499999
231.7863965823453,-0.0075
231.7864445831133,-0.01
231.78649258388134,-0.005
231.78654058464934,0.0025
231.78658858541735,-0.0075
231.78663658618535,-0.0075
231.78668458695338,-0.01
231.7867325877214,-0.012499999
231.7867805884894,-0.02
231.78682858925742,-0.022499999
231.78687659002543,-0.02
231.78692459079343,-0.0325
231.78697259156144,-0.0325
231.78702059232947,-0.035
231.78706859309747,-0.0275
231.78711659386548,-0.04
231.7871645946335,-0.04
231.7872125954015,-0.0425
231.78726059616952,-0.044999998
231.78730859693755,-0.0475
231.78735659770555,-0.057499997
231.78740459847356,-0.055
231.78745259924156,-0.067499995
231.7875006000096,-0.07
231.7875486007776,-0.0625
231.7875966015456,-0.065
231.78764460231363,-0.0725
231.78769260308164,-0.074999996
231.78774060384964,-0.067499995
231.78778860461765,-0.07
231.78783660538568,-0.067499995
231.78788460615368,-0.07
231.7879326069217,-0.0725
231.78798060768972,-0.08
231.78802860845772,-0.08
231.78807660922573,-0.082499996
231.78812460999376,-0.0775
231.78817261076176,-0.089999996
231.78822061152977,-0.1025
231.78826861229777,-0.0925
231.7883166130658,-0.0925
231.7883646138338,-0.089999996
231.7884126146018,-0.1025
231.78846061536984,-0.089999996
231.78850861613785,-0.107499994
231.78855661690585,-0.114999995
231.78860461767385,-0.1125
231.7886526184419,-0.114999995
231.7887006192099,-0.11
231.7887486199779,-0.1175
231.78879662074593,-0.114999995
231.78884462151393,-0.107499994
231.78889262228194,-0.11
231.78894062304997,-0.107499994
231.78898862381797,-0.11
231.78903662458598,-0.1125
231.78908462535398,-0.107499994
231.789132626122,-0.107499994
231.78918062689002,-0.1025
231.78922862765802,-0.095
231.78927662842605,-0.082499996
231.78932462919406,-0.08
231.78937262996206,-0.074999996
231.78942063073006,-0.08
231.7894686314981,-0.0725
231.7895166322661,-0.067499995
231.7895646330341,-0.0625
231.78961263380214,-0.067499995
231.78966063457014,-0.06
231.78970863533814,-0.067499995
231.78975663610618,-0.06
231.78980463687418,-0.055
231.78985263764218,-0.06
231.7899006384102,-0.06
231.78994863917822,-0.0625
231.78999663994622,-0.0625
231.79004464071423,-0.057499997
231.79009264148226,-0.055
231.79014064225026,-0.06
231.79018864301827,-0.06
231.79023664378627,-0.055
231.7902846445543,-0.0525
231.7903326453223,-0.0475
231.7903806460903,-0.044999998
231.79042864685835,-0.04
231.79047664762635,-0.049999997
231.79052464839435,-0.0425
231.79057264916239,-0.035
231.7906206499304,-0.044999998
231.7906686506984,-0.044999998
231.7907166514664,-0.0425
231.79076465223443,-0.044999998
231.79081265300243,-0.0475
231.79086065377044,-0.0475
231.79090865453847,-0.0525
231.79095665530647,-0.055
231.79100465607448,-0.0525
231.79105265684248,-0.049999997
231.7911006576105,-0.0525
231.79114865837852,-0.0525
231.79119665914652,-0.055
231.79124465991455,-0.065
231.79129266068256,-0.049999997
231.79134066145056,-0.067499995
231.7913886622186,-0.07
231.7914366629866,-0.07
231.7914846637546,-0.057499997
231.7915326645226,-0.07
231.79158066529064,-0.055
231.79162866605864,-0.055
231.79167666682665,-0.049999997
231.79172466759468,-0.055
231.79177266836268,-0.049999997
231.7918206691307,-0.0425
231.7918686698987,-0.0325
231.79191667066672,-0.03
231.79196467143473,-0.024999999
231.79201267220273,-0.0075
231.79206067297076,-0.012499999
231.79210867373877,-0.01
231.79215667450677,-0.0075
231.7922046752748,-0.012499999
231.7922526760428,-0.01
231.7923006768108,-0.015
231.79234867757881,-0.01
231.79239667834685,-0.02
231.79244467911485,-0.012499999
231.79249267988286,-0.0175
231.7925406806509,-0.0175
231.7925886814189,-0.0175
231.7926366821869,-0.022499999
231.7926846829549,-0.02
231.79273268372293,-0.0175
231.79278068449094,-0.012499999
231.79282868525894,-0.024999999
231.79287668602697,-0.012499999
231.79292468679498,-0.01
231.79297268756298,-0.01
231.793020688331,-0.012499999
231.79306868909902,-0.01
231.79311668986702,-0.005
231.79316469063502,-0.015
231.79321269140306,-0.01
231.79326069217106,-0.005
231.79330869293906,-0.0075
231.7933566937071,-0.015
231.7934046944751,-0.0075
231.7934526952431,-0.0175
231.7935006960111,-0.005
231.79354869677914,-0.015
231.79359669754714,-0.005
231.79364469831515,0.005
231.79369269908318,0.005
231.79374069985118,0.005
231.7937887006192,0.015
231.79383670138722,0.0175
231.79388470215522,0.015
231.79393270292323,0.0325
231.79398070369123,0.04
231.79402870445927,0.0475
231.79407670522727,0.0425
231.79412470599527,0.0475
231.7941727067633,0.0525
231.7942207075313,0.0475
231.7942687082993,0.04
231.79431670906732,0.049999997
231.79436470983535,0.0475
231.79441271060335,0.0425
231.79446071137136,0.0325
231.7945087121394,0.0275
231.7945567129074,0.0325
231.7946047136754,0.0275
231.79465271444343,0.0275
231.79470071521143,0.0275
231.79474871597944,0.022499999
231.79479671674744,0.02
231.79484471751547,0.024999999
231.79489271828348,0.015
231.79494071905148,0.03
231.79498871981951,0.02
231.79503672058752,0.0275
231.79508472135552,0.0325
231.79513272212353,0.0325
231.79518072289156,0.0275
231.79522872365956,0.0275
231.79527672442757,0.0325
231.7953247251956,0.0275
231.7953727259636,0.012499999
231.7954207267316,0.012499999
231.79546872749964,0.005
231.79551672826764,0.0025
231.79556472903565,0.005
231.79561272980365,-0.0075
231.79566073057168,-0.015
231.7957087313397,-0.012499999
231.7957567321077,-0.0075
231.79580473287572,-0.012499999
231.79585273364373,-0.0175
231.79590073441173,-0.0175
231.79594873517973,-0.012499999
231.79599673594777,-0.0175
231.79604473671577,-0.0175
231.79609273748378,-0.01
231.7961407382518,-0.012499999
231.7961887390198,-0.022499999
231.79623673978782,-0.015
231.79628474055585,-0.0075
231.79633274132385,-0.01
231.79638074209186,-0.0075
231.79642874285986,-0.0175
231.7964767436279,-0.0075
231.7965247443959,-0.005
231.7965727451639,-0.0075
231.79662074593193,-0.0075
231.79666874669994,-0.0075
231.79671674746794,-0.01
231.79676474823594,-0.0025
231.79681274900398,-0.0025
231.79686074977198,-0.0025
231.79690875053998,-0.0025
231.79695675130802,0.0025
231.79700475207602,0.0075
231.79705275284402,0.0075
231.79710075361206,0.0075
231.79714875438006,0.0025
231.79719675514806,0.0
231.79724475591607,0.0
231.7972927566841,-0.0025
231.7973407574521,-0.015
231.7973887582201,-0.01
231.79743675898814,-0.015
231.79748475975614,-0.012499999
231.79753276052415,-0.02
231.79758076129215,-0.02
231.79762876206019,-0.0275
231.7976767628282,-0.0325
231.7977247635962,-0.037499998
231.79777276436423,-0.03
231.79782076513223,-0.04
231.79786876590023,-0.035
231.79791676666827,-0.037499998
231.79796476743627,-0.0425
231.79801276820427,-0.03
231.79806076897228,-0.04
231.7981087697403,-0.044999998
231.7981567705083,-0.03
231.79820477127632,-0.035
231.79825277204435,-0.0275
231.79830077281235,-0.0275
231.79834877358036,-0.035
231.79839677434836,-0.03
231.7984447751164,-0.0325
231.7984927758844,-0.037499998
231.7985407766524,-0.035
231.79858877742043,-0.035
231.79863677818844,-0.0325
231.79868477895644,-0.0325
231.79873277972447,-0.03
231.79878078049248,-0.0275
231.79882878126048,-0.03
231.7988767820285,-0.03
231.79892478279652,-0.024999999
231.79897278356452,-0.0275
231.79902078433253,-0.0275
231.79906878510056,-0.02
231.79911678586856,-0.024999999
231.79916478663657,-0.015
231.79921278740457,-0.012499999
231.7992607881726,-0.01
231.7993087889406,-0.01
231.7993567897086,-0.01
231.79940479047664,-0.01
231.79945279124465,0.0025
231.79950079201265,-0.0075
231.79954879278068,0.0025
231.7995967935487,0.0075
231.7996447943167,0.0075
231.7996927950847,0.01
231.79974079585273,0.0075
231.79978879662073,0.015
231.79983679738874,0.02
231.79988479815677,0.012499999
231.79993279892477,0.022499999
231.79998079969278,0.015
231.80002880046078,0.022499999
231.8000768012288,0.02
231.80012480199682,0.0175
231.80017280276482,0.022499999
231.80022080353285,0.012499999
231.80026880430086,0.022499999
231.80031680506886,0.015
231.8003648058369,0.012499999
231.8004128066049,0.02
231.8004608073729,0.015
231.8005088081409,0.02
231.80055680890894,0.01
231.80060480967694,0.0175
231.80065281044494,0.015
231.80070081121298,0.015
231.80074881198098,0.0175
231.80079681274898,0.015
231.800844813517,0.012499999
231.80089281428502,0.005
231.80094081505302,0.012499999
231.80098881582103,0.0075
231.80103681658906,0.0075
231.80108481735707,0.0025
231.80113281812507,-0.0025
231.8011808188931,-0.0075
231.8012288196611,-0.005
231.8012768204291,0.0
231.8013248211971,0.0025
231.80137282196515,0.0025
231.80142082273315,-0.0025
231.80146882350115,0.0
231.80151682426919,-0.0025
231.8015648250372,-0.0025
231.8016128258052,-0.0075
231.8016608265732,-0.005
231.80170882734123,-0.0075
231.80175682810923,-0.0025
231.80180482887724,-0.0025
231.80185282964527,0.0
231.80190083041327,-0.005
231.80194883118128,-0.0075
231.8019968319493,-0.005
231.8020448327173,0.0
231.80209283348532,0.005
231.80214083425332,0.0
231.80218883502135,0.0
231.80223683578936,0.01
231.80228483655736,0.0
231.8023328373254,-0.005
231.8023808380934,-0.0025
231.8024288388614,0.0025
231.8024768396294,0.0075
231.80252484039744,0.0025
231.80257284116544,0.0025
231.80262084193345,0.0025
231.80266884270148,0.005
231.80271684346948,-0.005
231.8027648442375,-0.01
231.80281284500552,-0.01
231.80286084577352,-0.015
231.80290884654153,-0.012499999
231.80295684730953,-0.022499999
231.80300484807756,-0.022499999
231.80305284884557,-0.024999999
231.80310084961357,-0.03
231.8031488503816,-0.024999999
231.8031968511496,-0.0275
231.8032448519176,-0.024999999
231.80329285268562,-0.03
231.80334085345365,-0.035
231.80338885422165,-0.037499998
231.80343685498966,-0.035
231.8034848557577,-0.037499998
231.8035328565257,-0.035
231.8035808572937,-0.037499998
231.80362885806173,-0.04
231.80367685882973,-0.037499998
231.80372485959774,-0.0475
231.80377286036574,-0.037499998
231.80382086113377,-0.04
231.80386886190178,-0.0325
231.80391686266978,-0.03
231.8039648634378,-0.0325
231.80401286420582,-0.024999999
231.80406086497382,-0.03
231.80410886574182,-0.03
231.80415686650986,-0.0275
231.80420486727786,-0.0275
231.80425286804586,-0.022499999
231.8043008688139,-0.02
231.8043488695819,-0.0175
231.8043968703499,-0.02
231.80444487111794,-0.02
231.80449287188594,-0.015
231.80454087265394,-0.005
231.80458887342195,0.0
231.80463687418998,-0.01
231.80468487495799,0.0
231.804732875726,-0.005
231.80478087649402,0.0
231.80482887726203,0.0075
231.80487687803003,0.015
231.80492487879803,0.0075
231.80497287956607,0.015
231.80502088033407,0.0175
231.80506888110207,0.022499999
231.8051168818701,0.02
231.8051648826381,0.022499999
231.8052128834061,0.02
231.80526088417415,0.024999999
231.80530888494215,0.03
231.80535688571015,0.04
231.80540488647816,0.0425
231.8054528872462,0.04
231.8055008880142,0.0425
231.8055488887822,0.049999997
231.80559688955023,0.037499998
231.80564489031823,0.0325
231.80569289108624,0.04
231.80574089185424,0.035
231.80578889262227,0.044999998
231.80583689339028,0.04
231.80588489415828,0.037499998
231.80593289492631,0.035
231.80598089569432,0.035
231.80602889646232,0.0475
231.80607689723035,0.04
231.80612489799836,0.04
231.80617289876636,0.035
231.80622089953437,0.04
231.8062689003024,0.0425
231.8063169010704,0.04
231.8063649018384,0.035
231.80641290260644,0.04
231.80646090337444,0.037499998
231.80650890414245,0.03
231.80655690491045,0.037499998
231.80660490567848,0.035
231.8066529064465,0.0425
231.8067009072145,0.024999999
231.80674890798252,0.0275
231.80679690875053,0.0325
231.80684490951853,0.035
231.80689291028656,0.037499998
231.80694091105457,0.0525
231.80698891182257,0.04
231.80703691259058,0.04
231.8070849133586,0.0425
231.8071329141266,0.049999997
231.80718091489462,0.0525
231.80722891566265,0.057499997
231.80727691643065,0.0475
231.80732491719866,0.055
231.80737291796666,0.044999998
231.8074209187347,0.0475
231.8074689195027,0.0475
231.8075169202707,0.049999997
231.80756492103873,0.0475
231.80761292180674,0.044999998
231.80766092257474,0.044999998
231.80770892334277,0.04
231.80775692411078,0.035
231.80780492487878,0.037499998
231.80785292564678,0.0425
231.80790092641482,0.0425
231.80794892718282,0.03
231.80799692795082,0.022499999
231.80804492871886,0.024999999
231.80809292948686,0.024999999
231.80814093025486,0.022499999
231.80818893102287,0.01
231.8082369317909,0.015
231.8082849325589,0.012499999
231.8083329333269,0.012499999
231.80838093409494,0.0
231.80842893486295,-0.01
231.80847693563095,-0.0075
231.80852493639898,-0.01
231.80857293716699,-0.022499999
231.808620937935,-0.0275
231.808668938703,-0.03
231.80871693947103,-0.02
231.80876494023903,-0.0275
231.80881294100703,-0.0275
231.80886094177507,-0.02
231.80890894254307,-0.022499999
231.80895694331107,-0.024999999
231.80900494407908,-0.022499999
231.8090529448471,-0.0275
231.8091009456151,-0.0275
231.80914894638312,-0.022499999
231.80919694715115,-0.0275
231.80924494791915,-0.02
231.80929294868716,-0.024999999
231.8093409494552,-0.02
231.8093889502232,-0.02
231.8094369509912,-0.024999999
231.8094849517592,-0.015
231.80953295252723,-0.024999999
231.80958095329524,-0.015
231.80962895406324,-0.02
231.80967695483127,-0.015
231.80972495559928,-0.0075
231.80977295636728,-0.0175
231.8098209571353,-0.02
231.80986895790332,-0.02
231.80991695867132,-0.02
231.80996495943933,-0.02
231.81001296020736,-0.0175
231.81006096097536,-0.012499999
231.81010896174337,-0.012499999
231.8101569625114,-0.0075
231.8102049632794,-0.012499999
231.8102529640474,0.0
231.8103009648154,0.005
231.81034896558344,0.005
231.81039696635145,0.005
231.81044496711945,0.0
231.81049296788748,0.0
231.8105409686555,0.0075
231.8105889694235,0.01
231.8106369701915,0.0025
231.81068497095953,-0.005
231.81073297172753,0.01
231.81078097249554,0.005
231.81082897326357,0.005
231.81087697403157,-0.0025
231.81092497479958,0.0025
231.8109729755676,0.005
231.8110209763356,-0.0025
231.81106897710362,-0.0075
231.81111697787162,-0.0025
231.81116497863965,-0.0025
231.81121297940766,-0.01
231.81126098017566,0.0025
231.8113089809437,-0.01
231.8113569817117,0.0
231.8114049824797,-0.005
231.8114529832477,-0.005
231.81150098401574,0.005
231.81154898478374,0.005
231.81159698555174,0.0025
231.81164498631978,0.0075
231.81169298708778,0.005
231.81174098785579,0.0175
231.81178898862382,0.0
231.81183698939182,0.005
231.81188499015983,0.0075
231.81193299092783,0.012499999
231.81198099169586,0.0075
231.81202899246387,0.015
231.81207699323187,0.012499999
231.8121249939999,0.012499999
231.8121729947679,0.02
231.8122209955359,0.012499999
231.8122689963039,0.01
231.81231699707195,0.024999999
231.81236499783995,0.015
231.81241299860795,0.015
231.812460999376,0.02
231.812509000144,0.022499999
231.812557000912,0.03
231.81260500168003,0.035
231.81265300244803,0.0275
231.81270100321603,0.0325
231.81274900398404,0.035
231.81279700475207,0.037499998
231.81284500552007,0.0425
231.81289300628808,0.049999997
231.8129410070561,0.0475
231.81298900782411,0.049999997
231.81303700859212,0.055
231.81308500936012,0.065
231.81313301012815,0.0725
231.81318101089616,0.0775
231.81322901166416,0.0725
231.8132770124322,0.0925
231.8133250132002,0.0925
231.8133730139682,0.0875
231.81342101473624,0.099999994
231.81346901550424,0.099999994
231.81351701627224,0.0975
231.81356501704025,0.099999994
231.81361301780828,0.0925
231.81366101857628,0.0975
231.8137090193443,0.0975
231.81375702011232,0.0975
231.81380502088032,0.0975
231.81385302164833,0.095
231.81390102241633,0.0925
231.81394902318436,0.089999996
231.81399702395237,0.0875
231.81404502472037,0.085
231.8140930254884,0.0775
231.8141410262564,0.074999996
231.8141890270244,0.07
231.81423702779244,0.07
231.81428502856045,0.057499997
231.81433302932845,0.055
231.81438103009646,0.0525
231.8144290308645,0.044999998
231.8144770316325,0.03
231.8145250324005,0.022499999
231.81457303316853,0.0175
231.81462103393653,0.0275
231.81466903470454,0.024999999
231.81471703547254,0.0175
231.81476503624057,0.01
231.81481303700858,0.005
231.81486103777658,0.01
231.8149090385446,0.0025
231.81495703931262,0.01
231.81500504008062,0.0075
231.81505304084865,0.01
231.81510104161666,0.0025
231.81514904238466,0.0025
231.81519704315266,0.0025
231.8152450439207,0.005
231.8152930446887,0.0075
231.8153410454567,0.0075
231.81538904622474,0.0
231.81543704699274,0.0075
231.81548504776075,0.012499999
231.81553304852875,0.0175
231.81558104929678,-0.0025
231.81562905006479,0.0025
231.8156770508328,0.0
231.81572505160082,0.012499999
231.81577305236883,0.01
231.81582105313683,0.0075
231.81586905390486,0.0075
231.81591705467287,0.005
231.81596505544087,0.012499999
231.81601305620887,-0.0025
231.8160610569769,-0.0075
231.8161090577449,0.0025
231.8161570585129,0.0
231.81620505928095,0.0025
231.81625306004895,-0.0025
231.81630106081695,0.0025
231.81634906158496,-0.0075
231.816397062353,-0.005
231.816445063121,-0.012499999
231.816493063889,-0.005
231.81654106465703,-0.0075
231.81658906542503,-0.005
231.81663706619304,-0.0075
231.81668506696107,0.005
231.81673306772907,0.005
231.81678106849708,0.01
231.81682906926508,0.0075
231.81687707003312,0.012499999
231.81692507080112,0.01
231.81697307156912,0.015
231.81702107233716,0.01
231.81706907310516,0.015
231.81711707387316,0.015
231.81716507464117,0.012499999
231.8172130754092,0.015
231.8172610761772,0.015
231.8173090769452,0.01
231.81735707771324,0.01
231.81740507848124,0.0
231.81745307924925,0.005
231.81750108001728,-0.005
231.81754908078528,-0.0075
231.8175970815533,-0.012499999
231.8176450823213,-0.01
231.81769308308932,-0.012499999
231.81774108385733,-0.012499999
231.81778908462533,-0.012499999
231.81783708539336,-0.012499999
231.81788508616137,-0.012499999
231.81793308692937,-0.02
231.81798108769738,-0.0175
231.8180290884654,-0.015
231.8180770892334,-0.024999999
231.81812509000142,-0.0275
231.81817309076945,-0.024999999
231.81822109153745,-0.0275
231.81826909230546,-0.0325
231.8183170930735,-0.035
231.8183650938415,-0.0325
231.8184130946095,-0.037499998
231.8184610953775,-0.044999998
231.81850909614553,-0.0525
231.81855709691354,-0.049999997
231.81860509768154,-0.044999998
231.81865309844957,-0.06
231.81870109921758,-0.049999997
231.81874909998558,-0.057499997
231.81879710075359,-0.0525
231.81884510152162,-0.0525
231.81889310228962,-0.0525
231.81894110305763,-0.0625
231.81898910382566,-0.0625
231.81903710459366,-0.06
231.81908510536167,-0.0525
231.8191331061297,-0.0525
231.8191811068977,-0.044999998
231.8192291076657,-0.049999997
231.8192771084337,-0.0425
231.81932510920174,-0.037499998
231.81937310996975,-0.024999999
231.81942111073775,-0.024999999
231.81946911150578,-0.024999999
231.8195171122738,-0.02
231.8195651130418,-0.02
231.8196131138098,-0.022499999
231.81966111457783,-0.01
231.81970911534583,-0.0175
231.81975711611383,-0.012499999
231.81980511688187,-0.012499999
231.81985311764987,-0.01
231.81990111841787,-0.012499999
231.8199491191859,-0.0075
231.8199971199539,-0.0025
231.82004512072191,-0.005
231.82009312148992,0.0
231.82014112225795,-0.0025
231.82018912302595,-0.005
231.82023712379396,-0.0075
231.820285124562,0.0
231.82033312533,-0.01
231.820381126098,-0.005
231.820429126866,-0.0025
231.82047712763404,-0.0025
231.82052512840204,0.0
231.82057312917004,-0.005
231.82062112993808,-0.01
231.82066913070608,-0.0075
231.82071713147408,-0.01
231.82076513224212,-0.01
231.82081313301012,-0.015
231.82086113377812,-0.0175
231.82090913454613,-0.0175
231.82095713531416,-0.03
231.82100513608216,-0.03
231.82105313685017,-0.0325
231.8211011376182,-0.024999999
231.8211491383862,-0.03
231.8211971391542,-0.0425
231.8212451399222,-0.0325
231.82129314069024,-0.03
231.82134114145825,-0.0325
231.82138914222625,-0.035
231.82143714299428,-0.022499999
231.8214851437623,-0.022499999
231.8215331445303,-0.0175
231.82158114529832,-0.015
231.82162914606633,-0.01
231.82167714683433,-0.0075
231.82172514760234,-0.0075
231.82177314837037,-0.005
231.82182114913837,0.0075
231.82186914990638,0.0025
231.8219171506744,-0.0025
231.8219651514424,0.0
231.82201315221042,-0.005
231.82206115297842,0.0
231.82210915374645,-0.0025
231.82215715451446,0.005
231.82220515528246,-0.0025
231.8222531560505,0.005
231.8223011568185,0.0075
231.8223491575865,0.0025
231.82239715835453,0.01
231.82244515912254,0.005
231.82249315989054,0.0025
231.82254116065855,0.005
231.82258916142658,0.005
231.82263716219458,0.005
231.82268516296259,0.0025
231.82273316373062,0.005
231.82278116449862,-0.005
231.82282916526663,-0.0025
231.82287716603463,-0.0075
231.82292516680266,-0.01
231.82297316757067,-0.005
231.82302116833867,-0.0025
231.8230691691067,-0.012499999
231.8231171698747,-0.005
231.8231651706427,-0.01
231.82321317141074,-0.0175
231.82326117217875,-0.022499999
231.82330917294675,-0.022499999
231.82335717371475,-0.03
231.8234051744828,-0.035
231.8234531752508,-0.0275
231.8235011760188,-0.035
231.82354917678683,-0.044999998
231.82359717755483,-0.0325
231.82364517832283,-0.0425
231.82369317909084,-0.03
231.82374117985887,-0.0325
231.82378918062687,-0.0425
231.82383718139488,-0.035
231.8238851821629,-0.04
231.82393318293092,-0.049999997
231.82398118369892,-0.04
231.82402918446695,-0.0475
231.82407718523496,-0.035
231.82412518600296,-0.037499998
231.82417318677096,-0.049999997
231.824221187539,-0.0475
231.824269188307,-0.057499997
231.824317189075,-0.057499997
231.82436518984304,-0.06
231.82441319061104,-0.06
231.82446119137904,-0.0625
231.82450919214705,-0.065
231.82455719291508,-0.06
231.82460519368308,-0.065
231.8246531944511,-0.074999996
231.82470119521912,-0.07
231.82474919598712,-0.07
231.82479719675513,-0.0725
231.82484519752313,-0.067499995
231.82489319829116,-0.0625
231.82494119905917,-0.0725
231.82498919982717,-0.06
231.8250372005952,-0.0625
231.8250852013632,-0.0625
231.8251332021312,-0.065
231.82518120289924,-0.0625
231.82522920366725,-0.0625
231.82527720443525,-0.0625
231.82532520520326,-0.0525
231.8253732059713,-0.06
231.8254212067393,-0.055
231.8254692075073,-0.0625
231.82551720827533,-0.0625
231.82556520904333,-0.0525
231.82561320981134,-0.049999997
231.82566121057934,-0.044999998
231.82570921134737,-0.049999997
231.82575721211538,-0.049999997
231.82580521288338,-0.055
231.8258532136514,-0.0525
231.82590121441942,-0.0525
231.82594921518742,-0.055
231.82599721595545,-0.049999997
231.82604521672346,-0.044999998
231.82609321749146,-0.049999997
231.82614121825947,-0.0475
231.8261892190275,-0.037499998
231.8262372197955,-0.037499998
231.8262852205635,-0.04
231.82633322133154,-0.03
231.82638122209954,-0.035
231.82642922286755,-0.035
231.82647722363555,-0.0275
231.82652522440358,-0.0275
231.8265732251716,-0.03
231.8266212259396,-0.03
231.82666922670762,-0.0325
231.82671722747563,-0.024999999
231.82676522824363,-0.035
231.82681322901166,-0.035
231.82686122977967,-0.0425
231.82690923054767,-0.0425
231.82695723131567,-0.04
231.8270052320837,-0.035
231.8270532328517,-0.0525
231.82710123361971,-0.0425
231.82714923438775,-0.04
231.82719723515575,-0.035
231.82724523592375,-0.0325
231.82729323669176,-0.0475
231.8273412374598,-0.0275
231.8273892382278,-0.0325
231.8274372389958,-0.0425
231.82748523976383,-0.035
231.82753324053184,-0.0425
231.82758124129984,-0.03
231.82762924206787,-0.02
231.82767724283588,-0.0275
231.82772524360388,-0.03
231.82777324437188,-0.022499999
231.82782124513992,-0.02
231.82786924590792,-0.024999999
231.82791724667592,-0.02
231.82796524744396,-0.015
231.82801324821196,-0.022499999
231.82806124897996,-0.0275
231.82810924974797,-0.012499999
231.828157250516,-0.01
231.828205251284,-0.015
231.828253252052,-0.01
231.82830125282004,-0.0075
231.82834925358804,-0.01
231.82839725435605,-0.015
231.82844525512408,-0.01
231.82849325589208,-0.005
231.8285412566601,-0.005
231.8285892574281,-0.01
231.82863725819612,-0.012499999
231.82868525896413,-0.022499999
231.82873325973213,-0.0175
231.82878126050016,-0.012499999
231.82882926126817,-0.005
231.82887726203617,-0.0025
231.82892526280418,-0.0075
231.8289732635722,-0.01
231.8290212643402,-0.005
231.82906926510822,-0.0075
231.82911726587625,-0.01
231.82916526664425,0.0025
231.82921326741226,-0.01
231.8292612681803,0.0
231.8293092689483,0.0025
231.8293572697163,0.0
231.8294052704843,-0.005
231.82945327125233,0.0
231.82950127202034,-0.0025
231.82954927278834,0.0025
231.82959727355637,-0.0025
231.82964527432438,-0.005
231.82969327509238,0.0025
231.82974127586039,0.005
231.82978927662842,-0.0175
231.82983727739642,-0.01
231.82988527816443,-0.0025
231.82993327893246,-0.012499999
231.82998127970046,-0.015
231.83002928046847,-0.022499999
231.8300772812365,-0.02
231.8301252820045,-0.022499999
231.8301732827725,-0.0275
231.8302212835405,-0.0275
231.83026928430854,-0.022499999
231.83031728507655,-0.03
231.83036528584455,-0.0325
231.83041328661258,-0.037499998
231.8304612873806,-0.0475
231.8305092881486,-0.035
231.8305572889166,-0.0425
231.83060528968463,-0.0425
231.83065329045263,-0.044999998
231.83070129122063,-0.044999998
231.83074929198867,-0.055
231.83079729275667,-0.0425
231.83084529352467,-0.0425
231.8308932942927,-0.044999998
231.8309412950607,-0.049999997
231.83098929582872,-0.049999997
231.83103729659672,-0.035
231.83108529736475,-0.0425
231.83113329813276,-0.037499998
231.83118129890076,-0.044999998
231.8312292996688,-0.037499998
231.8312773004368,-0.022499999
231.8313253012048,-0.0275
231.8313733019728,-0.015
231.83142130274084,-0.015
231.83146930350884,-0.015
231.83151730427684,-0.0175
231.83156530504488,-0.015
231.83161330581288,-0.015
231.83166130658088,-0.015
231.83170930734892,-0.01
231.83175730811692,-0.015
231.83180530888492,-0.022499999
231.83185330965293,-0.022499999
231.83190131042096,-0.0325
231.83194931118896,-0.037499998
231.83199731195697,-0.0425
231.832045312725,-0.04
231.832093313493,-0.0425
231.832141314261,-0.04
231.832189315029,-0.044999998
231.83223731579704,-0.0525
231.83228531656505,-0.0525
231.83233331733305,-0.049999997
231.83238131810108,-0.0525
231.8324293188691,-0.057499997
231.8324773196371,-0.057499997
231.83252532040513,-0.06
231.83257332117313,-0.057499997
231.83262132194113,-0.0625
231.83266932270914,-0.055
231.83271732347717,-0.0625
231.83276532424517,-0.06
231.83281332501318,-0.06
231.8328613257812,-0.06
231.8329093265492,-0.0525
231.83295732731722,-0.06
231.83300532808522,-0.067499995
231.83305332885325,-0.06
231.83310132962126,-0.057499997
231.83314933038926,-0.057499997
231.8331973311573,-0.0625
231.8332453319253,-0.0625
231.8332933326933,-0.065
231.83334133346133,-0.06
231.83338933422934,-0.0475
231.83343733499734,-0.057499997
231.83348533576535,-0.0475
231.83353333653338,-0.044999998
231.83358133730138,-0.0425
231.8336293380694,-0.0325
231.83367733883742,-0.037499998
231.83372533960542,-0.035
231.83377334037343,-0.035
231.83382134114143,-0.024999999
231.83386934190946,-0.04
231.83391734267747,-0.0425
231.83396534344547,-0.037499998
231.8340133442135,-0.0275
231.8340613449815,-0.037499998
231.8341093457495,-0.037499998
231.83415734651754,-0.0325
231.83420534728555,-0.037499998
231.83425334805355,-0.037499998
231.83430134882155,-0.04
231.8343493495896,-0.035
231.8343973503576,-0.0275
231.8344453511256,-0.0175
231.83449335189363,-0.015
231.83454135266163,-0.012499999
231.83458935342964,-0.02
231.83463735419764,-0.015
231.83468535496567,-0.015
231.83473335573368,-0.012499999
231.83478135650168,-0.012499999
231.8348293572697,-0.02
231.83487735803772,-0.012499999
231.83492535880572,-0.0175
231.83497335957375,-0.005
231.83502136034176,-0.012499999
231.83506936110976,-0.0075
231.83511736187776,-0.015
231.8351653626458,-0.012499999
231.8352133634138,-0.005
231.8352613641818,-0.01
231.83530936494984,-0.0075
231.83535736571784,0.0025
231.83540536648584,-0.0025
231.83545336725385,0.01
231.83550136802188,0.0025
231.83554936878988,0.0025
231.8355973695579,0.01
231.83564537032592,0.0175
231.83569337109392,0.012499999
231.83574137186193,0.024999999
231.83578937262996,0.03
231.83583737339796,0.04
231.83588537416597,0.035
231.83593337493397,0.0425
231.835981375702,0.0525
231.83602937647,0.055
231.836077377238,0.04
231.83612537800605,0.037499998
231.83617337877405,0.04
231.83622137954205,0.035
231.83626938031006,0.044999998
231.8363173810781,0.0325
231.8363653818461,0.024999999
231.8364133826141,0.0175
231.83646138338213,0.03
231.83650938415013,0.0175
231.83655738491814,0.0075
231.83660538568617,0.005
231.83665338645417,0.005
231.83670138722218,-0.005
231.83674938799018,-0.005
231.8367973887582,-0.012499999
231.83684538952622,-0.022499999
231.83689339029422,-0.01
231.83694139106225,-0.0275
231.83698939183026,-0.005
231.83703739259826,-0.0175
231.83708539336627,-0.0175
231.8371333941343,-0.015
231.8371813949023,-0.005
231.8372293956703,-0.01
231.83727739643834,0.0
231.83732539720634,0.0075
231.83737339797435,0.01
231.83742139874238,0.0175
231.83746939951038,0.022499999
231.8375174002784,0.02
231.8375654010464,0.0175
231.83761340181442,0.02
231.83766140258243,0.024999999
231.83770940335043,0.024999999
231.83775740411846,0.0275
231.83780540488647,0.0175
231.83785340565447,0.022499999
231.83790140642247,0.03
231.8379494071905,0.024999999
231.8379974079585,0.02
231.83804540872652,0.01
231.83809340949455,0.005
231.83814141026255,0.0
231.83818941103056,0.0
231.8382374117986,-0.0075
231.8382854125666,-0.0075
231.8383334133346,-0.024999999
231.8383814141026,-0.024999999
231.83842941487063,-0.03
231.83847741563864,-0.024999999
231.83852541640664,-0.0325
231.83857341717467,-0.035
231.83862141794268,-0.037499998
231.83866941871068,-0.037499998
231.83871741947868,-0.037499998
231.83876542024672,-0.04
231.83881342101472,-0.0275
231.83886142178272,-0.035
231.83890942255076,-0.0325
231.83895742331876,-0.035
231.83900542408676,-0.03
231.8390534248548,-0.02
231.8391014256228,-0.037499998
231.8391494263908,-0.024999999
231.8391974271588,-0.035
231.83924542792684,-0.0325
231.83929342869484,-0.0325
231.83934142946285,-0.024999999
231.83938943023088,-0.0175
231.83943743099888,-0.03
231.8394854317669,-0.0275
231.8395334325349,-0.022499999
231.83958143330293,-0.0275
231.83962943407093,-0.0275
231.83967743483893,-0.03
231.83972543560697,-0.02
231.83977343637497,-0.015
231.83982143714297,-0.0175
231.839869437911,-0.02
231.839917438679,-0.012499999
231.839965439447,-0.0175
231.84001344021502,0.0
231.84006144098305,0.0025
231.84010944175105,0.0075
231.84015744251906,-0.0025
231.8402054432871,0.0025
231.8402534440551,0.005
231.8403014448231,0.02
231.8403494455911,0.0175
231.84039744635913,0.024999999
231.84044544712714,0.035
231.84049344789514,0.0425
231.84054144866317,0.037499998
231.84058944943118,0.044999998
231.84063745019918,0.049999997
231.84068545096721,0.044999998
231.84073345173522,0.044999998
231.84078145250322,0.044999998
231.84082945327123,0.055
231.84087745403926,0.06
231.84092545480726,0.06
231.84097345557527,0.067499995
231.8410214563433,0.06
231.8410694571113,0.067499995
231.8411174578793,0.0725
231.8411654586473,0.0775
231.84121345941534,0.074999996
231.84126146018335,0.0725
231.84130946095135,0.074999996
231.84135746171938,0.0875
231.8414054624874,0.082499996
231.8414534632554,0.067499995
231.84150146402342,0.0775
231.84154946479143,0.074999996
231.84159746555943,0.055
231.84164546632744,0.057499997
231.84169346709547,0.055
231.84174146786347,0.0475
231.84178946863148,0.0475
231.8418374693995,0.044999998
231.8418854701675,0.044999998
231.84193347093552,0.044999998
231.84198147170352,0.04
231.84202947247155,0.0325
231.84207747323956,0.02
231.84212547400756,0.0325
231.8421734747756,0.03
231.8422214755436,0.022499999
231.8422694763116,0.01
231.84231747707963,0.01
231.84236547784764,0.015
231.84241347861564,0.005
231.84246147938364,0.01
231.84250948015168,0.0075
231.84255748091968,-0.005
231.84260548168768,-0.0025
231.84265348245572,-0.0025
231.84270148322372,0.0
231.84274948399172,-0.02
231.84279748475973,-0.012499999
231.84284548552776,-0.0275
231.84289348629576,-0.03
231.84294148706377,-0.024999999
231.8429894878318,-0.0175
231.8430374885998,-0.022499999
231.8430854893678,-0.022499999
231.84313349013584,-0.0325
231.84318149090385,-0.035
231.84322949167185,-0.024999999
231.84327749243985,-0.02
231.84332549320789,-0.024999999
231.8433734939759,-0.02
231.8434214947439,-0.03
231.84346949551193,-0.037499998
231.84351749627993,-0.037499998
231.84356549704793,-0.02
231.84361349781594,-0.0325
231.84366149858397,-0.0325
231.84370949935197,-0.03
231.84375750011998,-0.0275
231.843805500888,-0.015
231.843853501656,-0.024999999
231.84390150242402,-0.02
231.84394950319205,-0.02
231.84399750396005,-0.0175
231.84404550472806,-0.0175
231.84409350549606,-0.022499999
231.8441415062641,-0.022499999
231.8441895070321,-0.024999999
231.8442375078001,-0.015
231.84428550856813,-0.02
231.84433350933614,-0.0275
231.84438151010414,-0.022499999
231.84442951087215,-0.0275
231.84447751164018,-0.0175
231.84452551240818,-0.024999999
231.8445735131762,-0.035
231.84462151394422,-0.03
231.84466951471222,-0.022499999
231.84471751548023,-0.022499999
231.84476551624826,-0.022499999
231.84481351701626,-0.0175
231.84486151778427,-0.022499999
231.84490951855227,-0.02
231.8449575193203,-0.012499999
231.8450055200883,-0.0175
231.8450535208563,-0.022499999
231.84510152162434,-0.015
231.84514952239235,-0.012499999
231.84519752316035,-0.02
231.84524552392836,-0.02
231.8452935246964,-0.02
231.8453415254644,-0.005
231.8453895262324,-0.015
231.84543752700043,-0.01
231.84548552776843,-0.012499999
231.84553352853644,-0.024999999
231.84558152930447,-0.015
231.84562953007247,-0.015
231.84567753084048,-0.0175
231.84572553160848,-0.02
231.8457735323765,-0.022499999
231.84582153314452,-0.0325
231.84586953391252,-0.02
231.84591753468055,-0.03
231.84596553544856,-0.0325
231.84601353621656,-0.0325
231.84606153698456,-0.024999999
231.8461095377526,-0.03
231.8461575385206,-0.035
231.8462055392886,-0.037499998
231.84625354005664,-0.0425
231.84630154082464,-0.044999998
231.84634954159264,-0.037499998
231.84639754236068,-0.044999998
231.84644554312868,-0.0475
231.84649354389668,-0.0425
231.8465415446647,-0.0425
231.84658954543272,-0.0425
231.84663754620072,-0.0525
231.84668554696873,-0.044999998
231.84673354773676,-0.049999997
231.84678154850477,-0.044999998
231.84682954927277,-0.035
231.84687755004077,-0.0475
231.8469255508088,-0.044999998
231.8469735515768,-0.03
231.8470215523448,-0.035
231.84706955311285,-0.037499998
231.84711755388085,-0.035
231.84716555464885,-0.035
231.8472135554169,-0.037499998
231.8472615561849,-0.0325
231.8473095569529,-0.035
231.8473575577209,-0.035
231.84740555848893,-0.04
231.84745355925693,-0.0325
231.84750156002494,-0.037499998
231.84754956079297,-0.0325
231.84759756156097,-0.04
231.84764556232898,-0.0425
231.84769356309698,-0.0425
231.84774156386501,-0.04
231.84778956463302,-0.037499998
231.84783756540102,-0.037499998
231.84788556616905,-0.0325
231.84793356693706,-0.037499998
231.84798156770506,-0.037499998
231.8480295684731,-0.037499998
231.8480775692411,-0.0425
231.8481255700091,-0.04
231.8481735707771,-0.0475
231.84822157154514,-0.0425
231.84826957231314,-0.037499998
231.84831757308115,-0.037499998
231.84836557384918,-0.035
231.84841357461718,-0.037499998
231.8484615753852,-0.03
231.8485095761532,-0.0325
231.84855757692122,-0.0325
231.84860557768923,-0.0325
231.84865357845723,-0.0325
231.84870157922526,-0.03
231.84874957999327,-0.0325
231.84879758076127,-0.035
231.8488455815293,-0.0325
231.8488935822973,-0.024999999
231.8489415830653,-0.0275
231.84898958383332,-0.03
231.84903758460135,-0.0325
231.84908558536935,-0.035
231.84913358613736,-0.0325
231.8491815869054,-0.02
231.8492295876734,-0.024999999
231.8492775884414,-0.03
231.8493255892094,-0.0275
231.84937358997743,-0.022499999
231.84942159074544,-0.022499999
231.84946959151344,-0.022499999
231.84951759228147,-0.022499999
231.84956559304948,-0.0275
231.84961359381748,-0.02
231.8496615945855,-0.0325
231.84970959535352,-0.022499999
231.84975759612152,-0.0175
231.84980559688952,-0.0275
231.84985359765756,-0.02
231.84990159842556,-0.022499999
231.84994959919356,-0.015
231.8499975999616,-0.0175
231.8500456007296,-0.015
231.8500936014976,-0.01
231.8501416022656,-0.01
231.85018960303364,-0.0075
231.85023760380165,-0.01
231.85028560456965,-0.015
231.85033360533768,-0.0175
231.85038160610569,-0.02
231.8504296068737,-0.0175
231.85047760764172,-0.0275
231.85052560840973,-0.024999999
231.85057360917773,-0.0175
231.85062160994573,-0.024999999
231.85066961071377,-0.0275
231.85071761148177,-0.0175
231.85076561224977,-0.02
231.8508136130178,-0.0175
231.8508616137858,-0.022499999
231.8509096145538,-0.015
231.85095761532182,-0.0075
231.85100561608985,-0.02
231.85105361685785,-0.015
231.85110161762586,-0.012499999
231.8511496183939,-0.012499999
231.8511976191619,-0.015
231.8512456199299,-0.02
231.85129362069793,-0.012499999
231.85134162146593,-0.0025
231.85138962223394,-0.012499999
231.85143762300194,-0.01
231.85148562376997,-0.012499999
231.85153362453798,-0.015
231.85158162530598,-0.02
231.85162962607401,-0.015
231.85167762684202,-0.0275
231.85172562761002,-0.02
231.85177362837803,-0.035
231.85182162914606,-0.022499999
231.85186962991406,-0.035
231.85191763068207,-0.04
231.8519656314501,-0.04
231.8520136322181,-0.03
231.8520616329861,-0.04
231.85210963375414,-0.04
231.85215763452214,-0.0475
231.85220563529015,-0.0425
231.85225363605815,-0.0475
231.85230163682618,-0.0425
231.8523496375942,-0.04
231.8523976383622,-0.044999998
231.85244563913022,-0.0475
231.85249363989823,-0.049999997
231.85254164066623,-0.04
231.85258964143424,-0.037499998
231.85263764220227,-0.0425
231.85268564297027,-0.0325
231.85273364373828,-0.044999998
231.8527816445063,-0.0425
231.8528296452743,-0.04
231.85287764604232,-0.0325
231.85292564681035,-0.049999997
231.85297364757835,-0.037499998
231.85302164834636,-0.044999998
231.85306964911436,-0.0425
231.8531176498824,-0.037499998
231.8531656506504,-0.0325
231.8532136514184,-0.037499998
231.85326165218643,-0.037499998
231.85330965295444,-0.0425
231.85335765372244,-0.037499998
231.85340565449044,-0.037499998
231.85345365525848,-0.035
231.85350165602648,-0.0425
231.85354965679448,-0.04
231.85359765756252,-0.03
231.85364565833052,-0.04
231.85369365909852,-0.0325
231.85374165986656,-0.04
231.85378966063456,-0.037499998
231.85383766140257,-0.04
231.85388566217057,-0.0425
231.8539336629386,-0.0425
231.8539816637066,-0.0425
231.8540296644746,-0.035
231.85407766524264,-0.0275
231.85412566601065,-0.0175
231.85417366677865,-0.022499999
231.85422166754665,-0.0275
231.85426966831469,-0.0325
231.8543176690827,-0.0275
231.8543656698507,-0.0325
231.85441367061873,-0.035
231.85446167138673,-0.0325
231.85450967215473,-0.024999999
231.85455767292277,-0.0275
231.85460567369077,-0.03
231.85465367445877,-0.0275
231.85470167522678,-0.03
231.8547496759948,-0.03
231.85479767676281,-0.0325
231.85484567753082,-0.0325
231.85489367829885,-0.0325
231.85494167906685,-0.03
231.85498967983486,-0.0275
231.85503768060286,-0.0275
231.8550856813709,-0.0175
231.8551336821389,-0.022499999
231.8551816829069,-0.02
231.85522968367493,-0.015
231.85527768444294,-0.012499999
231.85532568521094,-0.0175
231.85537368597898,-0.0175
231.85542168674698,-0.0175
231.85546968751498,-0.02
231.855517688283,-0.024999999
231.85556568905102,-0.02
231.85561368981902,-0.02
231.85566169058703,-0.0175
231.85570969135506,-0.022499999
231.85575769212306,-0.02
231.85580569289107,-0.024999999
231.85585369365907,-0.035
231.8559016944271,-0.0275
231.8559496951951,-0.024999999
231.8559976959631,-0.022499999
231.85604569673114,-0.0325
231.85609369749915,-0.035
231.85614169826715,-0.0325
231.85618969903518,-0.0275
231.8562376998032,-0.0275
231.8562857005712,-0.0275
231.8563337013392,-0.024999999
231.85638170210723,-0.03
231.85642970287523,-0.024999999
231.85647770364324,-0.0175
231.85652570441127,-0.024999999
231.85657370517927,-0.024999999
231.85662170594728,-0.03
231.85666970671528,-0.0275
231.8567177074833,-0.0325
231.85676570825132,-0.03
231.85681370901932,-0.0325
231.85686170978735,-0.037499998
231.85690971055536,-0.037499998
231.85695771132336,-0.0525
231.8570057120914,-0.049999997
231.8570537128594,-0.0625
231.8571017136274,-0.06
231.8571497143954,-0.065
231.85719771516344,-0.067499995
231.85724571593144,-0.07
231.85729371669944,-0.082499996
231.85734171746748,-0.0775
231.85738971823548,-0.074999996
231.85743771900349,-0.082499996
231.8574857197715,-0.0775
231.85753372053952,-0.0725
231.85758172130753,-0.0725
231.85762972207553,-0.0775
231.85767772284356,-0.0725
231.85772572361157,-0.067499995
231.85777372437957,-0.07
231.8578217251476,-0.0725
231.8578697259156,-0.07
231.8579177266836,-0.067499995
231.8579657274516,-0.074999996
231.85801372821965,-0.06
231.85806172898765,-0.067499995
231.85810972975565,-0.055
231.8581577305237,-0.0525
231.8582057312917,-0.06
231.8582537320597,-0.057499997
231.8583017328277,-0.0475
231.85834973359573,-0.044999998
231.85839773436373,-0.055
231.85844573513174,-0.0425
231.85849373589977,-0.044999998
231.85854173666777,-0.044999998
231.85858973743578,-0.04
231.8586377382038,-0.0425
231.85868573897181,-0.037499998
231.85873373973982,-0.04
231.85878174050782,-0.044999998
231.85882974127585,-0.04
231.85887774204386,-0.0425
231.85892574281186,-0.0475
231.8589737435799,-0.044999998
231.8590217443479,-0.037499998
231.8590697451159,-0.035
231.8591177458839,-0.037499998
231.85916574665194,-0.0425
231.85921374741994,-0.0475
231.85926174818795,-0.0325
231.85930974895598,-0.037499998
231.85935774972398,-0.035
231.859405750492,-0.04
231.85945375126002,-0.04
231.85950175202802,-0.0275
231.85954975279603,-0.024999999
231.85959775356403,-0.0275
231.85964575433206,-0.035
231.85969375510007,-0.03
231.85974175586807,-0.0325
231.8597897566361,-0.0275
231.8598377574041,-0.0325
231.8598857581721,-0.037499998
231.85993375894012,-0.0325
231.85998175970815,-0.044999998
231.86002976047615,-0.04
231.86007776124416,-0.044999998
231.8601257620122,-0.0525
231.8601737627802,-0.0525
231.8602217635482,-0.06
231.86026976431623,-0.074999996
231.86031776508423,-0.0775
231.86036576585224,-0.0875
231.86041376662024,-0.0875
231.86046176738827,-0.085
231.86050976815628,-0.0925
231.86055776892428,-0.095
231.8606057696923,-0.099999994
231.86065377046032,-0.095
231.86070177122832,-0.1025
231.86074977199632,-0.099999994
231.86079777276436,-0.089999996
231.86084577353236,-0.089999996
231.86089377430037,-0.0875
231.8609417750684,-0.0925
231.8609897758364,-0.0875
231.8610377766044,-0.0775
231.86108577737244,-0.0775
231.86113377814044,-0.065
231.86118177890845,-0.074999996
231.86122977967645,-0.0725
231.86127778044448,-0.074999996
231.86132578121249,-0.065
231.8613737819805,-0.067499995
231.86142178274852,-0.065
231.86146978351653,-0.0625
231.86151778428453,-0.049999997
231.86156578505253,-0.067499995
231.86161378582057,-0.065
231.86166178658857,-0.0625
231.86170978735657,-0.06
231.8617577881246,-0.055
231.8618057888926,-0.0525
231.86185378966061,-0.055
231.86190179042865,-0.049999997
231.86194979119665,-0.049999997
231.86199779196465,-0.049999997
231.86204579273266,-0.044999998
231.8620937935007,-0.0475
231.8621417942687,-0.0425
231.8621897950367,-0.044999998
231.86223779580473,-0.0425
231.86228579657273,-0.04
231.86233379734074,-0.037499998
231.86238179810874,-0.037499998
231.86242979887678,-0.0425
231.86247779964478,-0.04
231.86252580041278,-0.0475
231.86257380118082,-0.035
231.86262180194882,-0.04
231.86266980271682,-0.037499998
231.86271780348486,-0.037499998
231.86276580425286,-0.04
231.86281380502086,-0.035
231.86286180578887,-0.035
231.8629098065569,-0.0275
231.8629578073249,-0.0325
231.8630058080929,-0.0275
231.86305380886094,-0.0325
231.86310180962894,-0.024999999
231.86314981039695,-0.0275
231.86319781116495,-0.022499999
231.86324581193298,-0.02
231.863293812701,-0.03
231.863341813469,-0.0175
231.86338981423702,-0.022499999
231.86343781500503,-0.03
231.86348581577303,-0.0275
231.86353381654106,-0.03
231.86358181730907,-0.024999999
231.86362981807707,-0.035
231.86367781884508,-0.035
231.8637258196131,-0.037499998
231.8637738203811,-0.0425
231.86382182114912,-0.037499998
231.86386982191715,-0.0325
231.86391782268515,-0.035
231.86396582345316,-0.0325
231.86401382422116,-0.0325
231.8640618249892,-0.0325
231.8641098257572,-0.024999999
231.8641578265252,-0.024999999
231.86420582729323,-0.022499999
231.86425382806124,-0.0275
231.86430182882924,-0.012499999
231.86434982959727,-0.005
231.86439783036528,0.0
231.86444583113328,0.01
231.86449383190129,0.0175
231.86454183266932,0.015
231.86458983343732,0.02
231.86463783420533,0.024999999
231.86468583497336,0.035
231.86473383574136,0.03
231.86478183650937,0.03
231.86482983727737,0.037499998
231.8648778380454,0.037499998
231.8649258388134,0.03
231.8649738395814,0.03
231.86502184034944,0.03
231.86506984111745,0.0275
231.86511784188545,0.022499999
231.86516584265348,0.022499999
231.8652138434215,0.0175
231.8652618441895,0.005
231.8653098449575,0.0
231.86535784572553,-0.005
231.86540584649353,-0.0075
231.86545384726153,-0.024999999
231.86550184802957,-0.024999999
231.86554984879757,-0.04
231.86559784956557,-0.03
231.86564585033358,-0.0475
231.8656938511016,-0.044999998
231.86574185186961,-0.0475
231.86578985263762,-0.0525
231.86583785340565,-0.055
231.86588585417365,-0.0625
231.86593385494166,-0.065
231.8659818557097,-0.0625
231.8660298564777,-0.0625
231.8660778572457,-0.065
231.8661258580137,-0.0625
231.86617385878174,-0.06
231.86622185954974,-0.067499995
231.86626986031774,-0.065
231.86631786108578,-0.065
231.86636586185378,-0.06
231.86641386262178,-0.0625
231.8664618633898,-0.0525
231.86650986415782,-0.049999997
231.86655786492582,-0.057499997
231.86660586569383,-0.055
231.86665386646186,-0.049999997
231.86670186722986,-0.055
231.86674986799787,-0.055
231.8667978687659,-0.0475
231.8668458695339,-0.049999997
231.8668938703019,-0.0475
231.8669418710699,-0.0525
231.86698987183794,-0.055
231.86703787260595,-0.049999997
231.86708587337395,-0.0525
231.86713387414198,-0.055
231.86718187491,-0.0625
231.867229875678,-0.055
231.867277876446,-0.055
231.86732587721403,-0.0475
231.86737387798203,-0.065
231.86742187875004,-0.055
231.86746987951807,-0.057499997
231.86751788028607,-0.057499997
231.86756588105408,-0.065
231.8676138818221,-0.057499997
231.8676618825901,-0.057499997
231.86770988335812,-0.06
231.86775788412612,-0.06
231.86780588489415,-0.0525
231.86785388566216,-0.049999997
231.86790188643016,-0.055
231.8679498871982,-0.057499997
231.8679978879662,-0.057499997
231.8680458887342,-0.065
231.8680938895022,-0.057499997
231.86814189027024,-0.055
231.86818989103824,-0.0625
231.86823789180625,-0.057499997
231.86828589257428,-0.055
231.86833389334228,-0.049999997
231.86838189411029,-0.0525
231.8684298948783,-0.0475
231.86847789564632,-0.0525
231.86852589641433,-0.0475
231.86857389718233,-0.049999997
231.86862189795036,-0.037499998
231.86866989871837,-0.044999998
231.86871789948637,-0.04
231.8687659002544,-0.0425
231.8688139010224,-0.044999998
231.8688619017904,-0.0475
231.8689099025584,-0.0475
231.86895790332645,-0.0425
231.86900590409445,-0.044999998
231.86905390486245,-0.04
231.8691019056305,-0.044999998
231.8691499063985,-0.037499998
231.8691979071665,-0.037499998
231.8692459079345,-0.037499998
231.86929390870253,-0.0425
231.86934190947053,-0.0425
231.86938991023854,-0.044999998
231.86943791100657,-0.04
231.86948591177458,-0.0425
231.86953391254258,-0.0425
231.8695819133106,-0.044999998
231.86962991407862,-0.0475
231.86967791484662,-0.0475
231.86972591561462,-0.057499997
231.86977391638266,-0.049999997
231.86982191715066,-0.055
231.86986991791866,-0.049999997
231.8699179186867,-0.0525
231.8699659194547,-0.0475
231.8700139202227,-0.044999998
231.8700619209907,-0.0425
231.87010992175874,-0.0425
231.87015792252674,-0.035
231.87020592329475,-0.024999999
231.87025392406278,-0.03
231.87030192483078,-0.03
231.8703499255988,-0.0275
231.87039792636682,-0.02
231.87044592713482,-0.024999999
231.87049392790283,-0.03
231.87054192867083,-0.022499999
231.87058992943886,-0.02
231.87063793020687,-0.0325
231.87068593097487,-0.024999999
231.8707339317429,-0.03
231.8707819325109,-0.04
231.8708299332789,-0.035
231.87087793404692,-0.037499998
231.87092593481495,-0.037499998
231.87097393558295,-0.04
231.87102193635096,-0.035
231.871069937119,-0.03
231.871117937887,-0.04
231.871165938655,-0.0325
231.87121393942303,-0.03
231.87126194019103,-0.0325
231.87130994095904,-0.035
231.87135794172704,-0.04
231.87140594249507,-0.035
231.87145394326308,-0.0325
231.87150194403108,-0.022499999
231.8715499447991,-0.0275
231.87159794556712,-0.03
231.87164594633512,-0.03
231.87169394710313,-0.037499998
231.87174194787116,-0.0425
231.87178994863916,-0.04
231.87183794940717,-0.04
231.8718859501752,-0.044999998
231.8719339509432,-0.0475
231.8719819517112,-0.049999997
231.87202995247924,-0.049999997
231.87207795324724,-0.037499998
231.87212595401525,-0.03
231.87217395478325,-0.0425
231.87222195555128,-0.0425
231.8722699563193,-0.044999998
231.8723179570873,-0.0475
231.87236595785532,-0.0425
231.87241395862333,-0.0425
231.87246195939133,-0.0425
231.87250996015933,-0.055
231.87255796092737,-0.0475
231.87260596169537,-0.0525
231.87265396246337,-0.0475
231.8727019632314,-0.049999997
231.8727499639994,-0.049999997
231.87279796476741,-0.0475
231.87284596553545,-0.0425
231.87289396630345,-0.055
231.87294196707145,-0.044999998
231.87298996783946,-0.037499998
231.8730379686075,-0.049999997
231.8730859693755,-0.035
231.8731339701435,-0.035
231.87318197091153,-0.035
231.87322997167954,-0.037499998
231.87327797244754,-0.04
231.87332597321554,-0.035
231.87337397398358,-0.037499998
231.87342197475158,-0.037499998
231.87346997551958,-0.04
231.87351797628762,-0.03
231.87356597705562,-0.024999999
231.87361397782362,-0.024999999
231.87366197859166,-0.0175
231.87370997935966,-0.02
231.87375798012766,-0.024999999
231.87380598089567,-0.01
231.8738539816637,-0.0175
231.8739019824317,0.0025
231.8739499831997,0.0075
231.87399798396774,0.0025
231.87404598473574,0.005
231.87409398550375,0.01
231.87414198627175,0.01
231.87418998703978,0.02
231.8742379878078,0.024999999
231.8742859885758,0.024999999
231.87433398934382,0.0275
231.87438199011183,0.0325
231.87442999087983,0.035
231.87447799164786,0.03
231.87452599241587,0.0475
231.87457399318387,0.0475
231.87462199395188,0.055
231.8746699947199,0.06
231.8747179954879,0.0525
231.87476599625592,0.067499995
231.87481399702395,0.0775
231.87486199779195,0.082499996
231.87490999855996,0.08
231.87495799932796,0.074999996
231.875006000096,0.0775
231.875054000864,0.067499995
231.875102001632,0.0625
231.87515000240003,0.06
231.87519800316804,0.055
231.87524600393604,0.057499997
231.87529400470407,0.0475
231.87534200547208,0.035
231.87539000624008,0.0325
231.87543800700809,0.0325
231.87548600777612,0.022499999
231.87553400854412,0.022499999
231.87558200931213,0.01
231.87563001008016,0.022499999
231.87567801084816,0.012499999
231.87572601161617,0.0175
231.87577401238417,0.015
231.8758220131522,0.005
231.8758700139202,0.0
231.8759180146882,-0.0025
231.87596601545624,0.005
231.87601401622425,-0.005
231.87606201699225,-0.0025
231.87611001776028,-0.005
231.8761580185283,-0.005
231.8762060192963,0.0025
231.8762540200643,0.0075
231.87630202083233,0.0
231.87635002160033,0.0025
231.87639802236833,0.005
231.87644602313637,0.0075
231.87649402390437,0.012499999
231.87654202467237,0.0025
231.87659002544038,0.015
231.8766380262084,0.01
231.87668602697642,0.0075
231.87673402774442,0.01
231.87678202851245,0.01
231.87683002928046,0.0
231.87687803004846,0.01
231.8769260308165,0.0025
231.8769740315845,0.0
231.8770220323525,0.0075
231.8770700331205,-0.0025
231.87711803388854,-0.0025
231.87716603465654,-0.0025
231.87721403542454,0.0025
231.87726203619258,0.01
231.87731003696058,0.0075
231.87735803772858,0.0025
231.8774060384966,0.01
231.87745403926462,0.0075
231.87750204003262,0.005
231.87755004080063,0.01
231.87759804156866,0.005
231.87764604233666,0.005
231.87769404310467,0.012499999
231.8777420438727,0.012499999
231.8777900446407,0.012499999
231.8778380454087,0.012499999
231.8778860461767,0.0025
231.87793404694474,0.005
231.87798204771275,-0.01
231.87803004848075,-0.01
231.87807804924878,-0.012499999
231.8781260500168,-0.012499999
231.8781740507848,-0.02
231.8782220515528,-0.022499999
231.87827005232083,-0.0275
231.87831805308883,-0.035
231.87836605385684,-0.0325
231.87841405462487,-0.0425
231.87846205539287,-0.04
231.87851005616088,-0.049999997
231.8785580569289,-0.057499997
231.8786060576969,-0.06
231.87865405846492,-0.0625
231.87870205923292,-0.06
231.87875006000095,-0.067499995
231.87879806076896,-0.06
231.87884606153696,-0.0525
231.878894062305,-0.057499997
231.878942063073,-0.065
231.878990063841,-0.0525
231.879038064609,-0.0425
231.87908606537704,-0.0325
231.87913406614504,-0.0475
231.87918206691305,-0.035
231.87923006768108,-0.024999999
231.87927806844908,-0.024999999
231.8793260692171,-0.022499999
231.87937406998512,-0.024999999
231.87942207075312,-0.02
231.87947007152113,-0.02
231.87951807228913,-0.015
231.87956607305716,-0.0175
231.87961407382517,-0.02
231.87966207459317,-0.01
231.8797100753612,-0.01
231.8797580761292,-0.012499999
231.8798060768972,-0.015
231.87985407766521,-0.012499999
231.87990207843325,-0.012499999
231.87995007920125,-0.005
231.87999807996925,-0.01
231.8800460807373,-0.012499999
231.8800940815053,-0.015
231.8801420822733,-0.0075
231.88019008304133,-0.01
231.88023808380933,-0.015
231.88028608457734,-0.015
231.88033408534534,-0.02
231.88038208611337,-0.02
231.88043008688138,-0.015
231.88047808764938,-0.015
231.8805260884174,-0.0175
231.88057408918542,-0.0175
231.88062208995342,-0.022499999
231.88067009072142,-0.0175
231.88071809148946,-0.012499999
231.88076609225746,-0.0175
231.88081409302546,-0.022499999
231.8808620937935,-0.015
231.8809100945615,-0.022499999
231.8809580953295,-0.012499999
231.88100609609754,-0.022499999
231.88105409686554,-0.024999999
231.88110209763354,-0.022499999
231.88115009840155,-0.012499999
231.88119809916958,-0.02
231.88124609993758,-0.022499999
231.8812941007056,-0.0175
231.88134210147362,-0.022499999
231.88139010224162,-0.022499999
231.88143810300963,-0.012499999
231.88148610377763,-0.01
231.88153410454566,-0.012499999
231.88158210531367,-0.01
231.88163010608167,-0.015
231.8816781068497,-0.01
231.8817261076177,-0.0075
231.8817741083857,-0.0075
231.88182210915375,-0.01
231.88187010992175,-0.0075
231.88191811068975,-0.0025
231.88196611145776,-0.015
231.8820141122258,-0.005
231.8820621129938,-0.005
231.8821101137618,-0.01
231.88215811452983,-0.012499999
231.88220611529783,-0.0075
231.88225411606584,-0.012499999
231.88230211683384,-0.012499999
231.88235011760187,-0.02
231.88239811836988,-0.0075
231.88244611913788,-0.015
231.8824941199059,-0.0175
231.88254212067392,-0.015
231.88259012144192,-0.022499999
231.88263812220995,-0.0175
231.88268612297796,-0.01
231.88273412374596,-0.022499999
231.88278212451397,-0.0275
231.882830125282,-0.02
231.88287812605,-0.022499999
231.882926126818,-0.012499999
231.88297412758604,-0.0175
231.88302212835404,-0.0175
231.88307012912205,-0.024999999
231.88311812989005,-0.02
231.88316613065808,-0.02
231.8832141314261,-0.024999999
231.8832621321941,-0.024999999
231.88331013296212,-0.015
231.88335813373013,-0.0175
231.88340613449813,-0.012499999
231.88345413526616,-0.0175
231.88350213603417,-0.015
231.88355013680217,-0.0075
231.88359813757017,-0.01
231.8836461383382,-0.012499999
231.8836941391062,-0.012499999
231.88374213987422,-0.0075
231.88379014064225,0.005
231.88383814141025,0.0075
231.88388614217826,0.01
231.88393414294626,0.0075
231.8839821437143,0.005
231.8840301444823,0.022499999
231.8840781452503,0.0075
231.88412614601833,0.0025
231.88417414678634,0.005
231.88422214755434,0.005
231.88427014832237,-0.0025
231.88431814909038,-0.015
231.88436614985838,-0.01
231.88441415062638,-0.015
231.88446215139442,-0.0175
231.88451015216242,-0.0175
231.88455815293042,-0.0275
231.88460615369846,-0.0325
231.88465415446646,-0.0275
231.88470215523446,-0.0325
231.88475015600247,-0.035
231.8847981567705,-0.037499998
231.8848461575385,-0.04
231.8848941583065,-0.037499998
231.88494215907454,-0.03
231.88499015984254,-0.035
231.88503816061055,-0.035
231.88508616137858,-0.0275
231.88513416214658,-0.022499999
231.8851821629146,-0.0175
231.8852301636826,-0.015
231.88527816445063,-0.015
231.88532616521863,0.0025
231.88537416598663,-0.005
231.88542216675467,-0.01
231.88547016752267,0.0
231.88551816829067,0.0
231.88556616905868,-0.0025
231.8856141698267,0.0075
231.8856621705947,-0.0025
231.88571017136272,0.0025
231.88575817213075,-0.005
231.88580617289875,0.012499999
231.88585417366676,0.0075
231.8859021744348,0.01
231.8859501752028,0.01
231.8859981759708,0.0175
231.8860461767388,0.0175
231.88609417750683,0.0175
231.88614217827484,0.012499999
231.88619017904284,0.0075
231.88623817981087,0.012499999
231.88628618057888,0.0175
231.88633418134688,0.015
231.8863821821149,0.01
231.88643018288292,0.01
231.88647818365092,0.005
231.88652618441893,0.01
231.88657418518696,0.0025
231.88662218595496,0.0025
231.88667018672297,-0.005
231.886718187491,-0.0025
231.886766188259,-0.0025
231.886814189027,-0.005
231.886862189795,-0.005
231.88691019056304,-0.0025
231.88695819133105,-0.0025
231.88700619209905,-0.012499999
231.88705419286708,-0.0175
231.8871021936351,-0.015
231.8871501944031,-0.0175
231.8871981951711,-0.0175
231.88724619593913,-0.02
231.88729419670713,-0.024999999
231.88734219747514,-0.0275
231.88739019824317,-0.022499999
231.88743819901117,-0.0275
231.88748619977918,-0.02
231.8875342005472,-0.02
231.8875822013152,-0.0275
231.88763020208322,-0.037499998
231.88767820285122,-0.035
231.88772620361925,-0.03
231.88777420438726,-0.03
231.88782220515526,-0.0275
231.8878702059233,-0.0325
231.8879182066913,-0.03
231.8879662074593,-0.0275
231.8880142082273,-0.0325
231.88806220899534,-0.0275
231.88811020976334,-0.0325
231.88815821053134,-0.0275
231.88820621129938,-0.0325
231.88825421206738,-0.0275
231.88830221283538,-0.024999999
231.88835021360342,-0.0275
231.88839821437142,-0.022499999
231.88844621513942,-0.01
231.88849421590743,-0.02
231.88854221667546,-0.012499999
231.88859021744346,-0.02
231.88863821821147,-0.0175
231.8886862189795,-0.01
231.8887342197475,0.0
231.8887822205155,-0.01
231.8888302212835,0.0
231.88887822205155,0.0025
231.88892622281955,0.0
231.88897422358755,-0.0025
231.88902222435559,0.0
231.8890702251236,-0.0025
231.8891182258916,-0.0025
231.88916622665963,0.012499999
231.88921422742763,-0.005
231.88926222819563,0.01
231.88931022896364,0.0075
231.88935822973167,0.0025
231.88940623049967,0.01
231.88945423126768,0.005
231.8895022320357,0.012499999
231.8895502328037,0.0175
231.88959823357172,0.015
231.88964623433972,0.005
231.88969423510775,0.015
231.88974223587576,0.02
231.88979023664376,0.015
231.8898382374118,0.022499999
231.8898862381798,0.02
231.8899342389478,0.015
231.88998223971583,0.0075
231.89003024048384,0.01
231.89007824125184,0.01
231.89012624201985,0.01
231.89017424278788,0.0025
231.89022224355588,0.015
231.8902702443239,0.0025
231.89031824509192,-0.005
231.89036624585992,-0.0025
231.89041424662793,-0.0075
231.89046224739593,-0.012499999
231.89051024816396,-0.0175
231.89055824893197,-0.022499999
231.89060624969997,-0.02
231.890654250468,-0.022499999
231.890702251236,-0.0275
231.890750252004,-0.024999999
231.89079825277204,-0.0275
231.89084625354005,-0.024999999
231.89089425430805,-0.015
231.89094225507606,-0.015
231.8909902558441,-0.005
231.8910382566121,0.0025
231.8910862573801,0.0
231.89113425814813,0.0
231.89118225891613,0.0075
231.89123025968414,0.02
231.89127826045214,0.0175
231.89132626122017,0.0175
231.89137426198818,0.02
231.89142226275618,0.024999999
231.8914702635242,0.0175
231.89151826429222,0.01
231.89156626506022,0.012499999
231.89161426582825,0.012499999
231.89166226659626,0.0175
231.89171026736426,0.0075
231.89175826813226,0.0175
231.8918062689003,0.015
231.8918542696683,0.01
231.8919022704363,0.012499999
231.89195027120434,0.0075
231.89199827197234,0.015
231.89204627274034,0.005
231.89209427350835,0.0
231.89214227427638,0.005
231.89219027504438,0.005
231.8922382758124,0.0075
231.89228627658042,-0.005
231.89233427734843,0.0
231.89238227811643,-0.005
231.89243027888446,-0.0025
231.89247827965247,0.01
231.89252628042047,0.005
231.89257428118847,0.0
231.8926222819565,0.0025
231.8926702827245,0.005
231.8927182834925,0.0
231.89276628426055,-0.0025
231.89281428502855,0.0
231.89286228579655,0.005
231.89291028656456,0.012499999
231.8929582873326,0.02
231.8930062881006,0.012499999
231.8930542888686,0.012499999
231.89310228963663,0.0175
231.89315029040463,0.0175
231.89319829117264,0.0275
231.89324629194067,0.022499999
231.89329429270867,0.02
231.89334229347668,0.024999999
231.89339029424468,0.022499999
231.89343829501271,0.0175
231.89348629578072,0.02
231.89353429654872,0.022499999
231.89358229731675,0.02
231.89363029808476,0.0175
231.89367829885276,0.022499999
231.89372629962077,0.02
231.8937743003888,0.022499999
231.8938223011568,0.024999999
231.8938703019248,0.02
231.89391830269284,0.015
231.89396630346084,0.015
231.89401430422885,0.015
231.89406230499688,0.024999999
231.89411030576488,0.0175
231.8941583065329,0.022499999
231.8942063073009,0.02
231.89425430806892,0.02
231.89430230883693,0.0175
231.89435030960493,0.022499999
231.89439831037296,0.02
231.89444631114097,0.02
231.89449431190897,0.0275
231.89454231267698,0.0275
231.894590313445,0.03
231.894638314213,0.022499999
231.89468631498102,0.024999999
231.89473431574905,0.0275
231.89478231651705,0.0175
231.89483031728506,0.024999999
231.8948783180531,0.0175
231.8949263188211,0.0175
231.8949743195891,0.012499999
231.8950223203571,0.01
231.89507032112513,0.005
231.89511832189314,-0.0025
231.89516632266114,-0.0075
231.89521432342917,0.0
231.89526232419718,0.01
231.89531032496518,0.0025
231.89535832573318,-0.005
231.89540632650122,0.005
231.89545432726922,0.005
231.89550232803722,0.0025
231.89555032880526,0.0
231.89559832957326,0.0
231.89564633034126,0.0
231.8956943311093,0.0075
231.8957423318773,0.005
231.8957903326453,0.005
231.8958383334133,0.01
231.89588633418134,-0.0025
231.89593433494935,0.012499999
231.89598233571735,0.012499999
231.89603033648538,0.02
231.89607833725339,0.012499999
231.8961263380214,0.02
231.8961743387894,0.0175
231.89622233955743,0.0175
231.89627034032543,0.02
231.89631834109343,0.0175
231.89636634186147,0.02
231.89641434262947,0.015
231.89646234339747,0.02
231.8965103441655,0.024999999
231.8965583449335,0.02
231.8966063457015,0.0325
231.89665434646952,0.024999999
231.89670234723755,0.03
231.89675034800555,0.03
231.89679834877356,0.035
231.8968463495416,0.04
231.8968943503096,0.049999997
231.8969423510776,0.04
231.8969903518456,0.035
231.89703835261363,0.0475
231.89708635338164,0.0525
231.89713435414964,0.044999998
231.89718235491767,0.0525
231.89723035568568,0.0525
231.89727835645368,0.04
231.89732635722171,0.044999998
231.89737435798972,0.0425
231.89742235875772,0.0325
231.89747035952573,0.02
231.89751836029376,0.02
231.89756636106176,0.015
231.89761436182977,0.01
231.8976623625978,0.0025
231.8977103633658,0.0025
231.8977583641338,0.0
231.8978063649018,-0.012499999
231.89785436566984,-0.0075
231.89790236643785,-0.0075
231.89795036720585,-0.0175
231.89799836797388,-0.015
231.8980463687419,-0.0175
231.8980943695099,-0.015
231.89814237027792,-0.02
231.89819037104593,-0.02
231.89823837181393,-0.024999999
231.89828637258194,-0.02
231.89833437334997,-0.02
231.89838237411797,-0.0175
231.89843037488598,-0.015
231.898478375654,-0.015
231.898526376422,-0.0175
231.89857437719002,-0.01
231.89862237795802,-0.012499999
231.89867037872605,-0.012499999
231.89871837949406,-0.01
231.89876638026206,-0.0075
231.8988143810301,-0.0075
231.8988623817981,-0.01
231.8989103825661,-0.005
231.89895838333413,-0.0025
231.89900638410214,-0.0025
231.89905438487014,-0.0075
231.89910238563814,-0.0025
231.89915038640618,-0.01
231.89919838717418,-0.0075
231.89924638794218,-0.0025
231.89929438871022,-0.01
231.89934238947822,-0.012499999
231.89939039024623,-0.015
231.89943839101423,-0.015
231.89948639178226,-0.02
231.89953439255027,-0.022499999
231.89958239331827,-0.0275
231.8996303940863,-0.0175
231.8996783948543,-0.0175
231.8997263956223,-0.03
231.89977439639034,-0.0175
231.89982239715835,-0.022499999
231.89987039792635,-0.024999999
231.89991839869435,-0.0275
231.8999663994624,-0.022499999
231.9000144002304,-0.03
231.9000624009984,-0.0325
231.90011040176643,-0.024999999
231.90015840253443,-0.02
231.90020640330243,-0.024999999
231.90025440407044,-0.022499999
231.90030240483847,-0.015
231.90035040560647,-0.015
231.90039840637448,-0.0175
231.9004464071425,-0.005
231.90049440791051,0.0
231.90054240867852,0.0
231.90059040944655,-0.005
231.90063841021455,0.0175
231.90068641098256,0.0075
231.90073441175056,0.022499999
231.9007824125186,0.0175
231.9008304132866,0.024999999
231.9008784140546,0.022499999
231.90092641482264,0.03
231.90097441559064,0.022499999
231.90102241635864,0.03
231.90107041712665,0.03
231.90111841789468,0.0275
231.90116641866268,0.0275
231.9012144194307,0.022499999
231.90126242019872,0.024999999
231.90131042096672,0.0275
231.90135842173473,0.024999999
231.90140642250276,0.03
231.90145442327076,0.03
231.90150242403877,0.015
231.90155042480677,0.02
231.9015984255748,0.0275
231.9016464263428,0.01
231.9016944271108,0.02
231.90174242787884,0.0075
231.90179042864685,0.0175
231.90183842941485,0.01
231.90188643018286,0.015
231.9019344309509,0.012499999
231.9019824317189,0.01
231.9020304324869,0.015
231.90207843325493,0.0075
231.90212643402293,0.01
231.90217443479094,0.012499999
231.90222243555897,0.0175
231.90227043632697,0.02
231.90231843709498,0.03
231.90236643786298,0.015
231.902414438631,0.024999999
231.90246243939902,0.024999999
231.90251044016702,0.0325
231.90255844093505,0.0275
231.90260644170306,0.037499998
231.90265444247106,0.0425
231.90270244323906,0.0475
231.9027504440071,0.04
231.9027984447751,0.022499999
231.9028464455431,0.035
231.90289444631114,0.03
231.90294244707914,0.04
231.90299044784715,0.0425
231.90303844861518,0.0425
231.90308644938318,0.037499998
231.90313445015119,0.035
231.9031824509192,0.04
231.90323045168722,0.0425
231.90327845245523,0.035
231.90332645322323,0.04
231.90337445399126,0.04
231.90342245475927,0.035
231.90347045552727,0.037499998
231.90351845629527,0.0325
231.9035664570633,0.0425
231.9036144578313,0.0425
231.9036624585993,0.0425
231.90371045936735,0.037499998
231.90375846013535,0.04
231.90380646090335,0.035
231.9038544616714,0.035
231.9039024624394,0.035
231.9039504632074,0.04
231.9039984639754,0.0425
231.90404646474343,0.0425
231.90409446551143,0.035
231.90414246627944,0.037499998
231.90419046704747,0.0425
231.90423846781547,0.04
231.90428646858348,0.0475
231.90433446935148,0.0425
231.90438247011951,0.044999998
231.90443047088752,0.0525
231.90447847165552,0.0475
231.90452647242356,0.06
231.90457447319156,0.065
231.90462247395956,0.07
231.9046704747276,0.067499995
231.9047184754956,0.07
231.9047664762636,0.067499995
231.9048144770316,0.08
231.90486247779964,0.067499995
231.90491047856764,0.067499995
231.90495847933565,0.06
231.90500648010368,0.067499995
231.90505448087168,0.074999996
231.9051024816397,0.065
231.9051504824077,0.065
231.90519848317572,0.067499995
231.90524648394373,0.065
231.90529448471173,0.0725
231.90534248547976,0.0725
231.90539048624777,0.08
231.90543848701577,0.0775
231.9054864877838,0.082499996
231.9055344885518,0.08
231.9055824893198,0.0875
231.90563049008782,0.089999996
231.90567849085585,0.095
231.90572649162385,0.0925
231.90577449239186,0.095
231.9058224931599,0.099999994
231.9058704939279,0.0925
231.9059184946959,0.0875
231.9059664954639,0.0875
231.90601449623193,0.0875
231.90606249699994,0.082499996
231.90611049776794,0.082499996
231.90615849853597,0.0775
231.90620649930398,0.082499996
231.90625450007198,0.0775
231.90630250084,0.067499995
231.90635050160802,0.07
231.90639850237602,0.0625
231.90644650314402,0.0625
231.90649450391206,0.06
231.90654250468006,0.065
231.90659050544807,0.06
231.9066385062161,0.057499997
231.9066865069841,0.065
231.9067345077521,0.07
231.9067825085201,0.065
231.90683050928814,0.06
231.90687851005615,0.06
231.90692651082415,0.0525
231.90697451159218,0.0625
231.9070225123602,0.055
231.9070705131282,0.06
231.90711851389622,0.0475
231.90716651466423,0.055
231.90721451543223,0.0525
231.90726251620023,0.055
231.90731051696827,0.057499997
231.90735851773627,0.06
231.90740651850427,0.065
231.9074545192723,0.0625
231.9075025200403,0.06
231.90755052080831,0.0625
231.90759852157632,0.0625
231.90764652234435,0.067499995
231.90769452311235,0.067499995
231.90774252388036,0.067499995
231.9077905246484,0.07
231.9078385254164,0.074999996
231.9078865261844,0.0725
231.90793452695243,0.074999996
231.90798252772043,0.06
231.90803052848844,0.06
231.90807852925644,0.0625
231.90812653002448,0.0525
231.90817453079248,0.055
231.90822253156048,0.055
231.90827053232852,0.055
231.90831853309652,0.0625
231.90836653386452,0.055
231.90841453463253,0.044999998
231.90846253540056,0.049999997
231.90851053616856,0.0475
231.90855853693657,0.037499998
231.9086065377046,0.0425
231.9086545384726,0.0425
231.9087025392406,0.044999998
231.90875054000864,0.044999998
231.90879854077664,0.0425
231.90884654154465,0.04
231.90889454231265,0.044999998
231.90894254308068,0.044999998
231.9089905438487,0.044999998
231.9090385446167,0.0475
231.90908654538472,0.0525
231.90913454615273,0.044999998
231.90918254692073,0.0475
231.90923054768874,0.0425
231.90927854845677,0.049999997
231.90932654922477,0.044999998
231.90937454999278,0.037499998
231.9094225507608,0.0425
231.9094705515288,0.04
231.90951855229682,0.0475
231.90956655306485,0.044999998
231.90961455383285,0.037499998
231.90966255460086,0.0525
231.90971055536886,0.0475
231.9097585561369,0.0525
231.9098065569049,0.049999997
231.9098545576729,0.0525
231.90990255844093,0.0525
231.90995055920894,0.049999997
231.90999855997694,0.0475
231.91004656074495,0.035
231.91009456151298,0.035
231.91014256228098,0.0325
231.91019056304899,0.022499999
231.91023856381702,0.024999999
231.91028656458502,0.015
231.91033456535303,0.01
231.91038256612106,0.02
231.91043056688906,0.012499999
231.91047856765707,0.0025
231.91052656842507,0.005
231.9105745691931,0.005
231.9106225699611,0.0075
231.9106705707291,0.0025
231.91071857149714,0.0
231.91076657226515,0.005
231.91081457303315,0.0075
231.91086257380115,0.015
231.9109105745692,0.01
231.9109585753372,0.01
231.9110065761052,0.012499999
231.91105457687323,0.01
231.91110257764123,0.0175
231.91115057840923,0.022499999
231.91119857917727,0.022499999
231.91124657994527,0.024999999
231.91129458071327,0.0325
231.91134258148128,0.0275
231.9113905822493,0.0275
231.91143858301731,0.024999999
231.91148658378532,0.037499998
231.91153458455335,0.0325
231.91158258532136,0.037499998
231.91163058608936,0.0325
231.91167858685736,0.03
231.9117265876254,0.0325
231.9117745883934,0.0325
231.9118225891614,0.04
231.91187058992944,0.037499998
231.91191859069744,0.035
231.91196659146544,0.0325
231.91201459223345,0.0425
231.91206259300148,0.0325
231.91211059376948,0.037499998
231.9121585945375,0.0325
231.91220659530552,0.03
231.91225459607352,0.024999999
231.91230259684153,0.02
231.91235059760956,0.02
231.91239859837756,0.01
231.91244659914557,0.0175
231.91249459991357,0.02
231.9125426006816,0.022499999
231.9125906014496,0.022499999
231.9126386022176,0.0175
231.91268660298564,0.0275
231.91273460375365,0.015
231.91278260452165,0.022499999
231.91283060528966,0.0275
231.9128786060577,0.0275
231.9129266068257,0.035
231.9129746075937,0.035
231.91302260836173,0.037499998
231.91307060912973,0.04
231.91311860989774,0.044999998
231.91316661066577,0.0475
231.91321461143377,0.049999997
231.91326261220178,0.049999997
231.91331061296978,0.0525
231.9133586137378,0.0625
231.91340661450582,0.065
231.91345461527382,0.057499997
231.91350261604185,0.065
231.91355061680986,0.06
231.91359861757786,0.067499995
231.91364661834587,0.07
231.9136946191139,0.055
231.9137426198819,0.06
231.9137906206499,0.0625
231.91383862141794,0.055
231.91388662218594,0.0625
231.91393462295395,0.06
231.91398262372198,0.06
231.91403062448998,0.055
231.91407862525799,0.055
231.914126626026,0.057499997
231.91417462679402,0.067499995
231.91422262756203,0.06
231.91427062833003,0.06
231.91431862909806,0.049999997
231.91436662986607,0.0475
231.91441463063407,0.0475
231.91446263140207,0.0475
231.9145106321701,0.0475
231.9145586329381,0.044999998
231.91460663370611,0.044999998
231.91465463447415,0.0475
231.91470263524215,0.0425
231.91475063601015,0.037499998
231.9147986367782,0.04
231.9148466375462,0.044999998
231.9148946383142,0.0475
231.9149426390822,0.0425
231.91499063985023,0.04
231.91503864061823,0.04
231.91508664138624,0.0475
231.91513464215427,0.035
231.91518264292228,0.04
231.91523064369028,0.0525
231.91527864445828,0.0475
231.91532664522632,0.035
231.91537464599432,0.0325
231.91542264676232,0.0325
231.91547064753036,0.03
231.91551864829836,0.035
231.91556664906636,0.022499999
231.9156146498344,0.03
231.9156626506024,0.03
231.9157106513704,0.03
231.9157586521384,0.0325
231.91580665290644,0.0325
231.91585465367444,0.03
231.91590265444245,0.022499999
231.91595065521048,0.02
231.91599865597848,0.024999999
231.9160466567465,0.022499999
231.9160946575145,0.022499999
231.91614265828252,0.024999999
231.91619065905053,0.0175
231.91623865981853,0.024999999
231.91628666058656,0.0175
231.91633466135457,0.02
231.91638266212257,0.015
231.9164306628906,0.015
231.9164786636586,0.0075
231.9165266644266,0.015
231.91657466519462,0.01
231.91662266596265,0.012499999
231.91667066673065,0.024999999
231.91671866749866,0.03
231.9167666682667,0.024999999
231.9168146690347,0.015
231.9168626698027,0.02
231.9169106705707,0.0275
231.91695867133873,0.022499999
231.91700667210674,0.015
231.91705467287474,0.015
231.91710267364277,0.015
231.91715067441078,0.0175
231.91719867517878,0.015
231.9172466759468,0.015
231.91729467671482,0.022499999
231.91734267748282,0.02
231.91739067825083,0.0175
231.91743867901886,0.015
231.91748667978686,0.015
231.91753468055487,0.024999999
231.9175826813229,0.0275
231.9176306820909,0.0175
231.9176786828589,0.02
231.9177266836269,0.022499999
231.91777468439494,0.01
231.91782268516295,0.0075
231.91787068593095,0.0
231.91791868669898,0.0025
231.917966687467,0.0025
231.918014688235,0.0075
231.91806268900302,0.0
231.91811068977103,0.0
231.91815869053903,-0.0075
231.91820669130703,-0.0025
231.91825469207507,-0.0075
231.91830269284307,-0.01
231.91835069361107,-0.01
231.9183986943791,-0.0075
231.9184466951471,-0.0075
231.91849469591511,-0.015
231.91854269668312,-0.015
231.91859069745115,-0.012499999
231.91863869821916,-0.012499999
231.91868669898716,-0.012499999
231.9187346997552,-0.02
231.9187827005232,-0.024999999
231.9188307012912,-0.022499999
231.91887870205923,-0.01
231.91892670282724,-0.012499999
231.91897470359524,-0.012499999
231.91902270436324,-0.0175
231.91907070513128,-0.015
231.91911870589928,-0.012499999
231.91916670666728,-0.0075
231.91921470743532,-0.01
231.91926270820332,-0.005
231.91931070897132,-0.0075
231.91935870973933,-0.0025
231.91940671050736,-0.0075
231.91945471127536,-0.0075
231.91950271204337,-0.0025
231.9195507128114,-0.0025
231.9195987135794,0.005
231.9196467143474,0.005
231.91969471511544,-0.0025
231.91974271588344,-0.0025
231.91979071665145,-0.005
231.91983871741945,-0.0025
231.91988671818748,-0.0075
231.9199347189555,-0.0075
231.9199827197235,-0.01
231.92003072049152,-0.0025
231.92007872125953,-0.0075
231.92012672202753,-0.0025
231.92017472279554,-0.0075
231.92022272356357,-0.005
231.92027072433157,-0.0075
231.92031872509958,-0.01
231.9203667258676,-0.015
231.9204147266356,-0.0075
231.92046272740362,-0.015
231.92051072817165,-0.012499999
231.92055872893965,0.0025
231.92060672970766,-0.0075
231.92065473047566,0.0025
231.9207027312437,0.0025
231.9207507320117,-0.0025
231.9207987327797,0.0
231.92084673354773,0.005
231.92089473431574,0.005
231.92094273508374,0.0075
231.92099073585175,0.012499999
231.92103873661978,0.01
231.92108673738778,0.015
231.92113473815579,0.015
231.92118273892382,0.0025
231.92123073969182,0.0175
231.92127874045983,-0.0025
231.92132674122786,0.0075
231.92137474199586,0.0
231.92142274276387,-0.005
231.92147074353187,-0.005
231.9215187442999,-0.0025
231.9215667450679,0.0075
231.9216147458359,-0.0025
231.92166274660394,-0.005
231.92171074737195,-0.0075
231.92175874813995,-0.005
231.92180674890795,-0.005
231.921854749676,-0.0075
231.921902750444,-0.015
231.921950751212,-0.012499999
231.92199875198003,-0.012499999
231.92204675274803,-0.0275
231.92209475351603,-0.024999999
231.92214275428407,-0.0175
231.92219075505207,-0.024999999
231.92223875582008,-0.024999999
231.92228675658808,-0.022499999
231.9223347573561,-0.03
231.92238275812412,-0.0275
231.92243075889212,-0.0275
231.92247875966015,-0.035
231.92252676042816,-0.037499998
231.92257476119616,-0.024999999
231.92262276196416,-0.0275
231.9226707627322,-0.024999999
231.9227187635002,-0.0275
231.9227667642682,-0.0325
231.92281476503624,-0.03
231.92286276580424,-0.0275
231.92291076657224,-0.035
231.92295876734028,-0.035
231.92300676810828,-0.035
231.92305476887628,-0.037499998
231.9231027696443,-0.0425
231.92315077041232,-0.04
231.92319877118032,-0.037499998
231.92324677194833,-0.04
231.92329477271636,-0.0425
231.92334277348436,-0.0425
231.92339077425237,-0.037499998
231.92343877502037,-0.04
231.9234867757884,-0.035
231.9235347765564,-0.037499998
231.9235827773244,-0.035
231.92363077809244,-0.0325
231.92367877886045,-0.04
231.92372677962845,-0.037499998
231.92377478039649,-0.0425
231.9238227811645,-0.037499998
231.9238707819325,-0.0425
231.9239187827005,-0.04
231.92396678346853,-0.03
231.92401478423653,-0.037499998
231.92406278500454,-0.04
231.92411078577257,-0.0325
231.92415878654057,-0.0425
231.92420678730858,-0.04
231.92425478807658,-0.04
231.9243027888446,-0.049999997
231.92435078961262,-0.049999997
231.92439879038062,-0.055
231.92444679114865,-0.0525
231.92449479191666,-0.057499997
231.92454279268466,-0.055
231.9245907934527,-0.057499997
231.9246387942207,-0.057499997
231.9246867949887,-0.0625
231.9247347957567,-0.07
231.92478279652474,-0.07
231.92483079729274,-0.07
231.92487879806075,-0.074999996
231.92492679882878,-0.0875
231.92497479959678,-0.0875
231.9250228003648,-0.0925
231.9250708011328,-0.0875
231.92511880190082,-0.095
231.92516680266883,-0.095
231.92521480343683,-0.1025
231.92526280420486,-0.095
231.92531080497287,-0.099999994
231.92535880574087,-0.0925
231.9254068065089,-0.0925
231.9254548072769,-0.089999996
231.9255028080449,-0.0925
231.92555080881291,-0.095
231.92559880958095,-0.1025
231.92564681034895,-0.0975
231.92569481111695,-0.085
231.925742811885,-0.085
231.925790812653,-0.095
231.925838813421,-0.082499996
231.925886814189,-0.074999996
231.92593481495703,-0.074999996
231.92598281572504,-0.0775
231.92603081649304,-0.074999996
231.92607881726107,-0.067499995
231.92612681802908,-0.067499995
231.92617481879708,-0.065
231.9262228195651,-0.0625
231.92627082033312,-0.057499997
231.92631882110112,-0.055
231.92636682186912,-0.04
231.92641482263716,-0.037499998
231.92646282340516,-0.03
231.92651082417316,-0.03
231.9265588249412,-0.02
231.9266068257092,-0.015
231.9266548264772,-0.0175
231.9267028272452,-0.022499999
231.92675082801324,-0.024999999
231.92679882878124,-0.022499999
231.92684682954925,-0.0325
231.92689483031728,-0.04
231.92694283108528,-0.044999998
231.9269908318533,-0.0475
231.92703883262132,-0.049999997
231.92708683338932,-0.055
231.92713483415733,-0.055
231.92718283492533,-0.067499995
231.92723083569336,-0.0725
231.92727883646137,-0.074999996
231.92732683722937,-0.082499996
231.9273748379974,-0.074999996
231.9274228387654,-0.085
231.9274708395334,-0.082499996
231.92751884030142,-0.0875
231.92756684106945,-0.089999996
231.92761484183745,-0.095
231.92766284260546,-0.089999996
231.9277108433735,-0.0925
231.9277588441415,-0.0975
231.9278068449095,-0.11
231.92785484567753,-0.11
231.92790284644553,-0.105
231.92795084721354,-0.0975
231.92799884798154,-0.095
231.92804684874957,-0.0925
231.92809484951758,-0.0975
231.92814285028558,-0.099999994
231.9281908510536,-0.0925
231.92823885182162,-0.0975
231.92828685258962,-0.0975
231.92833485335763,-0.089999996
231.92838285412566,-0.0875
231.92843085489366,-0.085
231.92847885566167,-0.0875
231.9285268564297,-0.074999996
231.9285748571977,-0.0725
231.9286228579657,-0.07
231.92867085873374,-0.07
231.92871885950174,-0.06
231.92876686026975,-0.06
231.92881486103775,-0.044999998
231.92886286180578,-0.0425
231.9289108625738,-0.03
231.9289588633418,-0.0275
231.92900686410982,-0.02
231.92905486487783,-0.02
231.92910286564583,-0.015
231.92915086641383,-0.015
231.92919886718187,-0.0275
231.92924686794987,-0.015
231.92929486871788,-0.0175
231.9293428694859,-0.01
231.9293908702539,-0.005
231.92943887102192,-0.0025
231.92948687178995,-0.0025
231.92953487255795,0.0
231.92958287332596,0.005
231.92963087409396,-0.0025
231.929678874862,0.005
231.92972687563,0.005
231.929774876398,-0.0025
231.92982287716603,-0.0025
231.92987087793404,-0.0025
231.92991887870204,-0.0075
231.92996687947004,-0.015
231.93001488023808,-0.0175
231.93006288100608,-0.0175
231.93011088177408,-0.02
231.93015888254212,-0.0175
231.93020688331012,-0.0275
231.93025488407812,-0.024999999
231.93030288484616,-0.0325
231.93035088561416,-0.024999999
231.93039888638216,-0.0325
231.93044688715017,-0.0275
231.9304948879182,-0.022499999
231.9305428886862,-0.022499999
231.9305908894542,-0.015
231.93063889022224,-0.0075
231.93068689099024,-0.012499999
231.93073489175825,-0.01
231.93078289252625,-0.012499999
231.93083089329429,0.0025
231.9308788940623,0.01
231.9309268948303,-0.005
231.93097489559833,0.0025
231.93102289636633,-0.005
231.93107089713433,-0.005
231.93111889790237,-0.012499999
231.93116689867037,-0.015
231.93121489943837,-0.015
231.93126290020638,-0.03
231.9313109009744,-0.0275
231.9313589017424,-0.0325
231.93140690251042,-0.03
231.93145490327845,-0.037499998
231.93150290404645,-0.035
231.93155090481446,-0.0325
231.93159890558246,-0.0425
231.9316469063505,-0.0475
231.9316949071185,-0.06
231.9317429078865,-0.06
231.93179090865453,-0.0625
231.93183890942254,-0.06
231.93188691019054,-0.06
231.93193491095857,-0.06
231.93198291172658,-0.0625
231.93203091249458,-0.0725
231.9320789132626,-0.065
231.93212691403062,-0.065
231.93217491479862,-0.074999996
231.93222291556663,-0.08
231.93227091633466,-0.0775
231.93231891710266,-0.0725
231.93236691787067,-0.082499996
231.93241491863867,-0.085
231.9324629194067,-0.082499996
231.9325109201747,-0.0775
231.9325589209427,-0.082499996
231.93260692171074,-0.08
231.93265492247875,-0.082499996
231.93270292324675,-0.08
231.93275092401478,-0.08
231.9327989247828,-0.074999996
231.9328469255508,-0.074999996
231.9328949263188,-0.067499995
231.93294292708683,-0.067499995
231.93299092785483,-0.065
231.93303892862284,-0.065
231.93308692939087,-0.055
231.93313493015887,-0.057499997
231.93318293092688,-0.055
231.93323093169488,-0.06
231.9332789324629,-0.049999997
231.93332693323092,-0.0475
231.93337493399892,-0.0425
231.93342293476695,-0.0425
231.93347093553496,-0.037499998
231.93351893630296,-0.037499998
231.933566937071,-0.037499998
231.933614937839,-0.037499998
231.933662938607,-0.0425
231.933710939375,-0.037499998
231.93375894014304,-0.0325
231.93380694091104,-0.04
231.93385494167904,-0.035
231.93390294244708,-0.024999999
231.93395094321508,-0.03
231.93399894398308,-0.035
231.9340469447511,-0.03
231.93409494551912,-0.0275
231.93414294628712,-0.022499999
231.93419094705513,-0.022499999
231.93423894782316,-0.0175
231.93428694859116,-0.012499999
231.93433494935917,-0.01
231.9343829501272,-0.01
231.9344309508952,-0.0025
231.9344789516632,-0.005
231.9345269524312,-0.012499999
231.93457495319925,-0.005
231.93462295396725,0.01
231.93467095473525,-0.005
231.93471895550329,-0.005
231.9347669562713,-0.0025
231.9348149570393,-0.0025
231.9348629578073,-0.01
231.93491095857533,-0.0075
231.93495895934333,-0.01
231.93500696011134,0.0
231.93505496087937,-0.005
231.93510296164737,-0.0025
231.93515096241538,-0.0175
231.9351989631834,-0.0075
231.9352469639514,-0.0175
231.93529496471942,-0.02
231.93534296548742,-0.024999999
231.93539096625545,-0.0175
231.93543896702346,-0.0275
231.93548696779146,-0.0175
231.9355349685595,-0.015
231.9355829693275,-0.0275
231.9356309700955,-0.0325
231.9356789708635,-0.0275
231.93572697163154,-0.03
231.93577497239954,-0.022499999
231.93582297316755,-0.0325
231.93587097393558,-0.0275
231.93591897470358,-0.022499999
231.9359669754716,-0.015
231.93601497623962,-0.015
231.93606297700762,-0.012499999
231.93611097777563,-0.012499999
231.93615897854363,-0.02
231.93620697931166,-0.01
231.93625498007967,-0.0075
231.93630298084767,-0.0025
231.9363509816157,0.0
231.9363989823837,0.0
231.9364469831517,0.0
231.93649498391972,0.01
231.93654298468775,0.0075
231.93659098545575,0.015
231.93663898622376,0.01
231.9366869869918,0.0175
231.9367349877598,0.02
231.9367829885278,0.022499999
231.93683098929583,0.03
231.93687899006383,0.022499999
231.93692699083184,0.0275
231.93697499159984,0.035
231.93702299236787,0.0425
231.93707099313588,0.0425
231.93711899390388,0.0475
231.9371669946719,0.049999997
231.93721499543992,0.0475
231.93726299620792,0.0475
231.93731099697592,0.057499997
231.93735899774396,0.0525
231.93740699851196,0.0525
231.93745499927996,0.0625
231.937503000048,0.049999997
231.937551000816,0.0475
231.937599001584,0.055
231.93764700235204,0.044999998
231.93769500312004,0.04
231.93774300388804,0.049999997
231.93779100465605,0.0425
231.93783900542408,0.03
231.93788700619208,0.035
231.9379350069601,0.03
231.93798300772812,0.0275
231.93803100849613,0.03
231.93807900926413,0.0175
231.93812701003213,0.0175
231.93817501080017,0.012499999
231.93822301156817,0.015
231.93827101233617,0.015
231.9383190131042,0.012499999
231.9383670138722,0.0075
231.9384150146402,0.01
231.93846301540825,0.005
231.93851101617625,0.0
231.93855901694425,0.0025
231.93860701771226,-0.0025
231.9386550184803,-0.005
231.9387030192483,0.01
231.9387510200163,0.005
231.93879902078433,0.01
231.93884702155233,0.0
231.93889502232034,0.005
231.93894302308834,0.015
231.93899102385637,0.012499999
231.93903902462438,0.005
231.93908702539238,0.012499999
231.93913502616041,0.012499999
231.93918302692842,0.01
231.93923102769642,0.015
231.93927902846445,0.012499999
231.93932702923246,0.0175
231.93937503000046,0.0175
231.93942303076847,0.02
231.9394710315365,0.022499999
231.9395190323045,0.02
231.9395670330725,0.024999999
231.93961503384054,0.037499998
231.93966303460854,0.03
231.93971103537655,0.024999999
231.93975903614455,0.0325
231.93980703691258,0.03
231.9398550376806,0.03
231.9399030384486,0.03
231.93995103921662,0.035
231.93999903998463,0.03
231.94004704075263,0.035
231.94009504152066,0.0275
231.94014304228867,0.024999999
231.94019104305667,0.024999999
231.94023904382468,0.02
231.9402870445927,0.024999999
231.9403350453607,0.0175
231.94038304612872,0.0325
231.94043104689675,0.02
231.94047904766475,0.024999999
231.94052704843276,0.0325
231.94057504920076,0.03
231.9406230499688,0.02
231.9406710507368,0.02
231.9407190515048,0.015
231.94076705227283,0.0075
231.94081505304084,0.01
231.94086305380884,0.0025
231.94091105457687,0.01
231.94095905534488,0.0
231.94100705611288,-0.0075
231.94105505688088,-0.005
231.94110305764892,-0.02
231.94115105841692,-0.015
231.94119905918492,-0.02
231.94124705995296,-0.012499999
231.94129506072096,-0.015
231.94134306148896,-0.02
231.94139106225697,-0.022499999
231.941439063025,-0.022499999
231.941487063793,-0.01
231.941535064561,-0.01
231.94158306532904,-0.012499999
231.94163106609705,-0.015
231.94167906686505,-0.005
231.94172706763308,-0.01
231.94177506840109,-0.01
231.9418230691691,-0.0075
231.9418710699371,-0.01
231.94191907070513,-0.0075
231.94196707147313,-0.0075
231.94201507224113,-0.0025
231.94206307300917,-0.0075
231.94211107377717,-0.0075
231.94215907454517,-0.015
231.94220707531318,-0.01
231.9422550760812,-0.01
231.9423030768492,-0.012499999
231.94235107761722,-0.01
231.94239907838525,-0.015
231.94244707915325,-0.02
231.94249507992126,-0.015
231.9425430806893,-0.0175
231.9425910814573,-0.02
231.9426390822253,-0.03
231.9426870829933,-0.0275
231.94273508376133,-0.03
231.94278308452934,-0.0275
231.94283108529734,-0.03
231.94287908606537,-0.024999999
231.94292708683338,-0.0275
231.94297508760138,-0.024999999
231.9430230883694,-0.0275
231.94307108913742,-0.022499999
231.94311908990542,-0.022499999
231.94316709067343,-0.0175
231.94321509144146,-0.02
231.94326309220946,-0.024999999
231.94331109297747,-0.0275
231.9433590937455,-0.024999999
231.9434070945135,-0.012499999
231.9434550952815,-0.02
231.9435030960495,-0.0275
231.94355109681754,-0.0325
231.94359909758555,-0.022499999
231.94364709835355,-0.0175
231.94369509912158,-0.02
231.9437430998896,-0.022499999
231.9437911006576,-0.024999999
231.9438391014256,-0.03
231.94388710219363,-0.02
231.94393510296163,-0.022499999
231.94398310372964,-0.03
231.94403110449767,-0.024999999
231.94407910526567,-0.0275
231.94412710603368,-0.0275
231.9441751068017,-0.037499998
231.9442231075697,-0.037499998
231.94427110833772,-0.03
231.94431910910572,-0.0325
231.94436710987375,-0.035
231.94441511064176,-0.0325
231.94446311140976,-0.037499998
231.9445111121778,-0.044999998
231.9445591129458,-0.0525
231.9446071137138,-0.035
231.9446551144818,-0.0325
231.94470311524984,-0.044999998
231.94475111601784,-0.0275
231.94479911678584,-0.035
231.94484711755388,-0.0275
231.94489511832188,-0.024999999
231.94494311908988,-0.0325
231.94499111985792,-0.0275
231.94503912062592,-0.03
231.94508712139393,-0.0275
231.94513512216193,-0.035
231.94518312292996,-0.0325
231.94523112369797,-0.0175
231.94527912446597,-0.0275
231.945327125234,-0.022499999
231.945375126002,-0.024999999
231.94542312677,-0.02
231.945471127538,-0.0275
231.94551912830605,-0.012499999
231.94556712907405,-0.012499999
231.94561512984205,-0.015
231.9456631306101,-0.024999999
231.9457111313781,-0.0175
231.9457591321461,-0.015
231.94580713291413,-0.012499999
231.94585513368213,-0.005
231.94590313445013,-0.005
231.94595113521814,0.0
231.94599913598617,0.005
231.94604713675417,0.0025
231.94609513752218,0.0075
231.9461431382902,0.0075
231.94619113905821,0.01
231.94623913982622,0.0175
231.94628714059422,0.022499999
231.94633514136225,0.024999999
231.94638314213026,0.0275
231.94643114289826,0.0075
231.9464791436663,0.02
231.9465271444343,0.03
231.9465751452023,0.012499999
231.94662314597034,0.024999999
231.94667114673834,0.015
231.94671914750634,0.0175
231.94676714827435,0.0175
231.94681514904238,0.01
231.94686314981038,0.0175
231.9469111505784,0.015
231.94695915134642,0.02
231.94700715211442,0.0175
231.94705515288243,0.0175
231.94710315365043,0.024999999
231.94715115441846,0.02
231.94719915518647,0.02
231.94724715595447,0.0175
231.9472951567225,0.0175
231.9473431574905,0.0175
231.9473911582585,0.022499999
231.94743915902654,0.022499999
231.94748715979455,0.024999999
231.94753516056255,0.02
231.94758316133056,0.0075
231.9476311620986,0.012499999
231.9476791628666,0.0025
231.9477271636346,0.012499999
231.94777516440263,0.005
231.94782316517063,0.0
231.94787116593864,0.0025
231.94791916670664,-0.0075
231.94796716747467,-0.005
231.94801516824268,-0.0025
231.94806316901068,0.005
231.9481111697787,0.005
231.94815917054672,0.01
231.94820717131472,0.01
231.94825517208275,0.0075
231.94830317285076,0.015
231.94835117361876,0.02
231.94839917438676,0.02
231.9484471751548,0.0175
231.9484951759228,0.024999999
231.9485431766908,0.024999999
231.94859117745884,0.0275
231.94863917822684,0.02
231.94868717899485,0.02
231.94873517976285,0.02
231.94878318053088,0.015
231.94883118129889,0.0275
231.9488791820669,0.03
231.94892718283492,0.012499999
231.94897518360293,0.012499999
231.94902318437093,0.015
231.94907118513896,0.012499999
231.94911918590697,0.005
231.94916718667497,0.015
231.94921518744297,0.01
231.949263188211,0.0075
231.949311188979,0.0025
231.949359189747,0.0075
231.94940719051505,0.005
231.94945519128305,0.005
231.94950319205105,-0.0075
231.94955119281906,0.0025
231.9495991935871,-0.0075
231.9496471943551,-0.0075
231.9496951951231,-0.0025
231.94974319589113,-0.0025
231.94979119665913,0.0025
231.94983919742714,0.0
231.94988719819517,0.005
231.94993519896317,0.01
231.94998319973118,0.012499999
231.95003120049918,0.015
231.95007920126722,0.015
231.95012720203522,0.012499999
231.95017520280322,0.012499999
231.95022320357126,0.0075
231.95027120433926,0.0175
231.95031920510726,0.022499999
231.95036720587527,0.02
231.9504152066433,0.0175
231.9504632074113,0.024999999
231.9505112081793,0.02
231.95055920894734,0.02
231.95060720971534,0.02
231.95065521048335,0.02
231.95070321125138,0.03
231.95075121201938,0.0275
231.9507992127874,0.024999999
231.9508472135554,0.024999999
231.95089521432342,0.022499999
231.95094321509143,0.024999999
231.95099121585943,0.0175
231.95103921662746,0.022499999
231.95108721739547,0.024999999
231.95113521816347,0.0175
231.95118321893148,0.0075
231.9512312196995,0.012499999
231.9512792204675,0.0025
231.95132722123552,0.0025
231.95137522200355,-0.0025
231.95142322277155,-0.0025
231.95147122353956,-0.0075
231.9515192243076,-0.0075
231.9515672250756,-0.0025
231.9516152258436,0.0075
231.9516632266116,0.005
231.95171122737963,0.01
231.95175922814764,0.005
231.95180722891564,0.01
231.95185522968367,0.02
231.95190323045168,0.0275
231.95195123121968,0.0175
231.95199923198768,0.0275
231.95204723275572,0.022499999
231.95209523352372,0.0175
231.95214323429173,0.022499999
231.95219123505976,0.02
231.95223923582776,0.012499999
231.95228723659577,0.005
231.9523352373638,0.0075
231.9523832381318,0.005
231.9524312388998,0.0
231.9524792396678,-0.005
231.95252724043584,-0.0075
231.95257524120385,0.005
231.95262324197185,-0.005
231.95267124273988,-0.005
231.9527192435079,0.0
231.9527672442759,0.0075
231.9528152450439,0.0075
231.95286324581193,0.012499999
231.95291124657993,0.0175
231.95295924734793,0.015
231.95300724811597,0.015
231.95305524888397,0.03
231.95310324965197,0.02
231.95315125042,0.03
231.953199251188,0.024999999
231.95324725195601,0.037499998
231.95329525272402,0.0275
231.95334325349205,0.04
231.95339125426005,0.0475
231.95343925502806,0.04
231.9534872557961,0.037499998
231.9535352565641,0.049999997
231.9535832573321,0.044999998
231.9536312581001,0.044999998
231.95367925886814,0.0475
231.95372725963614,0.0475
231.95377526040414,0.037499998
231.95382326117218,0.035
231.95387126194018,0.04
231.95391926270818,0.02
231.95396726347622,0.03
231.95401526424422,0.03
231.95406326501222,0.024999999
231.95411126578023,0.012499999
231.95415926654826,0.0075
231.95420726731626,-0.005
231.95425526808427,-0.01
231.9543032688523,-0.015
231.9543512696203,-0.0325
231.9543992703883,-0.0325
231.9544472711563,-0.04
231.95449527192434,-0.0425
231.95454327269235,-0.044999998
231.95459127346035,-0.0475
231.95463927422838,-0.044999998
231.9546872749964,-0.0525
231.9547352757644,-0.049999997
231.9547832765324,-0.0525
231.95483127730043,-0.0425
231.95487927806843,-0.0525
231.95492727883644,-0.04
231.95497527960447,-0.0425
231.95502328037247,-0.037499998
231.95507128114048,-0.0525
231.9551192819085,-0.04
231.9551672826765,-0.044999998
231.95521528344452,-0.044999998
231.95526328421252,-0.024999999
231.95531128498055,-0.0325
231.95535928574856,-0.04
231.95540728651656,-0.022499999
231.9554552872846,-0.0275
231.9555032880526,-0.03
231.9555512888206,-0.024999999
231.9555992895886,-0.0275
231.95564729035664,-0.02
231.95569529112464,-0.0175
231.95574329189265,-0.0175
231.95579129266068,-0.012499999
231.95583929342868,-0.01
231.95588729419669,-0.0025
231.95593529496472,-0.0025
231.95598329573272,-0.005
231.95603129650073,0.0075
231.95607929726873,0.0
231.95612729803676,0.0025
231.95617529880477,0.01
231.95622329957277,0.01
231.9562713003408,0.022499999
231.9563193011088,0.015
231.9563673018768,0.0175
231.9564153026448,0.02
231.95646330341285,0.024999999
231.95651130418085,0.03
231.95655930494885,0.03
231.9566073057169,0.0275
231.9566553064849,0.022499999
231.9567033072529,0.0275
231.95675130802093,0.02
231.95679930878893,0.0275
231.95684730955693,0.035
231.95689531032494,0.0325
231.95694331109297,0.037499998
231.95699131186097,0.0475
231.95703931262898,0.057499997
231.957087313397,0.0475
231.95713531416501,0.0475
231.95718331493302,0.057499997
231.95723131570102,0.06
231.95727931646906,0.0625
231.95732731723706,0.049999997
231.95737531800506,0.0525
231.9574233187731,0.0625
231.9574713195411,0.067499995
231.9575193203091,0.0625
231.95756732107714,0.0525
231.95761532184514,0.0475
231.95766332261314,0.0475
231.95771132338115,0.0525
231.95775932414918,0.0475
231.95780732491718,0.0475
231.9578553256852,0.0425
231.95790332645322,0.03
231.95795132722122,0.03
231.95799932798923,0.022499999
231.95804732875723,0.02
231.95809532952526,0.0075
231.95814333029327,0.01
231.95819133106127,-0.005
231.9582393318293,-0.0025
231.9582873325973,-0.0075
231.9583353333653,-0.005
231.95838333413334,-0.0175
231.95843133490135,-0.02
231.95847933566935,-0.024999999
231.95852733643736,-0.0325
231.9585753372054,-0.035
231.9586233379734,-0.0425
231.9586713387414,-0.03
231.95871933950943,-0.03
231.95876734027743,-0.0425
231.95881534104544,-0.044999998
231.95886334181344,-0.049999997
231.95891134258147,-0.0475
231.95895934334948,-0.0475
231.95900734411748,-0.0425
231.9590553448855,-0.0475
231.95910334565352,-0.049999997
231.95915134642152,-0.049999997
231.95919934718955,-0.049999997
231.95924734795756,-0.057499997
231.95929534872556,-0.0525
231.95934334949357,-0.057499997
231.9593913502616,-0.055
231.9594393510296,-0.0525
231.9594873517976,-0.055
231.95953535256564,-0.0525
231.95958335333364,-0.044999998
231.95963135410165,-0.0475
231.95967935486965,-0.04
231.95972735563768,-0.0475
231.9597753564057,-0.0425
231.9598233571737,-0.0425
231.95987135794172,-0.0425
231.95991935870973,-0.037499998
231.95996735947773,-0.037499998
231.96001536024576,-0.044999998
231.96006336101377,-0.044999998
231.96011136178177,-0.0525
231.96015936254977,-0.0525
231.9602073633178,-0.0475
231.9602553640858,-0.049999997
231.96030336485381,-0.06
231.96035136562185,-0.055
231.96039936638985,-0.065
231.96044736715785,-0.057499997
231.96049536792586,-0.0525
231.9605433686939,-0.055
231.9605913694619,-0.055
231.9606393702299,-0.06
231.96068737099793,-0.055
231.96073537176594,-0.0525
231.96078337253394,-0.055
231.96083137330197,-0.055
231.96087937406998,-0.06
231.96092737483798,-0.049999997
231.96097537560598,-0.049999997
231.96102337637402,-0.055
231.96107137714202,-0.055
231.96111937791002,-0.0525
231.96116737867806,-0.0525
231.96121537944606,-0.0525
231.96126338021406,-0.049999997
231.96131138098207,-0.0475
231.9613593817501,-0.037499998
231.9614073825181,-0.0475
231.9614553832861,-0.044999998
231.96150338405414,-0.04
231.96155138482214,-0.044999998
231.96159938559015,-0.04
231.96164738635818,-0.044999998
231.96169538712618,-0.035
231.9617433878942,-0.035
231.9617913886622,-0.037499998
231.96183938943022,-0.03
231.96188739019823,-0.03
231.96193539096623,-0.024999999
231.96198339173426,-0.0325
231.96203139250227,-0.0275
231.96207939327027,-0.0275
231.96212739403828,-0.0325
231.9621753948063,-0.03
231.9622233955743,-0.0325
231.96227139634232,-0.0325
231.96231939711035,-0.04
231.96236739787835,-0.04
231.96241539864636,-0.035
231.9624633994144,-0.04
231.9625114001824,-0.04
231.9625594009504,-0.035
231.9626074017184,-0.035
231.96265540248643,-0.037499998
231.96270340325444,-0.0325
231.96275140402244,-0.0475
231.96279940479047,-0.037499998
231.96284740555848,-0.049999997
231.96289540632648,-0.049999997
231.96294340709449,-0.0325
231.96299140786252,-0.04
231.96303940863052,-0.037499998
231.96308740939853,-0.04
231.96313541016656,-0.03
231.96318341093456,-0.0325
231.96323141170257,-0.03
231.9632794124706,-0.022499999
231.9633274132386,-0.02
231.9633754140066,-0.0175
231.9634234147746,-0.0175
231.96347141554264,0.0
231.96351941631065,0.005
231.96356741707865,0.012499999
231.96361541784668,0.015
231.9636634186147,0.02
231.9637114193827,0.022499999
231.9637594201507,0.0325
231.96380742091873,0.03
231.96385542168673,0.044999998
231.96390342245473,0.044999998
231.96395142322277,0.044999998
231.96399942399077,0.0425
231.96404742475877,0.0475
231.9640954255268,0.0525
231.9641434262948,0.04
231.96419142706281,0.044999998
231.96423942783082,0.0425
231.96428742859885,0.0475
231.96433542936686,0.04
231.96438343013486,0.035
231.9644314309029,0.03
231.9644794316709,0.03
231.9645274324389,0.0175
231.9645754332069,0.0175
231.96462343397494,0.005
231.96467143474294,0.005
231.96471943551094,0.005
231.96476743627898,-0.0025
231.96481543704698,-0.01
231.96486343781498,-0.012499999
231.96491143858302,-0.0175
231.96495943935102,-0.0275
231.96500744011902,-0.0325
231.96505544088703,-0.035
231.96510344165506,-0.04
231.96515144242306,-0.04
231.96519944319107,-0.0475
231.9652474439591,-0.044999998
231.9652954447271,-0.057499997
231.9653434454951,-0.055
231.9653914462631,-0.057499997
231.96543944703114,-0.06
231.96548744779915,-0.07
231.96553544856715,-0.0625
231.96558344933518,-0.067499995
231.9656314501032,-0.082499996
231.9656794508712,-0.085
231.96572745163922,-0.08
231.96577545240723,-0.089999996
231.96582345317523,-0.08
231.96587145394324,-0.089999996
231.96591945471127,-0.0925
231.96596745547927,-0.089999996
231.96601545624728,-0.0925
231.9660634570153,-0.099999994
231.9661114577833,-0.0925
231.96615945855132,-0.0975
231.96620745931932,-0.089999996
231.96625546008735,-0.0975
231.96630346085536,-0.1025
231.96635146162336,-0.0975
231.9663994623914,-0.095
231.9664474631594,-0.105
231.9664954639274,-0.1025
231.96654346469543,-0.099999994
231.96659146546344,-0.1025
231.96663946623144,-0.099999994
231.96668746699945,-0.099999994
231.96673546776748,-0.1025
231.96678346853548,-0.1025
231.9668314693035,-0.105
231.96687947007152,-0.0975
231.96692747083952,-0.095
231.96697547160753,-0.099999994
231.96702347237553,-0.1025
231.96707147314356,-0.105
231.96711947391157,-0.1025
231.96716747467957,-0.099999994
231.9672154754476,-0.105
231.9672634762156,-0.095
231.9673114769836,-0.1025
231.96735947775164,-0.105
231.96740747851965,-0.1025
231.96745547928765,-0.095
231.96750348005565,-0.0975
231.9675514808237,-0.095
231.9675994815917,-0.095
231.9676474823597,-0.089999996
231.96769548312773,-0.082499996
231.96774348389573,-0.082499996
231.96779148466373,-0.067499995
231.96783948543174,-0.0725
231.96788748619977,-0.0725
231.96793548696778,-0.07
231.96798348773578,-0.0625
231.9680314885038,-0.0475
231.96807948927182,-0.0475
231.96812749003982,-0.0475
231.96817549080785,-0.0525
231.96822349157586,-0.035
231.96827149234386,-0.04
231.96831949311186,-0.024999999
231.9683674938799,-0.03
231.9684154946479,-0.0275
231.9684634954159,-0.024999999
231.96851149618394,-0.0175
231.96855949695194,-0.015
231.96860749771994,-0.015
231.96865549848795,-0.0075
231.96870349925598,-0.0025
231.96875150002398,-0.012499999
231.968799500792,-0.005
231.96884750156002,-0.005
231.96889550232802,-0.005
231.96894350309603,0.005
231.96899150386406,0.0
231.96903950463206,0.0075
231.96908750540007,0.0025
231.96913550616807,0.01
231.9691835069361,0.0075
231.9692315077041,0.005
231.9692795084721,0.0
231.96932750924014,-0.0025
231.96937551000815,-0.005
231.96942351077615,-0.0025
231.96947151154416,-0.005
231.9695195123122,-0.0025
231.9695675130802,-0.015
231.9696155138482,-0.005
231.96966351461623,-0.0075
231.96971151538423,-0.005
231.96975951615224,-0.0075
231.96980751692027,-0.0025
231.96985551768827,-0.005
231.96990351845628,-0.012499999
231.96995151922428,-0.01
231.9699995199923,-0.0075
231.97004752076032,0.0025
231.97009552152832,0.0025
231.97014352229635,-0.0025
231.97019152306436,-0.0025
231.97023952383236,-0.005
231.97028752460037,0.01
231.9703355253684,0.0025
231.9703835261364,0.0
231.9704315269044,-0.0025
231.97047952767244,-0.0075
231.97052752844044,0.0025
231.97057552920845,0.0
231.97062352997648,-0.0025
231.97067153074448,-0.0075
231.9707195315125,0.0
231.9707675322805,0.0
231.97081553304852,-0.0025
231.97086353381653,-0.012499999
231.97091153458453,-0.005
231.97095953535256,-0.012499999
231.97100753612057,-0.01
231.97105553688857,-0.0175
231.97110353765657,-0.01
231.9711515384246,-0.0175
231.9711995391926,-0.022499999
231.97124753996061,-0.024999999
231.97129554072865,-0.02
231.97134354149665,-0.022499999
231.97139154226466,-0.024999999
231.9714395430327,-0.03
231.9714875438007,-0.037499998
231.9715355445687,-0.0325
231.9715835453367,-0.03
231.97163154610473,-0.035
231.97167954687274,-0.0275
231.97172754764074,-0.03
231.97177554840877,-0.0475
231.97182354917678,-0.0525
231.97187154994478,-0.057499997
231.97191955071278,-0.06
231.97196755148082,-0.065
231.97201555224882,-0.067499995
231.97206355301682,-0.067499995
231.97211155378486,-0.067499995
231.97215955455286,-0.0725
231.97220755532086,-0.074999996
231.9722555560889,-0.0775
231.9723035568569,-0.085
231.9723515576249,-0.0775
231.9723995583929,-0.089999996
231.97244755916094,-0.085
231.97249555992894,-0.0925
231.97254356069695,-0.0875
231.97259156146498,-0.082499996
231.97263956223298,-0.0875
231.972687563001,-0.082499996
231.972735563769,-0.082499996
231.97278356453702,-0.085
231.97283156530503,-0.082499996
231.97287956607303,-0.085
231.97292756684107,-0.0925
231.97297556760907,-0.0875
231.97302356837707,-0.0875
231.9730715691451,-0.085
231.9731195699131,-0.085
231.9731675706811,-0.089999996
231.97321557144912,-0.0775
231.97326357221715,-0.074999996
231.97331157298515,-0.08
231.97335957375316,-0.074999996
231.9734075745212,-0.0725
231.9734555752892,-0.067499995
231.9735035760572,-0.074999996
231.9735515768252,-0.0625
231.97359957759323,-0.0625
231.97364757836124,-0.0625
231.97369557912924,-0.055
231.97374357989727,-0.057499997
231.97379158066528,-0.067499995
231.97383958143328,-0.0625
231.97388758220131,-0.057499997
231.97393558296932,-0.055
231.97398358373732,-0.06
231.97403158450533,-0.0625
231.97407958527336,-0.07
231.97412758604136,-0.0775
231.97417558680937,-0.082499996
231.9742235875774,-0.08
231.9742715883454,-0.08
231.9743195891134,-0.085
231.9743675898814,-0.085
231.97441559064944,-0.085
231.97446359141745,-0.0875
231.97451159218545,-0.085
231.97455959295348,-0.082499996
231.9746075937215,-0.0925
231.9746555944895,-0.0925
231.97470359525752,-0.089999996
231.97475159602553,-0.085
231.97479959679353,-0.08
231.97484759756153,-0.0775
231.97489559832957,-0.0725
231.97494359909757,-0.067499995
231.97499159986558,-0.055
231.9750396006336,-0.06
231.9750876014016,-0.065
231.97513560216962,-0.0475
231.97518360293762,-0.04
231.97523160370565,-0.04
231.97527960447366,-0.037499998
231.97532760524166,-0.024999999
231.9753756060097,-0.022499999
231.9754236067777,-0.0325
231.9754716075457,-0.015
231.97551960831373,-0.024999999
231.97556760908174,-0.03
231.97561560984974,-0.022499999
231.97566361061774,-0.035
231.97571161138578,-0.0325
231.97575961215378,-0.024999999
231.97580761292178,-0.03
231.97585561368982,-0.0325
231.97590361445782,-0.0325
231.97595161522582,-0.035
231.97599961599383,-0.04
231.97604761676186,-0.0325
231.97609561752986,-0.0325
231.97614361829787,-0.04
231.9761916190659,-0.037499998
231.9762396198339,-0.0325
231.9762876206019,-0.035
231.97633562136994,-0.03
231.97638362213794,-0.0325
231.97643162290595,-0.0325
231.97647962367395,-0.03
231.97652762444199,-0.022499999
231.97657562521,-0.024999999
231.976623625978,-0.02
231.97667162674603,-0.0325
231.97671962751403,-0.024999999
231.97676762828203,-0.024999999
231.97681562905004,-0.024999999
231.97686362981807,-0.0275
231.97691163058607,-0.024999999
231.97695963135408,-0.024999999
231.9770076321221,-0.022499999
231.9770556328901,-0.02
231.97710363365812,-0.0275
231.97715163442615,-0.02
231.97719963519415,-0.022499999
231.97724763596216,-0.022499999
231.97729563673016,-0.022499999
231.9773436374982,-0.024999999
231.9773916382662,-0.03
231.9774396390342,-0.024999999
231.97748763980223,-0.0275
231.97753564057024,-0.012499999
231.97758364133824,-0.024999999
231.97763164210625,-0.0275
231.97767964287428,-0.03
231.97772764364228,-0.0275
231.9777756444103,-0.024999999
231.97782364517832,-0.0325
231.97787164594632,-0.0325
231.97791964671433,-0.0175
231.97796764748236,-0.03
231.97801564825036,-0.03
231.97806364901837,-0.0275
