Tiempo (s),Datos
34.506744107905725,0.02
34.506792108673736,0.02
34.50684010944175,0.022499999
34.50688811020976,0.0175
34.506936110977776,0.03
34.50698411174579,0.0325
34.5070321125138,0.024999999
34.50708011328181,0.03
34.50712811404982,0.035
34.50717611481784,0.035
34.50722411558585,0.0275
34.50727211635386,0.022499999
34.50732011712187,0.035
34.50736811788988,0.0275
34.50741611865789,0.035
34.50746411942591,0.04
34.50751212019392,0.0325
34.507560120961934,0.0325
34.507608121729945,0.0275
34.507656122497956,0.035
34.50770412326597,0.0275
34.507752124033985,0.024999999
34.507800124801996,0.0325
34.50784812557001,0.035
34.50789612633802,0.037499998
34.50794412710603,0.0475
34.50799212787405,0.0475
34.50804012864206,0.0475
34.50808812941007,0.0425
34.50813613017808,0.0475
34.50818413094609,0.049999997
34.5082321317141,0.04
34.50828013248212,0.0475
34.50832813325013,0.049999997
34.50837613401814,0.0475
34.508424134786154,0.035
34.508472135554165,0.0425
34.508520136322176,0.0425
34.508568137090194,0.04
34.508616137858205,0.035
34.508664138626216,0.0325
34.50871213939423,0.0425
34.50876014016224,0.044999998
34.508808140930256,0.0425
34.50885614169827,0.0325
34.50890414246628,0.035
34.50895214323429,0.0325
34.5090001440023,0.04
34.50904814477031,0.055
34.50909614553833,0.049999997
34.50914414630634,0.057499997
34.50919214707435,0.055
34.50924014784236,0.06
34.50928814861037,0.0525
34.509336149378385,0.057499997
34.5093841501464,0.057499997
34.509432150914414,0.0625
34.509480151682425,0.0625
34.509528152450436,0.0625
34.50957615321845,0.065
34.509624153986465,0.0625
34.509672154754476,0.057499997
34.50972015552249,0.049999997
34.5097681562905,0.065
34.50981615705851,0.06
34.50986415782652,0.0475
34.50991215859454,0.0525
34.50996015936255,0.049999997
34.51000816013056,0.044999998
34.51005616089857,0.049999997
34.51010416166658,0.055
34.51015216243459,0.055
34.51020016320261,0.0475
34.51024816397062,0.0475
34.510296164738634,0.049999997
34.510344165506645,0.055
34.510392166274656,0.0475
34.510440167042674,0.06
34.510488167810685,0.049999997
34.510536168578696,0.0525
34.51058416934671,0.057499997
34.51063217011472,0.055
34.51068017088273,0.0475
34.51072817165075,0.057499997
34.51077617241876,0.06
34.51082417318677,0.07
34.51087217395478,0.06
34.51092017472279,0.0725
34.5109681754908,0.0775
34.51101617625882,0.07
34.51106417702683,0.07
34.51111217779484,0.065
34.511160178562854,0.07
34.511208179330865,0.0725
34.51125618009888,0.067499995
34.511304180866894,0.0725
34.511352181634905,0.0775
34.511400182402916,0.0775
34.51144818317093,0.074999996
34.51149618393894,0.067499995
34.511544184706956,0.067499995
34.51159218547497,0.0725
34.51164018624298,0.0625
34.51168818701099,0.067499995
34.511736187779,0.07
34.51178418854701,0.06
34.51183218931503,0.057499997
34.51188019008304,0.067499995
34.51192819085105,0.07
34.51197619161906,0.06
34.512024192387074,0.0525
34.51207219315509,0.057499997
34.5121201939231,0.049999997
34.512168194691114,0.055
34.512216195459125,0.055
34.512264196227136,0.0475
34.51231219699515,0.0425
34.512360197763165,0.035
34.512408198531176,0.0425
34.51245619929919,0.0475
34.5125042000672,0.0425
34.51255220083521,0.055
34.51260020160322,0.0475
34.51264820237124,0.0475
34.51269620313925,0.0425
34.51274420390726,0.065
34.51279220467527,0.057499997
34.51284020544328,0.057499997
34.5128882062113,0.0625
34.51293620697931,0.067499995
34.51298420774732,0.067499995
34.513032208515334,0.0725
34.513080209283345,0.0725
34.513128210051356,0.0775
34.513176210819374,0.074999996
34.513224211587385,0.0725
34.513272212355396,0.07
34.51332021312341,0.0775
34.51336821389142,0.085
34.51341621465943,0.0775
34.51346421542745,0.089999996
34.51351221619546,0.08
34.51356021696347,0.089999996
34.51360821773148,0.08
34.51365621849949,0.0875
34.51370421926751,0.085
34.51375222003552,0.089999996
34.51380022080353,0.0975
34.51384822157154,0.0925
34.513896222339554,0.0875
34.513944223107565,0.0875
34.51399222387558,0.089999996
34.514040224643594,0.089999996
34.514088225411605,0.095
34.514136226179616,0.085
34.51418422694763,0.0875
34.51423222771564,0.0875
34.514280228483656,0.0875
34.51432822925167,0.082499996
34.51437623001968,0.074999996
34.51442423078769,0.08
34.5144722315557,0.0775
34.51452023232372,0.08
34.51456823309173,0.082499996
34.51461623385974,0.082499996
34.51466423462775,0.0725
34.51471223539576,0.08
34.514760236163774,0.082499996
34.51480823693179,0.074999996
34.5148562376998,0.08
34.514904238467814,0.0875
34.514952239235825,0.082499996
34.515000240003836,0.082499996
34.51504824077185,0.0875
34.515096241539865,0.08
34.515144242307876,0.089999996
34.51519224307589,0.085
34.5152402438439,0.082499996
34.51528824461191,0.095
34.51533624537993,0.095
34.51538424614794,0.0875
34.51543224691595,0.095
34.51548024768396,0.0925
34.51552824845197,0.082499996
34.51557624921998,0.08
34.515624249988,0.089999996
34.51567225075601,0.0925
34.51572025152402,0.0875
34.515768252292034,0.0925
34.515816253060045,0.085
34.515864253828056,0.089999996
34.515912254596074,0.0925
34.515960255364085,0.0975
34.516008256132096,0.0975
34.51605625690011,0.089999996
34.51610425766812,0.1025
34.51615225843613,0.0925
34.51620025920415,0.095
34.51624825997216,0.0925
34.51629626074017,0.08
34.51634426150818,0.085
34.51639226227619,0.08
34.51644026304421,0.0875
34.51648826381222,0.085
34.51653626458023,0.082499996
34.51658426534824,0.095
34.516632266116254,0.099999994
34.516680266884265,0.095
34.51672826765228,0.089999996
34.516776268420294,0.095
34.516824269188305,0.089999996
34.516872269956316,0.0975
34.51692027072433,0.0975
34.51696827149234,0.0975
34.517016272260356,0.0875
34.51706427302837,0.0925
34.51711227379638,0.089999996
34.51716027456439,0.0925
34.5172082753324,0.089999996
34.51725627610042,0.0875
34.51730427686843,0.082499996
34.51735227763644,0.085
34.51740027840445,0.0875
34.51744827917246,0.085
34.517496279940474,0.074999996
34.51754428070849,0.067499995
34.5175922814765,0.067499995
34.517640282244514,0.07
34.517688283012525,0.067499995
34.517736283780536,0.074999996
34.51778428454855,0.067499995
34.517832285316565,0.065
34.517880286084576,0.06
34.51792828685259,0.067499995
34.5179762876206,0.06
34.51802428838861,0.07
34.51807228915663,0.074999996
34.51812028992464,0.0625
34.51816829069265,0.07
34.51821629146066,0.07
34.51826429222867,0.0725
34.51831229299668,0.07
34.5183602937647,0.07
34.51840829453271,0.074999996
34.51845629530072,0.0725
34.518504296068734,0.0725
34.518552296836745,0.082499996
34.518600297604756,0.074999996
34.518648298372774,0.08
34.518696299140785,0.0725
34.518744299908796,0.0775
34.51879230067681,0.08
34.51884030144482,0.082499996
34.51888830221284,0.082499996
34.51893630298085,0.08
34.51898430374886,0.085
34.51903230451687,0.085
34.51908030528488,0.0925
34.51912830605289,0.0925
34.51917630682091,0.089999996
34.51922430758892,0.095
34.51927230835693,0.0975
34.51932030912494,0.099999994
34.519368309892954,0.089999996
34.519416310660965,0.0975
34.51946431142898,0.099999994
34.519512312196994,0.0975
34.519560312965005,0.0975
34.519608313733016,0.105
34.51965631450103,0.105
34.519704315269045,0.105
34.51975231603706,0.1025
34.51980031680507,0.1025
34.51984831757308,0.1025
34.51989631834109,0.105
34.5199443191091,0.105
34.51999231987712,0.11
34.52004032064513,0.105
34.52008832141314,0.1125
34.52013632218115,0.114999995
34.52018432294916,0.1025
34.520232323717174,0.1125
34.52028032448519,0.11
34.5203283252532,0.1175
34.520376326021214,0.114999995
34.520424326789225,0.107499994
34.520472327557236,0.11
34.520520328325254,0.1175
34.520568329093265,0.11
34.52061632986128,0.12
34.52066433062929,0.114999995
34.5207123313973,0.107499994
34.52076033216531,0.1125
34.52080833293333,0.1125
34.52085633370134,0.1125
34.52090433446935,0.114999995
34.52095233523736,0.1125
34.52100033600537,0.12
34.52104833677338,0.114999995
34.5210963375414,0.1125
34.52114433830941,0.1025
34.52119233907742,0.1125
34.521240339845434,0.11
34.521288340613445,0.105
34.52133634138146,0.105
34.521384342149474,0.0975
34.521432342917485,0.0975
34.5214803436855,0.099999994
34.52152834445351,0.1025
34.52157634522152,0.099999994
34.52162434598954,0.095
34.52167234675755,0.0925
34.52172034752556,0.0975
34.52176834829357,0.0975
34.52181634906158,0.0975
34.52186434982959,0.095
34.52191235059761,0.095
34.52196035136562,0.089999996
34.52200835213363,0.095
34.52205635290164,0.0875
34.522104353669654,0.0925
34.52215235443767,0.0925
34.52220035520568,0.1025
34.522248355973694,0.1025
34.522296356741705,0.095
34.522344357509716,0.095
34.52239235827773,0.095
34.522440359045746,0.0975
34.52248835981376,0.085
34.52253636058177,0.089999996
34.52258436134978,0.085
34.52263236211779,0.0925
34.5226803628858,0.0925
34.52272836365382,0.0875
34.52277636442183,0.089999996
34.52282436518984,0.085
34.52287236595785,0.085
34.52292036672586,0.085
34.52296836749388,0.082499996
34.52301636826189,0.08
34.5230643690299,0.08
34.523112369797914,0.085
34.523160370565925,0.08
34.523208371333936,0.0725
34.523256372101955,0.074999996
34.523304372869966,0.065
34.52335237363798,0.074999996
34.52340037440599,0.0725
34.523448375174,0.057499997
34.52349637594201,0.065
34.52354437671003,0.0625
34.52359237747804,0.06
34.52364037824605,0.055
34.52368837901406,0.055
34.52373637978207,0.057499997
34.52378438055009,0.06
34.5238323813181,0.0625
34.52388038208611,0.065
34.52392838285412,0.0625
34.523976383622134,0.065
34.524024384390145,0.06
34.52407238515816,0.057499997
34.524120385926174,0.065
34.524168386694186,0.057499997
34.5242163874622,0.055
34.52426438823021,0.06
34.52431238899822,0.0525
34.52436038976624,0.0525
34.52440839053425,0.055
34.52445639130226,0.055
34.52450439207027,0.0525
34.52455239283828,0.057499997
34.5246003936063,0.06
34.52464839437431,0.0525
34.52469639514232,0.067499995
34.52474439591033,0.06
34.52479239667834,0.065
34.524840397446354,0.06
34.52488839821437,0.0625
34.52493639898238,0.0725
34.524984399750394,0.07
34.525032400518405,0.07
34.52508040128642,0.0625
34.52512840205443,0.0625
34.525176402822446,0.067499995
34.52522440359046,0.074999996
34.52527240435847,0.07
34.52532040512648,0.067499995
34.52536840589449,0.0725
34.52541640666251,0.0725
34.52546440743052,0.067499995
34.52551240819853,0.067499995
34.52556040896654,0.067499995
34.52560840973455,0.065
34.52565641050256,0.065
34.52570441127058,0.07
34.52575241203859,0.074999996
34.5258004128066,0.0725
34.525848413574614,0.0775
34.525896414342625,0.0725
34.52594441511064,0.07
34.525992415878655,0.0625
34.526040416646666,0.065
34.52608841741468,0.06
34.52613641818269,0.065
34.5261844189507,0.065
34.52623241971872,0.0725
34.52628042048673,0.065
34.52632842125474,0.067499995
34.52637642202275,0.065
34.52642442279076,0.0625
34.52647242355877,0.0625
34.52652042432679,0.0625
34.5265684250948,0.057499997
34.52661642586281,0.07
34.52666442663082,0.065
34.526712427398834,0.06
34.526760428166845,0.06
34.526808428934864,0.055
34.526856429702875,0.057499997
34.526904430470886,0.0525
34.5269524312389,0.044999998
34.52700043200691,0.0525
34.52704843277492,0.037499998
34.52709643354294,0.0475
34.52714443431095,0.044999998
34.52719243507896,0.055
34.52724043584697,0.044999998
34.52728843661498,0.0475
34.527336437383,0.0425
34.52738443815101,0.0325
34.52743243891902,0.0325
34.52748043968703,0.035
34.52752844045504,0.035
34.527576441223054,0.03
34.52762444199107,0.0325
34.52767244275908,0.03
34.527720443527095,0.037499998
34.527768444295106,0.0325
34.52781644506312,0.024999999
34.52786444583113,0.024999999
34.527912446599146,0.035
34.52796044736716,0.03
34.52800844813517,0.02
34.52805644890318,0.022499999
34.52810444967119,0.015
34.52815245043921,0.0075
34.52820045120722,0.015
34.52824845197523,0.022499999
34.52829645274324,0.02
34.52834445351125,0.024999999
34.52839245427926,0.0275
34.52844045504728,0.022499999
34.52848845581529,0.024999999
34.5285364565833,0.0275
34.528584457351315,0.024999999
34.528632458119326,0.035
34.52868045888734,0.03
34.528728459655355,0.03
34.528776460423366,0.0275
34.52882446119138,0.037499998
34.52887246195939,0.035
34.5289204627274,0.037499998
34.52896846349542,0.03
34.52901646426343,0.0275
34.52906446503144,0.024999999
34.52911246579945,0.024999999
34.52916046656746,0.02
34.52920846733547,0.024999999
34.52925646810349,0.02
34.5293044688715,0.0175
34.52935246963951,0.024999999
34.52940047040752,0.015
34.529448471175535,0.02
34.529496471943546,0.022499999
34.529544472711564,0.015
34.529592473479575,0.01
34.529640474247586,0.005
34.5296884750156,0.012499999
34.52973647578361,0.0075
34.529784476551626,0.01
34.52983247731964,0.0075
34.52988047808765,0.005
34.52992847885566,0.0025
34.52997647962367,0.005
34.53002448039168,0.0025
34.5300724811597,0.005
34.53012048192771,-0.0025
34.53016848269572,-0.0025
34.53021648346373,0.0025
34.53026448423174,0.015
34.530312484999754,0.005
34.53036048576777,0.0
34.530408486535784,0.0025
34.530456487303795,0.0025
34.530504488071806,0.0
34.53055248883982,0.0025
34.530600489607835,0.0025
34.530648490375846,-0.005
34.53069649114386,0.0
34.53074449191187,0.0025
34.53079249267988,0.0025
34.53084049344789,0.005
34.53088849421591,0.0
34.53093649498392,0.005
34.53098449575193,0.0
34.53103249651994,0.015
34.53108049728795,0.005
34.53112849805596,0.0
34.53117649882398,0.0025
34.53122449959199,-0.0025
34.531272500360004,0.0025
34.531320501128015,0.012499999
34.531368501896026,0.01
34.531416502664044,-0.0025
34.531464503432055,-0.0025
34.531512504200066,0.0
34.53156050496808,0.0
34.53160850573609,0.005
34.5316565065041,0.0
34.53170450727212,0.0
34.53175250804013,0.005
34.53180050880814,0.005
34.53184850957615,-0.0025
34.53189651034416,-0.005
34.53194451111217,-0.01
34.53199251188019,-0.01
34.5320405126482,-0.015
34.53208851341621,-0.005
34.532136514184224,-0.005
34.532184514952235,-0.005
34.53223251572025,-0.0175
34.532280516488264,-0.012499999
34.532328517256275,-0.015
34.532376518024286,-0.02
34.5324245187923,-0.02
34.53247251956031,-0.0175
34.532520520328326,-0.012499999
34.53256852109634,-0.02
34.53261652186435,-0.0175
34.53266452263236,-0.0175
34.53271252340037,-0.01
34.53276052416838,-0.015
34.5328085249364,-0.012499999
34.53285652570441,-0.012499999
34.53290452647242,-0.0175
34.53295252724043,-0.012499999
34.53300052800844,-0.0175
34.53304852877646,-0.022499999
34.53309652954447,-0.012499999
34.533144530312484,-0.0025
34.533192531080495,-0.0075
34.533240531848506,-0.01
34.53328853261652,-0.005
34.533336533384535,-0.0025
34.533384534152546,-0.01
34.53343253492056,-0.0075
34.53348053568857,0.0075
34.53352853645658,-0.0025
34.53357653722459,-0.01
34.53362453799261,-0.0025
34.53367253876062,-0.005
34.53372053952863,-0.005
34.53376854029664,0.0025
34.53381654106465,-0.0075
34.53386454183267,0.0
34.53391254260068,0.0025
34.53396054336869,0.0
34.534008544136704,-0.0075
34.534056544904715,0.0
34.534104545672726,-0.01
34.534152546440744,-0.005
34.534200547208755,-0.0025
34.534248547976766,-0.0025
34.53429654874478,0.0
34.53434454951279,-0.0075
34.5343925502808,-0.02
34.53444055104882,-0.01
34.53448855181683,-0.012499999
34.53453655258484,-0.012499999
34.53458455335285,-0.012499999
34.53463255412086,-0.01
34.53468055488888,-0.01
34.53472855565689,-0.012499999
34.5347765564249,-0.01
34.53482455719291,-0.0075
34.534872557960924,-0.005
34.534920558728935,0.0
34.53496855949695,-0.0025
34.535016560264964,0.0
34.535064561032975,0.0
34.535112561800986,-0.0025
34.535160562569,-0.0075
34.53520856333701,-0.01
34.535256564105026,0.0025
34.53530456487304,-0.0075
34.53535256564105,0.005
34.53540056640906,0.0
34.53544856717707,0.0075
34.53549656794509,-0.012499999
34.5355445687131,-0.0025
34.53559256948111,-0.0025
34.53564057024912,-0.0025
34.53568857101713,-0.0075
34.535736571785144,-0.005
34.53578457255316,-0.005
34.53583257332117,-0.01
34.535880574089184,-0.01
34.535928574857195,-0.005
34.535976575625206,-0.0175
34.53602457639322,-0.01
34.536072577161235,-0.015
34.536120577929246,-0.012499999
34.53616857869726,-0.012499999
34.53621657946527,-0.015
34.53626458023328,-0.01
34.5363125810013,-0.0175
34.53636058176931,-0.022499999
34.53640858253732,-0.024999999
34.53645658330533,-0.022499999
34.53650458407334,-0.02
34.53655258484135,-0.02
34.53660058560937,-0.03
34.53664858637738,-0.03
34.53669658714539,-0.03
34.536744587913404,-0.0175
34.536792588681415,-0.0275
34.536840589449426,-0.03
34.536888590217444,-0.0275
34.536936590985455,-0.024999999
34.536984591753466,-0.024999999
34.53703259252148,-0.03
34.53708059328949,-0.0275
34.5371285940575,-0.03
34.53717659482552,-0.0325
34.53722459559353,-0.0275
34.53727259636154,-0.0325
34.53732059712955,-0.03
34.53736859789756,-0.03
34.53741659866558,-0.024999999
34.53746459943359,-0.0275
34.5375126002016,-0.024999999
34.53756060096961,-0.024999999
34.537608601737624,-0.03
34.537656602505635,-0.024999999
34.53770460327365,-0.0275
34.537752604041664,-0.0275
34.537800604809675,-0.022499999
34.537848605577686,-0.03
34.5378966063457,-0.037499998
34.53794460711371,-0.02
34.537992607881726,-0.0325
34.53804060864974,-0.0275
34.53808860941775,-0.035
34.53813661018576,-0.0275
34.53818461095377,-0.035
34.53823261172179,-0.037499998
34.5382806124898,-0.04
34.53832861325781,-0.0325
34.53837661402582,-0.03
34.53842461479383,-0.037499998
34.538472615561844,-0.04
34.53852061632986,-0.03
34.53856861709787,-0.0325
34.538616617865884,-0.03
34.538664618633895,-0.024999999
34.538712619401906,-0.022499999
34.53876062016992,-0.02
34.538808620937935,-0.022499999
34.538856621705946,-0.0325
34.53890462247396,-0.0325
34.53895262324197,-0.022499999
34.53900062400998,-0.0175
34.539048624778,-0.03
34.53909662554601,-0.035
34.53914462631402,-0.0275
34.53919262708203,-0.03
34.53924062785004,-0.0325
34.53928862861805,-0.03
34.53933662938607,-0.024999999
34.53938463015408,-0.024999999
34.53943263092209,-0.0275
34.539480631690104,-0.035
34.539528632458115,-0.035
34.539576633226126,-0.037499998
34.539624633994144,-0.0425
34.539672634762155,-0.04
34.539720635530166,-0.035
34.53976863629818,-0.0425
34.53981663706619,-0.04
34.53986463783421,-0.044999998
34.53991263860222,-0.037499998
34.53996063937023,-0.04
34.54000864013824,-0.035
34.54005664090625,-0.04
34.54010464167426,-0.04
34.54015264244228,-0.0425
34.54020064321029,-0.044999998
34.5402486439783,-0.049999997
34.54029664474631,-0.0425
34.540344645514324,-0.0475
34.540392646282335,-0.0475
34.54044064705035,-0.0475
34.540488647818364,-0.049999997
34.540536648586375,-0.0425
34.540584649354386,-0.044999998
34.5406326501224,-0.0425
34.540680650890415,-0.0425
34.540728651658426,-0.0425
34.54077665242644,-0.044999998
34.54082465319445,-0.037499998
34.54087265396246,-0.0425
34.54092065473047,-0.0525
34.54096865549849,-0.049999997
34.5410166562665,-0.044999998
34.54106465703451,-0.0475
34.54111265780252,-0.0425
34.54116065857053,-0.0425
34.541208659338544,-0.0525
34.54125666010656,-0.037499998
34.54130466087457,-0.044999998
34.541352661642584,-0.044999998
34.541400662410595,-0.044999998
34.541448663178606,-0.0425
34.541496663946624,-0.044999998
34.541544664714635,-0.04
34.541592665482646,-0.044999998
34.54164066625066,-0.0425
34.54168866701867,-0.055
34.54173666778668,-0.049999997
34.5417846685547,-0.057499997
34.54183266932271,-0.0425
34.54188067009072,-0.0475
34.54192867085873,-0.049999997
34.54197667162674,-0.057499997
34.54202467239475,-0.0425
34.54207267316277,-0.044999998
34.54212067393078,-0.049999997
34.54216867469879,-0.04
34.542216675466804,-0.044999998
34.542264676234815,-0.0475
34.54231267700283,-0.0425
34.542360677770844,-0.044999998
34.542408678538855,-0.049999997
34.542456679306866,-0.04
34.54250468007488,-0.044999998
34.54255268084289,-0.0475
34.54260068161091,-0.035
34.54264868237892,-0.0425
34.54269668314693,-0.0425
34.54274468391494,-0.0425
34.54279268468295,-0.044999998
34.54284068545096,-0.04
34.54288868621898,-0.044999998
34.54293668698699,-0.035
34.542984687755,-0.037499998
34.54303268852301,-0.04
34.543080689291024,-0.035
34.54312869005904,-0.037499998
34.54317669082705,-0.035
34.543224691595064,-0.0325
34.543272692363075,-0.035
34.543320693131086,-0.04
34.5433686938991,-0.0325
34.543416694667116,-0.0325
34.54346469543513,-0.035
34.54351269620314,-0.04
34.54356069697115,-0.0475
34.54360869773916,-0.035
34.54365669850717,-0.04
34.54370469927519,-0.0275
34.5437527000432,-0.035
34.54380070081121,-0.037499998
34.54384870157922,-0.04
34.54389670234723,-0.0425
34.54394470311525,-0.0325
34.54399270388326,-0.037499998
34.54404070465127,-0.04
34.544088705419284,-0.03
34.544136706187295,-0.03
34.544184706955306,-0.0275
34.544232707723324,-0.0325
34.544280708491335,-0.0275
34.54432870925935,-0.0275
34.54437671002736,-0.0275
34.54442471079537,-0.0325
34.54447271156338,-0.0175
34.5445207123314,-0.0275
34.54456871309941,-0.022499999
34.54461671386742,-0.024999999
34.54466471463543,-0.022499999
34.54471271540344,-0.022499999
34.54476071617146,-0.012499999
34.54480871693947,-0.022499999
34.54485671770748,-0.0175
34.54490471847549,-0.012499999
34.544952719243504,-0.015
34.545000720011515,-0.0075
34.54504872077953,-0.0075
34.545096721547544,-0.01
34.545144722315555,-0.012499999
34.54519272308357,-0.01
34.54524072385158,-0.0025
34.54528872461959,-0.01
34.54533672538761,-0.0025
34.54538472615562,0.0075
34.54543272692363,0.005
34.54548072769164,0.0025
34.54552872845965,0.005
34.54557672922767,0.0075
34.54562472999568,0.0025
34.54567273076369,0.015
34.5457207315317,0.0025
34.54576873229971,-0.0025
34.545816733067724,0.005
34.54586473383574,0.0075
34.54591273460375,0.0025
34.545960735371764,0.01
34.546008736139775,0.0
34.546056736907786,0.0075
34.5461047376758,0.005
34.546152738443816,0.0025
34.54620073921183,0.0
34.54624873997984,0.0025
34.54629674074785,0.0075
34.54634474151586,0.005
34.54639274228388,0.01
34.54644074305189,0.01
34.5464887438199,0.015
34.54653674458791,0.012499999
34.54658474535592,0.0075
34.54663274612393,0.012499999
34.54668074689195,0.022499999
34.54672874765996,0.0275
34.54677674842797,0.02
34.546824749195984,0.0075
34.546872749963995,0.015
34.546920750732006,0.015
34.546968751500025,0.015
34.547016752268036,0.015
34.54706475303605,0.015
34.54711275380406,0.0175
34.54716075457207,0.0075
34.54720875534009,0.02
34.5472567561081,0.0175
34.54730475687611,0.012499999
34.54735275764412,0.0075
34.54740075841213,0.012499999
34.54744875918014,0.005
34.54749675994816,0.015
34.54754476071617,0.01
34.54759276148418,0.0175
34.54764076225219,0.0175
34.547688763020204,0.02
34.547736763788215,0.0075
34.54778476455623,0.015
34.547832765324245,0.022499999
34.547880766092256,0.03
34.54792876686027,0.03
34.54797676762828,0.024999999
34.54802476839629,0.03
34.54807276916431,0.024999999
34.54812076993232,0.022499999
34.54816877070033,0.022499999
34.54821677146834,0.022499999
34.54826477223635,0.0275
34.54831277300437,0.0275
34.54836077377238,0.0275
34.54840877454039,0.022499999
34.5484567753084,0.024999999
34.54850477607641,0.022499999
34.548552776844424,0.02
34.54860077761244,0.015
34.54864877838045,0.012499999
34.548696779148464,0.0175
34.548744779916476,0.02
34.54879278068449,0.015
34.5488407814525,0.015
34.548888782220516,0.0175
34.54893678298853,0.01
34.54898478375654,0.01
34.54903278452455,0.01
34.54908078529256,0.015
34.54912878606058,0.015
34.54917678682859,0.015
34.5492247875966,0.005
34.54927278836461,0.005
34.54932078913262,0.012499999
34.54936878990063,0.01
34.54941679066865,0.0025
34.54946479143666,0.005
34.54951279220467,0.005
34.549560792972684,0.005
34.549608793740695,0.0175
34.54965679450871,0.005
34.549704795276725,0.005
34.549752796044736,-0.0025
34.54980079681275,0.0025
34.54984879758076,0.0025
34.54989679834877,0.01
34.54994479911679,0.0175
34.5499927998848,0.0075
34.55004080065281,0.01
34.55008880142082,0.0075
34.55013680218883,0.012499999
34.55018480295684,0.02
34.55023280372486,0.02
34.55028080449287,0.02
34.55032880526088,0.02
34.55037680602889,0.0175
34.550424806796904,0.0175
34.550472807564915,0.024999999
34.550520808332934,0.02
34.550568809100945,0.0175
34.550616809868956,0.022499999
34.55066481063697,0.02
34.55071281140498,0.02
34.550760812172996,0.01
34.55080881294101,0.005
34.55085681370902,0.015
34.55090481447703,0.012499999
34.55095281524504,0.015
34.55100081601305,0.012499999
34.55104881678107,0.0
34.55109681754908,0.0025
34.55114481831709,-0.0025
34.5511928190851,0.005
34.55124081985311,0.0025
34.551288820621124,-0.0075
34.55133682138914,-0.0025
34.551384822157154,0.0025
34.551432822925165,-0.0025
34.551480823693176,0.005
34.55152882446119,-0.0075
34.551576825229205,-0.0075
34.551624825997216,-0.01
34.55167282676523,-0.0075
34.55172082753324,-0.012499999
34.55176882830125,-0.012499999
34.55181682906926,-0.0075
34.55186482983728,-0.0025
34.55191283060529,-0.012499999
34.5519608313733,-0.005
34.55200883214131,0.0
34.55205683290932,-0.012499999
34.55210483367733,-0.012499999
34.55215283444535,-0.0075
34.55220083521336,-0.0025
34.55224883598137,-0.005
34.552296836749385,-0.005
34.552344837517396,-0.01
34.552392838285414,-0.0025
34.552440839053425,-0.005
34.552488839821436,0.0
34.55253684058945,0.0
34.55258484135746,-0.0075
34.55263284212547,0.0
34.55268084289349,-0.0025
34.5527288436615,0.0025
34.55277684442951,-0.0075
34.55282484519752,0.0
34.55287284596553,-0.005
34.55292084673354,-0.005
34.55296884750156,-0.0025
34.55301684826957,-0.0025
34.55306484903758,0.0025
34.55311284980559,-0.005
34.553160850573605,0.0
34.55320885134162,0.005
34.553256852109634,-0.0025
34.553304852877645,-0.015
34.553352853645656,-0.005
34.55340085441367,-0.01
34.55344885518168,-0.01
34.553496855949696,-0.0175
34.55354485671771,-0.0075
34.55359285748572,-0.015
34.55364085825373,-0.0175
34.55368885902174,-0.012499999
34.55373685978975,-0.012499999
34.55378486055777,-0.012499999
34.55383286132578,-0.0175
34.55388086209379,-0.012499999
34.5539288628618,-0.015
34.55397686362981,-0.005
34.55402486439783,-0.0075
34.55407286516584,-0.005
34.554120865933854,0.0
34.554168866701865,0.0025
34.554216867469876,0.0
34.55426486823789,0.0
34.554312869005905,0.0075
34.554360869773916,0.0
34.55440887054193,0.0025
34.55445687130994,0.0075
34.55450487207795,0.005
34.55455287284596,0.005
34.55460087361398,0.0
34.55464887438199,0.005
34.55469687515,0.012499999
34.55474487591801,0.0025
34.55479287668602,-0.005
34.55484087745404,-0.0025
34.55488887822205,-0.01
34.55493687899006,0.0
34.554984879758074,-0.0075
34.555032880526085,0.0025
34.555080881294096,-0.01
34.555128882062114,0.0
34.555176882830125,-0.01
34.555224883598136,-0.012499999
34.55527288436615,-0.012499999
34.55532088513416,-0.0075
34.55536888590217,-0.0075
34.55541688667019,-0.02
34.5554648874382,-0.0175
34.55551288820621,-0.0175
34.55556088897422,-0.012499999
34.55560888974223,-0.015
34.55565689051025,-0.02
34.55570489127826,-0.024999999
34.55575289204627,-0.02
34.55580089281428,-0.02
34.555848893582294,-0.022499999
34.555896894350305,-0.02
34.55594489511832,-0.024999999
34.555992895886334,-0.0275
34.556040896654345,-0.015
34.556088897422356,-0.02
34.55613689819037,-0.022499999
34.55618489895838,-0.02
34.556232899726396,-0.022499999
34.55628090049441,-0.015
34.55632890126242,-0.012499999
34.55637690203043,-0.015
34.55642490279844,-0.0075
34.55647290356646,-0.0075
34.55652090433447,-0.015
34.55656890510248,-0.01
34.55661690587049,-0.02
34.5566649066385,-0.0075
34.556712907406514,-0.005
34.55676090817453,-0.0175
34.55680890894254,-0.0175
34.556856909710554,-0.02
34.556904910478565,-0.015
34.556952911246576,-0.015
34.55700091201459,-0.0175
34.557048912782605,-0.0175
34.557096913550616,-0.0175
34.55714491431863,-0.0175
34.55719291508664,-0.02
34.55724091585465,-0.0175
34.55728891662267,-0.0175
34.55733691739068,-0.0175
34.55738491815869,-0.012499999
34.5574329189267,-0.012499999
34.55748091969471,-0.012499999
34.55752892046272,-0.0175
34.55757692123074,-0.0075
34.55762492199875,-0.01
34.55767292276676,-0.0075
34.557720923534774,-0.0075
34.557768924302785,-0.0075
34.557816925070796,-0.005
34.557864925838814,-0.005
34.557912926606825,-0.005
34.557960927374836,-0.0075
34.55800892814285,0.0025
34.55805692891086,-0.005
34.558104929678876,0.0025
34.55815293044689,0.0
34.5582009312149,-0.0025
34.55824893198291,-0.0075
34.55829693275092,0.0
34.55834493351893,-0.005
34.55839293428695,-0.005
34.55844093505496,0.0
34.55848893582297,0.0075
34.55853693659098,-0.0025
34.558584937358994,0.0
34.558632938127005,-0.0025
34.55868093889502,-0.012499999
34.558728939663034,-0.015
34.558776940431045,-0.01
34.558824941199056,0.0
34.55887294196707,-0.01
34.55892094273508,-0.0075
34.558968943503096,-0.005
34.55901694427111,-0.0075
34.55906494503912,-0.0075
34.55911294580713,-0.012499999
34.55916094657514,-0.015
34.55920894734316,-0.015
34.55925694811117,-0.0075
34.55930494887918,-0.015
34.55935294964719,-0.0025
34.5594009504152,-0.005
34.559448951183214,-0.0025
34.55949695195123,-0.01
34.55954495271924,-0.01
34.559592953487254,-0.0175
34.559640954255265,-0.0075
34.559688955023276,-0.0075
34.55973695579129,0.0
34.559784956559305,-0.005
34.559832957327316,-0.0075
34.55988095809533,-0.0025
34.55992895886334,-0.005
34.55997695963135,-0.015
34.56002496039937,-0.01
34.56007296116738,-0.0075
34.56012096193539,-0.005
34.5601689627034,-0.005
34.56021696347141,-0.012499999
34.56026496423942,-0.012499999
34.56031296500744,-0.015
34.56036096577545,-0.015
34.56040896654346,-0.02
34.560456967311474,-0.015
34.560504968079485,-0.0175
34.560552968847496,-0.024999999
34.560600969615514,-0.012499999
34.560648970383525,-0.022499999
34.560696971151536,-0.02
34.56074497191955,-0.024999999
34.56079297268756,-0.022499999
34.560840973455576,-0.022499999
34.56088897422359,-0.02
34.5609369749916,-0.0275
34.56098497575961,-0.0275
34.56103297652762,-0.0275
34.56108097729563,-0.024999999
34.56112897806365,-0.024999999
34.56117697883166,-0.024999999
34.56122497959967,-0.024999999
34.56127298036768,-0.03
34.561320981135694,-0.037499998
34.561368981903705,-0.03
34.56141698267172,-0.0325
34.561464983439734,-0.035
34.561512984207745,-0.035
34.561560984975756,-0.0275
34.56160898574377,-0.0275
34.561656986511785,-0.03
34.561704987279796,-0.04
34.56175298804781,-0.0275
34.56180098881582,-0.0275
34.56184898958383,-0.0325
34.56189699035184,-0.0325
34.56194499111986,-0.0325
34.56199299188787,-0.0325
34.56204099265588,-0.035
34.56208899342389,-0.0325
34.5621369941919,-0.0325
34.562184994959914,-0.0325
34.56223299572793,-0.035
34.56228099649594,-0.037499998
34.562328997263954,-0.044999998
34.562376998031965,-0.035
34.562424998799976,-0.035
34.562472999567994,-0.035
34.562521000336005,-0.035
34.562569001104016,-0.035
34.56261700187203,-0.0425
34.56266500264004,-0.0325
34.56271300340805,-0.044999998
34.56276100417607,-0.0425
34.56280900494408,-0.04
34.56285700571209,-0.0475
34.5629050064801,-0.0425
34.56295300724811,-0.049999997
34.56300100801612,-0.04
34.56304900878414,-0.04
34.56309700955215,-0.0425
34.56314501032016,-0.044999998
34.563193011088174,-0.0425
34.563241011856185,-0.049999997
34.5632890126242,-0.049999997
34.563337013392214,-0.0475
34.563385014160225,-0.0475
34.563433014928236,-0.0425
34.56348101569625,-0.049999997
34.56352901646426,-0.0425
34.56357701723228,-0.0475
34.56362501800029,-0.0475
34.5636730187683,-0.035
34.56372101953631,-0.0275
34.56376902030432,-0.037499998
34.56381702107233,-0.035
34.56386502184035,-0.04
34.56391302260836,-0.0475
34.56396102337637,-0.044999998
34.56400902414438,-0.04
34.564057024912394,-0.04
34.56410502568041,-0.037499998
34.56415302644842,-0.035
34.564201027216434,-0.0475
34.564249027984445,-0.04
34.564297028752456,-0.0425
34.56434502952047,-0.0425
34.564393030288485,-0.035
34.5644410310565,-0.037499998
34.56448903182451,-0.0425
34.56453703259252,-0.0325
34.56458503336053,-0.037499998
34.56463303412854,-0.0425
34.56468103489656,-0.04
34.56472903566457,-0.0425
34.56477703643258,-0.049999997
34.56482503720059,-0.044999998
34.5648730379686,-0.04
34.56492103873662,-0.037499998
34.56496903950463,-0.04
34.56501704027264,-0.037499998
34.565065041040654,-0.037499998
34.565113041808665,-0.0325
34.565161042576676,-0.037499998
34.565209043344694,-0.03
34.565257044112705,-0.0425
34.565305044880716,-0.037499998
34.56535304564873,-0.03
34.56540104641674,-0.0325
34.56544904718475,-0.044999998
34.56549704795277,-0.037499998
34.56554504872078,-0.035
34.56559304948879,-0.0325
34.5656410502568,-0.037499998
34.56568905102481,-0.03
34.56573705179283,-0.03
34.56578505256084,-0.037499998
34.56583305332885,-0.03
34.56588105409686,-0.0275
34.565929054864874,-0.024999999
34.565977055632885,-0.022499999
34.5660250564009,-0.0275
34.566073057168914,-0.0175
34.566121057936925,-0.0275
34.566169058704936,-0.02
34.56621705947295,-0.03
34.56626506024096,-0.024999999
34.56631306100898,-0.03
34.56636106177699,-0.03
34.566409062545,-0.024999999
34.56645706331301,-0.0275
34.56650506408102,-0.022499999
34.56655306484904,-0.012499999
34.56660106561705,-0.022499999
34.56664906638506,-0.0275
34.56669706715307,-0.022499999
34.56674506792108,-0.02
34.566793068689094,-0.024999999
34.56684106945711,-0.0175
34.56688907022512,-0.02
34.566937070993134,-0.0175
34.566985071761145,-0.02
34.567033072529156,-0.015
34.56708107329717,-0.01
34.567129074065186,-0.0175
34.5671770748332,-0.024999999
34.56722507560121,-0.015
34.56727307636922,-0.0175
34.56732107713723,-0.024999999
34.56736907790525,-0.03
34.56741707867326,-0.0275
34.56746507944127,-0.0325
34.56751308020928,-0.0325
34.56756108097729,-0.035
34.5676090817453,-0.04
34.56765708251332,-0.035
34.56770508328133,-0.0325
34.56775308404934,-0.04
34.567801084817354,-0.0275
34.567849085585365,-0.0425
34.567897086353376,-0.0425
34.567945087121394,-0.04
34.567993087889406,-0.0425
34.56804108865742,-0.044999998
34.56808908942543,-0.044999998
34.56813709019344,-0.04
34.56818509096146,-0.0525
34.56823309172947,-0.0525
34.56828109249748,-0.049999997
34.56832909326549,-0.0525
34.5683770940335,-0.057499997
34.56842509480151,-0.06
34.56847309556953,-0.055
34.56852109633754,-0.07
34.56856909710555,-0.057499997
34.56861709787356,-0.065
34.568665098641574,-0.0725
34.568713099409585,-0.0775
34.5687611001776,-0.0725
34.568809100945614,-0.065
34.568857101713625,-0.07
34.56890510248164,-0.0725
34.56895310324965,-0.0775
34.569001104017666,-0.0775
34.56904910478568,-0.074999996
34.56909710555369,-0.07
34.5691451063217,-0.07
34.56919310708971,-0.07
34.56924110785772,-0.0725
34.56928910862574,-0.0625
34.56933710939375,-0.067499995
34.56938511016176,-0.07
34.56943311092977,-0.07
34.56948111169778,-0.07
34.569529112465794,-0.067499995
34.56957711323381,-0.0725
34.56962511400182,-0.067499995
34.569673114769834,-0.065
34.569721115537845,-0.065
34.56976911630586,-0.067499995
34.56981711707387,-0.057499997
34.569865117841886,-0.06
34.5699131186099,-0.06
34.56996111937791,-0.067499995
34.57000912014592,-0.065
34.57005712091393,-0.065
34.57010512168195,-0.067499995
34.57015312244996,-0.065
34.57020112321797,-0.067499995
34.57024912398598,-0.067499995
34.57029712475399,-0.07
34.570345125522,-0.07
34.57039312629002,-0.065
34.57044112705803,-0.067499995
34.57048912782604,-0.065
34.570537128594054,-0.07
34.570585129362065,-0.067499995
34.570633130130076,-0.0625
34.570681130898095,-0.067499995
34.570729131666106,-0.0725
34.57077713243412,-0.07
34.57082513320213,-0.06
34.57087313397014,-0.065
34.57092113473816,-0.067499995
34.57096913550617,-0.055
34.57101713627418,-0.055
34.57106513704219,-0.0625
34.5711131378102,-0.055
34.57116113857821,-0.0475
34.57120913934623,-0.06
34.57125714011424,-0.055
34.57130514088225,-0.057499997
34.57135314165026,-0.049999997
34.571401142418274,-0.057499997
34.571449143186285,-0.0525
34.5714971439543,-0.049999997
34.571545144722315,-0.0475
34.571593145490326,-0.044999998
34.57164114625834,-0.0425
34.57168914702635,-0.024999999
34.571737147794366,-0.035
34.57178514856238,-0.037499998
34.57183314933039,-0.03
34.5718811500984,-0.03
34.57192915086641,-0.0325
34.57197715163442,-0.03
34.57202515240244,-0.0325
34.57207315317045,-0.0325
34.57212115393846,-0.037499998
34.57216915470647,-0.03
34.57221715547448,-0.0325
34.572265156242494,-0.0175
34.57231315701051,-0.022499999
34.57236115777852,-0.02
34.572409158546535,-0.024999999
34.572457159314546,-0.02
34.57250516008256,-0.0275
34.572553160850575,-0.024999999
34.572601161618586,-0.022499999
34.5726491623866,-0.02
34.57269716315461,-0.015
34.57274516392262,-0.02
34.57279316469063,-0.024999999
34.57284116545865,-0.0325
34.57288916622666,-0.03
34.57293716699467,-0.0325
34.57298516776268,-0.03
34.57303316853069,-0.037499998
34.5730811692987,-0.03
34.57312917006672,-0.0275
34.57317717083473,-0.024999999
34.57322517160274,-0.03
34.573273172370754,-0.03
34.573321173138766,-0.03
34.573369173906784,-0.03
34.573417174674795,-0.03
34.573465175442806,-0.0325
34.57351317621082,-0.035
34.57356117697883,-0.03
34.57360917774684,-0.0425
34.57365717851486,-0.0325
34.57370517928287,-0.035
34.57375318005088,-0.04
34.57380118081889,-0.037499998
34.5738491815869,-0.03
34.57389718235491,-0.03
34.57394518312293,-0.0325
34.57399318389094,-0.037499998
34.57404118465895,-0.04
34.57408918542696,-0.0325
34.574137186194974,-0.0275
34.57418518696299,-0.0275
34.574233187731004,-0.04
34.574281188499015,-0.04
34.574329189267026,-0.035
34.57437719003504,-0.0475
34.57442519080305,-0.0325
34.574473191571066,-0.0425
34.57452119233908,-0.04
34.57456919310709,-0.035
34.5746171938751,-0.0425
34.57466519464311,-0.03
34.57471319541112,-0.037499998
34.57476119617914,-0.04
34.57480919694715,-0.0325
34.57485719771516,-0.0275
34.57490519848317,-0.0325
34.57495319925118,-0.03
34.5750012000192,-0.035
34.57504920078721,-0.04
34.575097201555224,-0.037499998
34.575145202323235,-0.035
34.575193203091246,-0.035
34.57524120385926,-0.0325
34.575289204627275,-0.035
34.575337205395286,-0.0325
34.5753852061633,-0.035
34.57543320693131,-0.037499998
34.57548120769932,-0.035
34.57552920846733,-0.035
34.57557720923535,-0.04
34.57562521000336,-0.04
34.57567321077137,-0.035
34.57572121153938,-0.035
34.57576921230739,-0.04
34.57581721307541,-0.0425
34.57586521384342,-0.04
34.57591321461143,-0.037499998
34.575961215379444,-0.035
34.576009216147455,-0.037499998
34.576057216915466,-0.037499998
34.576105217683484,-0.0325
34.576153218451495,-0.035
34.576201219219506,-0.0275
34.57624921998752,-0.037499998
34.57629722075553,-0.035
34.57634522152354,-0.035
34.57639322229156,-0.037499998
34.57644122305957,-0.022499999
34.57648922382758,-0.0275
34.57653722459559,-0.0325
34.5765852253636,-0.03
34.57663322613162,-0.03
34.57668122689963,-0.022499999
34.57672922766764,-0.0275
34.57677722843565,-0.0275
34.57682522920366,-0.03
34.576873229971675,-0.03
34.57692123073969,-0.03
34.576969231507704,-0.035
34.577017232275715,-0.035
34.577065233043726,-0.0325
34.57711323381174,-0.0325
34.57716123457975,-0.037499998
34.577209235347766,-0.04
34.57725723611578,-0.0275
34.57730523688379,-0.0275
34.5773532376518,-0.0275
34.57740123841981,-0.03
34.57744923918783,-0.0275
34.57749723995584,-0.022499999
34.57754524072385,-0.024999999
34.57759324149186,-0.03
34.57764124225987,-0.024999999
34.57768924302788,-0.0175
34.5777372437959,-0.024999999
34.57778524456391,-0.02
34.577833245331924,-0.022499999
34.577881246099935,-0.02
34.577929246867946,-0.0175
34.57797724763596,-0.012499999
34.578025248403975,-0.012499999
34.578073249171986,-0.0075
34.57812124994,-0.0175
34.57816925070801,-0.012499999
34.57821725147602,-0.02
34.57826525224404,-0.01
34.57831325301205,-0.015
34.57836125378006,-0.005
34.57840925454807,-0.0075
34.57845725531608,-0.005
34.57850525608409,-0.012499999
34.57855325685211,-0.01
34.57860125762012,-0.015
34.57864925838813,0.0
34.578697259156144,0.0
34.578745259924155,-0.01
34.578793260692166,0.005
34.578841261460184,0.0025
34.578889262228195,-0.005
34.578937262996206,0.0
34.57898526376422,-0.0025
34.57903326453223,-0.0025
34.579081265300246,0.0075
34.57912926606826,0.0075
34.57917726683627,0.01
34.57922526760428,0.0175
34.57927326837229,0.015
34.5793212691403,0.012499999
34.57936926990832,0.0175
34.57941727067633,0.015
34.57946527144434,0.015
34.57951327221235,0.0175
34.579561272980364,0.022499999
34.579609273748375,0.015
34.57965727451639,0.02
34.579705275284404,0.024999999
34.579753276052415,0.03
34.579801276820426,0.022499999
34.57984927758844,0.0175
34.579897278356455,0.0325
34.579945279124466,0.024999999
34.57999327989248,0.03
34.58004128066049,0.03
34.5800892814285,0.03
34.58013728219651,0.03
34.58018528296453,0.0275
34.58023328373254,0.024999999
34.58028128450055,0.03
34.58032928526856,0.024999999
34.58037728603657,0.022499999
34.580425286804584,0.022499999
34.5804732875726,0.03
34.58052128834061,0.0275
34.580569289108624,0.024999999
34.580617289876635,0.022499999
34.580665290644646,0.02
34.58071329141266,0.024999999
34.580761292180675,0.024999999
34.580809292948686,0.03
34.5808572937167,0.03
34.58090529448471,0.022499999
34.58095329525272,0.02
34.58100129602074,0.024999999
34.58104929678875,0.0275
34.58109729755676,0.022499999
34.58114529832477,0.037499998
34.58119329909278,0.03
34.58124129986079,0.0325
34.58128930062881,0.024999999
34.58133730139682,0.0325
34.58138530216483,0.037499998
34.581433302932844,0.0325
34.581481303700855,0.0425
34.581529304468866,0.04
34.581577305236884,0.04
34.581625306004895,0.044999998
34.581673306772906,0.0475
34.58172130754092,0.0525
34.58176930830893,0.055
34.581817309076946,0.055
34.58186530984496,0.0625
34.58191331061297,0.055
34.58196131138098,0.057499997
34.58200931214899,0.055
34.582057312917,0.0525
34.58210531368502,0.049999997
34.58215331445303,0.055
34.58220131522104,0.055
34.58224931598905,0.057499997
34.582297316757064,0.0525
34.582345317525075,0.0525
34.58239331829309,0.06
34.582441319061104,0.055
34.582489319829115,0.057499997
34.582537320597126,0.06
34.58258532136514,0.065
34.582633322133155,0.057499997
34.582681322901166,0.057499997
34.58272932366918,0.057499997
34.58277732443719,0.055
34.5828253252052,0.049999997
34.58287332597321,0.057499997
34.58292132674123,0.057499997
34.58296932750924,0.0525
34.58301732827725,0.055
34.58306532904526,0.049999997
34.58311332981327,0.049999997
34.583161330581284,0.049999997
34.5832093313493,0.055
34.58325733211731,0.0425
34.583305332885324,0.0475
34.583353333653335,0.0475
34.583401334421346,0.049999997
34.583449335189364,0.057499997
34.583497335957375,0.049999997
34.583545336725386,0.0425
34.5835933374934,0.0475
34.58364133826141,0.055
34.58368933902942,0.0425
34.58373733979744,0.055
34.58378534056545,0.049999997
34.58383334133346,0.049999997
34.58388134210147,0.055
34.58392934286948,0.0425
34.58397734363749,0.0475
34.58402534440551,0.0475
34.58407334517352,0.049999997
34.58412134594153,0.0475
34.584169346709544,0.0475
34.584217347477555,0.055
34.58426534824557,0.049999997
34.584313349013584,0.0475
34.584361349781595,0.0475
34.584409350549606,0.0525
34.58445735131762,0.055
34.58450535208563,0.049999997
34.584553352853646,0.057499997
34.58460135362166,0.0525
34.58464935438967,0.049999997
34.58469735515768,0.055
34.58474535592569,0.0475
34.5847933566937,0.055
34.58484135746172,0.0625
34.58488935822973,0.065
34.58493735899774,0.0625
34.58498535976575,0.055
34.585033360533764,0.0425
34.58508136130178,0.057499997
34.58512936206979,0.057499997
34.585177362837804,0.0625
34.585225363605815,0.0625
34.585273364373826,0.06
34.58532136514184,0.067499995
34.585369365909855,0.0625
34.585417366677866,0.065
34.58546536744588,0.0725
34.58551336821389,0.0775
34.5855613689819,0.07
34.58560936974991,0.0625
34.58565737051793,0.0725
34.58570537128594,0.07
34.58575337205395,0.065
34.58580137282196,0.0725
34.58584937358997,0.0775
34.58589737435799,0.08
34.585945375126,0.0775
34.58599337589401,0.074999996
34.586041376662024,0.0775
34.586089377430035,0.067499995
34.586137378198046,0.067499995
34.586185378966064,0.0625
34.586233379734075,0.07
34.586281380502086,0.067499995
34.5863293812701,0.067499995
34.58637738203811,0.065
34.58642538280612,0.067499995
34.58647338357414,0.0625
34.58652138434215,0.06
34.58656938511016,0.0625
34.58661738587817,0.057499997
34.58666538664618,0.067499995
34.5867133874142,0.0475
34.58676138818221,0.06
34.58680938895022,0.057499997
34.58685738971823,0.0625
34.586905390486244,0.055
34.586953391254255,0.057499997
34.58700139202227,0.055
34.587049392790284,0.06
34.587097393558295,0.0525
34.587145394326306,0.0625
34.58719339509432,0.057499997
34.58724139586233,0.055
34.58728939663035,0.055
34.58733739739836,0.055
34.58738539816637,0.044999998
34.58743339893438,0.049999997
34.58748139970239,0.0475
34.58752940047041,0.0425
34.58757740123842,0.035
34.58762540200643,0.0475
34.58767340277444,0.049999997
34.58772140354245,0.0425
34.587769404310464,0.0425
34.58781740507848,0.04
34.58786540584649,0.037499998
34.587913406614504,0.035
34.587961407382515,0.035
34.588009408150526,0.03
34.58805740891854,0.03
34.588105409686555,0.0325
34.58815341045457,0.035
34.58820141122258,0.024999999
34.58824941199059,0.02
34.5882974127586,0.03
34.58834541352662,0.03
34.58839341429463,0.03
34.58844141506264,0.02
34.58848941583065,0.024999999
34.58853741659866,0.022499999
34.58858541736667,0.0175
34.58863341813469,0.0275
34.5886814189027,0.0175
34.58872941967071,0.0275
34.588777420438724,0.024999999
34.588825421206735,0.02
34.588873421974746,0.024999999
34.588921422742764,0.022499999
34.588969423510775,0.0325
34.58901742427879,0.03
34.5890654250468,0.024999999
34.58911342581481,0.022499999
34.58916142658283,0.0175
34.58920942735084,0.0275
34.58925742811885,0.022499999
34.58930542888686,0.022499999
34.58935342965487,0.015
34.58940143042288,0.024999999
34.5894494311909,0.0275
34.58949743195891,0.02
34.58954543272692,0.022499999
34.58959343349493,0.012499999
34.589641434262944,0.015
34.589689435030955,0.0075
34.58973743579897,0.015
34.589785436566984,0.01
34.589833437334995,0.012499999
34.589881438103006,0.015
34.58992943887102,0.015
34.589977439639036,0.02
34.59002544040705,0.01
34.59007344117506,0.012499999
34.59012144194307,0.015
34.59016944271108,0.012499999
34.59021744347909,0.022499999
34.59026544424711,0.0275
34.59031344501512,0.02
34.59036144578313,0.022499999
34.59040944655114,0.0325
34.59045744731915,0.035
34.590505448087164,0.03
34.59055344885518,0.0325
34.59060144962319,0.0275
34.590649450391204,0.0275
34.590697451159215,0.022499999
34.590745451927226,0.0325
34.590793452695245,0.024999999
34.590841453463256,0.022499999
34.59088945423127,0.0275
34.59093745499928,0.0175
34.59098545576729,0.03
34.5910334565353,0.02
34.59108145730332,0.022499999
34.59112945807133,0.012499999
34.59117745883934,0.02
34.59122545960735,0.0175
34.59127346037536,0.022499999
34.59132146114337,0.02
34.59136946191139,0.022499999
34.5914174626794,0.015
34.59146546344741,0.02
34.591513464215424,0.0075
34.591561464983435,0.015
34.591609465751446,0.0175
34.591657466519464,0.015
34.591705467287476,0.012499999
34.59175346805549,0.0175
34.5918014688235,0.0175
34.59184946959151,0.0175
34.59189747035953,0.0075
34.59194547112754,0.012499999
34.59199347189555,0.015
34.59204147266356,0.015
34.59208947343157,0.0175
34.59213747419958,0.01
34.5921854749676,0.0075
34.59223347573561,0.015
34.59228147650362,0.01
34.59232947727163,0.015
34.592377478039644,0.015
34.592425478807655,0.015
34.59247347957567,0.012499999
34.592521480343684,0.012499999
34.592569481111695,0.0175
34.59261748187971,0.012499999
34.59266548264772,0.0175
34.592713483415736,0.012499999
34.59276148418375,0.02
34.59280948495176,0.005
34.59285748571977,0.0025
34.59290548648778,0.015
34.59295348725579,0.015
34.59300148802381,0.0075
34.59304948879182,0.01
34.59309748955983,0.0025
34.59314549032784,0.01
34.59319349109585,0.012499999
34.593241491863864,0.005
34.59328949263188,0.005
34.59333749339989,0.02
34.593385494167904,0.01
34.593433494935915,0.012499999
34.59348149570393,0.0175
34.593529496471945,0.0175
34.593577497239956,0.02
34.59362549800797,0.024999999
34.59367349877598,0.015
34.59372149954399,0.01
34.593769500312,0.015
34.59381750108002,0.0075
34.59386550184803,0.01
34.59391350261604,0.005
34.59396150338405,0.0075
34.59400950415206,0.0075
34.59405750492007,0.01
34.59410550568809,0.0075
34.5941535064561,0.01
34.59420150722411,0.012499999
34.594249507992124,0.005
34.594297508760135,0.01
34.594345509528154,0.005
34.594393510296165,0.012499999
34.594441511064176,0.0175
34.59448951183219,0.012499999
34.5945375126002,0.012499999
34.59458551336821,0.005
34.59463351413623,0.0075
34.59468151490424,0.0075
34.59472951567225,0.005
34.59477751644026,0.005
34.59482551720827,0.012499999
34.59487351797628,0.01
34.5949215187443,0.01
34.59496951951231,0.01
34.59501752028032,0.015
34.59506552104833,0.012499999
34.595113521816344,0.0175
34.59516152258436,0.012499999
34.59520952335237,0.024999999
34.595257524120385,0.0175
34.595305524888396,0.0175
34.59535352565641,0.02
34.59540152642442,0.012499999
34.595449527192436,0.02
34.59549752796045,0.02
34.59554552872846,0.015
34.59559352949647,0.024999999
34.59564153026448,0.0275
34.59568953103249,0.024999999
34.59573753180051,0.022499999
34.59578553256852,0.022499999
34.59583353333653,0.0275
34.59588153410454,0.022499999
34.59592953487255,0.02
34.59597753564057,0.0175
34.59602553640858,0.024999999
34.59607353717659,0.02
34.596121537944605,0.03
34.596169538712616,0.0275
34.59621753948063,0.01
34.596265540248645,0.015
34.596313541016656,0.0175
34.59636154178467,0.02
34.59640954255268,0.012499999
34.59645754332069,0.012499999
34.5965055440887,0.01
34.59655354485672,0.0075
34.59660154562473,0.012499999
34.59664954639274,0.01
34.59669754716075,0.024999999
34.59674554792876,0.0175
34.59679354869678,0.02
34.59684154946479,0.03
34.5968895502328,0.0325
34.59693755100081,0.0275
34.596985551768825,0.022499999
34.597033552536836,0.0275
34.597081553304854,0.0325
34.597129554072865,0.04
34.597177554840876,0.037499998
34.59722555560889,0.035
34.5972735563769,0.037499998
34.59732155714491,0.024999999
34.59736955791293,0.0325
34.59741755868094,0.037499998
34.59746555944895,0.04
34.59751356021696,0.049999997
34.59756156098497,0.0325
34.59760956175299,0.035
34.597657562521,0.037499998
34.59770556328901,0.04
34.59775356405702,0.04
34.59780156482503,0.04
34.597849565593044,0.04
34.59789756636106,0.0425
34.597945567129074,0.049999997
34.597993567897085,0.0425
34.598041568665096,0.049999997
34.59808956943311,0.04
34.59813757020112,0.04
34.598185570969136,0.037499998
34.59823357173715,0.049999997
34.59828157250516,0.0425
34.59832957327317,0.0425
34.59837757404118,0.04
34.5984255748092,0.0425
34.59847357557721,0.035
34.59852157634522,0.035
34.59856957711323,0.04
34.59861757788124,0.0425
34.59866557864925,0.04
34.59871357941727,0.0425
34.59876158018528,0.0525
34.598809580953294,0.044999998
34.598857581721305,0.044999998
34.598905582489316,0.0525
34.59895358325733,0.0475
34.599001584025345,0.049999997
34.599049584793356,0.0425
34.59909758556137,0.0425
34.59914558632938,0.04
34.59919358709739,0.0475
34.59924158786541,0.044999998
34.59928958863342,0.044999998
34.59933758940143,0.049999997
34.59938559016944,0.0425
34.59943359093745,0.049999997
34.59948159170546,0.044999998
34.59952959247348,0.044999998
34.59957759324149,0.0475
34.5996255940095,0.0475
34.599673594777514,0.037499998
34.599721595545525,0.0425
34.599769596313536,0.044999998
34.599817597081554,0.049999997
34.599865597849565,0.044999998
34.599913598617576,0.0525
34.59996159938559,0.0425
34.6000096001536,0.049999997
34.600057600921616,0.0525
34.60010560168963,0.057499997
34.60015360245764,0.06
34.60020160322565,0.065
34.60024960399366,0.065
34.60029760476167,0.067499995
34.60034560552969,0.07
34.6003936062977,0.065
34.60044160706571,0.0725
34.60048960783372,0.0725
34.60053760860173,0.067499995
34.600585609369745,0.085
34.60063361013776,0.0775
34.600681610905774,0.07
34.600729611673785,0.0775
34.600777612441796,0.0775
34.60082561320981,0.074999996
34.600873613977825,0.082499996
34.600921614745836,0.08
34.60096961551385,0.082499996
34.60101761628186,0.08
34.60106561704987,0.085
34.60111361781788,0.082499996
34.6011616185859,0.0875
34.60120961935391,0.0925
34.60125762012192,0.089999996
34.60130562088993,0.0775
34.60135362165794,0.0925
34.60140162242595,0.08
34.60144962319397,0.0775
34.60149762396198,0.0875
34.601545624729994,0.08
34.601593625498005,0.095
34.601641626266016,0.0925
34.601689627034034,0.0925
34.601737627802045,0.089999996
34.601785628570056,0.085
34.60183362933807,0.0875
34.60188163010608,0.089999996
34.60192963087409,0.0875
34.60197763164211,0.0975
34.60202563241012,0.095
34.60207363317813,0.1025
34.60212163394614,0.095
34.60216963471415,0.1025
34.60221763548216,0.1125
34.60226563625018,0.099999994
34.60231363701819,0.099999994
34.6023616377862,0.1025
34.602409638554214,0.11
34.602457639322225,0.1175
34.602505640090236,0.114999995
34.602553640858254,0.114999995
34.602601641626265,0.114999995
34.602649642394276,0.1025
34.60269764316229,0.107499994
34.6027456439303,0.1025
34.602793644698316,0.107499994
34.60284164546633,0.107499994
34.60288964623434,0.107499994
34.60293764700235,0.114999995
34.60298564777036,0.1125
34.60303364853837,0.114999995
34.60308164930639,0.105
34.6031296500744,0.107499994
34.60317765084241,0.1025
34.60322565161042,0.11
34.603273652378434,0.12
34.603321653146445,0.114999995
34.60336965391446,0.1125
34.603417654682474,0.114999995
34.603465655450485,0.11
34.603513656218496,0.1175
34.60356165698651,0.122499995
34.603609657754525,0.125
34.603657658522536,0.12
34.60370565929055,0.1175
34.60375366005856,0.1125
34.60380166082657,0.12
34.60384966159458,0.1175
34.6038976623626,0.122499995
34.60394566313061,0.125
34.60399366389862,0.125
34.60404166466663,0.13499999
34.60408966543464,0.1325
34.604137666202654,0.13
34.60418566697067,0.122499995
34.60423366773868,0.122499995
34.604281668506694,0.1325
34.604329669274705,0.122499995
34.604377670042716,0.122499995
34.604425670810734,0.1275
34.604473671578745,0.122499995
34.604521672346756,0.1275
34.60456967311477,0.1275
34.60461767388278,0.125
34.60466567465079,0.12
34.60471367541881,0.13
34.60476167618682,0.125
34.60480967695483,0.122499995
34.60485767772284,0.125
34.60490567849085,0.12
34.60495367925886,0.114999995
34.60500168002688,0.11
34.60504968079489,0.11
34.6050976815629,0.114999995
34.605145682330914,0.114999995
34.605193683098925,0.107499994
34.60524168386694,0.105
34.605289684634954,0.11
34.605337685402965,0.1125
34.605385686170976,0.1125
34.60543368693899,0.11
34.605481687707,0.1125
34.605529688475016,0.107499994
34.60557768924303,0.1175
34.60562569001104,0.114999995
34.60567369077905,0.1125
34.60572169154706,0.1275
34.60576969231507,0.114999995
34.60581769308309,0.1125
34.6058656938511,0.114999995
34.60591369461911,0.105
34.60596169538712,0.122499995
34.606009696155134,0.125
34.60605769692315,0.1175
34.60610569769116,0.122499995
34.606153698459174,0.114999995
34.606201699227185,0.12
34.606249699995196,0.1125
34.60629770076321,0.125
34.606345701531225,0.1175
34.606393702299236,0.12
34.60644170306725,0.11
34.60648970383526,0.114999995
34.60653770460327,0.11
34.60658570537128,0.107499994
34.6066337061393,0.1025
34.60668170690731,0.11
34.60672970767532,0.107499994
34.60677770844333,0.105
34.60682570921134,0.105
34.60687370997936,0.0975
34.60692171074737,0.089999996
34.60696971151538,0.105
34.607017712283394,0.1025
34.607065713051405,0.105
34.607113713819416,0.0975
34.607161714587434,0.0975
34.607209715355445,0.107499994
34.607257716123456,0.105
34.60730571689147,0.099999994
34.60735371765948,0.105
34.60740171842749,0.099999994
34.60744971919551,0.099999994
34.60749771996352,0.11
34.60754572073153,0.1125
34.60759372149954,0.114999995
34.60764172226755,0.114999995
34.60768972303557,0.1125
34.60773772380358,0.1275
34.60778572457159,0.1275
34.6078337253396,0.12
34.607881726107614,0.122499995
34.607929726875625,0.1325
34.60797772764364,0.125
34.608025728411654,0.1325
34.608073729179665,0.122499995
34.608121729947676,0.12
34.60816973071569,0.12
34.6082177314837,0.1175
34.608265732251716,0.12
34.60831373301973,0.11
34.60836173378774,0.12
34.60840973455575,0.114999995
34.60845773532376,0.122499995
34.60850573609178,0.122499995
34.60855373685979,0.114999995
34.6086017376278,0.125
34.60864973839581,0.12
34.60869773916382,0.125
34.608745739931834,0.1275
34.60879374069985,0.12
34.60884174146786,0.11
34.608889742235874,0.114999995
34.608937743003885,0.1275
34.608985743771896,0.12
34.60903374453991,0.1175
34.609081745307925,0.122499995
34.609129746075936,0.114999995
34.60917774684395,0.1125
34.60922574761196,0.1125
34.60927374837997,0.1175
34.60932174914799,0.12
34.609369749916,0.1125
34.60941775068401,0.122499995
34.60946575145202,0.1175
34.60951375222003,0.1125
34.60956175298804,0.107499994
34.60960975375606,0.1125
34.60965775452407,0.1125
34.60970575529208,0.1175
34.609753756060094,0.122499995
34.609801756828105,0.12
34.609849757596116,0.11
34.609897758364134,0.1025
34.609945759132145,0.114999995
34.609993759900156,0.1125
34.61004176066817,0.099999994
34.61008976143618,0.1025
34.6101377622042,0.105
34.61018576297221,0.099999994
34.61023376374022,0.105
34.61028176450823,0.1025
34.61032976527624,0.105
34.61037776604425,0.1025
34.61042576681227,0.095
34.61047376758028,0.0975
34.61052176834829,0.1025
34.6105697691163,0.089999996
34.610617769884314,0.0975
34.610665770652325,0.089999996
34.61071377142034,0.085
34.610761772188354,0.0875
34.610809772956365,0.0975
34.610857773724376,0.089999996
34.61090577449239,0.0875
34.610953775260406,0.082499996
34.61100177602842,0.074999996
34.61104977679643,0.085
34.61109777756444,0.085
34.61114577833245,0.0875
34.61119377910046,0.095
34.61124177986848,0.089999996
34.61128978063649,0.0875
34.6113377814045,0.082499996
34.61138578217251,0.0875
34.61143378294052,0.0925
34.611481783708534,0.089999996
34.61152978447655,0.085
34.61157778524456,0.0875
34.611625786012574,0.089999996
34.611673786780585,0.08
34.611721787548596,0.0775
34.611769788316614,0.074999996
34.611817789084625,0.074999996
34.61186578985264,0.0775
34.61191379062065,0.08
34.61196179138866,0.089999996
34.61200979215667,0.0725
34.61205779292469,0.07
34.6121057936927,0.0725
34.61215379446071,0.074999996
34.61220179522872,0.08
34.61224979599673,0.0775
34.61229779676474,0.08
34.61234579753276,0.0775
34.61239379830077,0.074999996
34.61244179906878,0.074999996
34.612489799836794,0.065
34.612537800604805,0.07
34.61258580137282,0.08
34.612633802140834,0.0775
34.612681802908845,0.085
34.61272980367686,0.08
34.61277780444487,0.074999996
34.61282580521288,0.07
34.6128738059809,0.08
34.61292180674891,0.0725
34.61296980751692,0.082499996
34.61301780828493,0.07
34.61306580905294,0.08
34.61311380982095,0.082499996
34.61316181058897,0.074999996
34.61320981135698,0.08
34.61325781212499,0.065
34.613305812893,0.07
34.613353813661014,0.07
34.613401814429025,0.067499995
34.61344981519704,0.07
34.613497815965054,0.074999996
34.613545816733065,0.08
34.613593817501076,0.0725
34.61364181826909,0.06
34.613689819037106,0.074999996
34.61373781980512,0.067499995
34.61378582057313,0.0625
34.61383382134114,0.0625
34.61388182210915,0.0625
34.61392982287716,0.07
34.61397782364518,0.06
34.61402582441319,0.055
34.6140738251812,0.057499997
34.61412182594921,0.055
34.61416982671722,0.067499995
34.614217827485234,0.055
34.61426582825325,0.049999997
34.61431382902126,0.0525
34.614361829789274,0.0625
34.614409830557285,0.0525
34.614457831325296,0.055
34.614505832093315,0.055
34.614553832861326,0.055
34.61460183362934,0.055
34.61464983439735,0.055
34.61469783516536,0.057499997
34.61474583593337,0.0525
34.61479383670139,0.055
34.6148418374694,0.06
34.61488983823741,0.057499997
34.61493783900542,0.049999997
34.61498583977343,0.06
34.61503384054144,0.0525
34.61508184130946,0.0525
34.61512984207747,0.0525
34.61517784284548,0.06
34.615225843613494,0.0425
34.615273844381505,0.0475
34.61532184514952,0.0475
34.615369845917535,0.04
34.615417846685546,0.0425
34.61546584745356,0.0425
34.61551384822157,0.0425
34.61556184898958,0.035
34.6156098497576,0.04
34.61565785052561,0.04
34.61570585129362,0.035
34.61575385206163,0.03
34.61580185282964,0.037499998
34.61584985359765,0.0275
34.61589785436567,0.02
34.61594585513368,0.035
34.61599385590169,0.037499998
34.6160418566697,0.022499999
34.616089857437714,0.022499999
34.61613785820573,0.0275
34.61618585897374,0.0275
34.616233859741754,0.024999999
34.616281860509766,0.03
34.61632986127778,0.022499999
34.61637786204579,0.03
34.616425862813806,0.02
34.61647386358182,0.0275
34.61652186434983,0.0275
34.61656986511784,0.012499999
34.61661786588585,0.022499999
34.61666586665386,0.03
34.61671386742188,0.0275
34.61676186818989,0.0175
34.6168098689579,0.024999999
34.61685786972591,0.015
34.61690587049392,0.015
34.61695387126194,0.012499999
34.61700187202995,0.03
34.61704987279796,0.01
34.617097873565974,0.015
34.617145874333985,0.024999999
34.617193875102,0.02
34.617241875870015,0.015
34.617289876638026,0.01
34.61733787740604,0.015
34.61738587817405,0.01
34.61743387894206,0.02
34.61748187971007,0.015
34.61752988047809,0.015
34.6175778812461,0.02
34.61762588201411,0.01
34.61767388278212,0.005
34.61772188355013,0.01
34.61776988431815,0.0025
34.61781788508616,0.01
34.61786588585417,0.01
34.61791388662218,0.01
34.617961887390194,0.015
34.618009888158205,0.0075
34.618057888926224,0.012499999
34.618105889694235,0.012499999
34.618153890462246,0.02
34.61820189123026,0.0175
34.61824989199827,0.022499999
34.61829789276628,0.0275
34.6183458935343,0.0275
34.61839389430231,0.0275
34.61844189507032,0.0275
34.61848989583833,0.0275
34.61853789660634,0.024999999
34.61858589737436,0.0275
34.61863389814237,0.03
34.61868189891038,0.024999999
34.61872989967839,0.024999999
34.6187779004464,0.035
34.618825901214414,0.0325
34.61887390198243,0.03
34.618921902750444,0.037499998
34.618969903518455,0.0275
34.619017904286466,0.037499998
34.61906590505448,0.035
34.61911390582249,0.037499998
34.619161906590506,0.0425
34.61920990735852,0.0325
34.61925790812653,0.037499998
34.61930590889454,0.04
34.61935390966255,0.035
34.61940191043057,0.04
34.61944991119858,0.037499998
34.61949791196659,0.024999999
34.6195459127346,0.035
34.61959391350261,0.0325
34.61964191427062,0.0325
34.61968991503864,0.04
34.61973791580665,0.044999998
34.61978591657466,0.0425
34.619833917342675,0.0325
34.619881918110686,0.03
34.6199299188787,0.035
34.619977919646715,0.03
34.620025920414726,0.0325
34.62007392118274,0.03
34.62012192195075,0.03
34.62016992271876,0.03
34.62021792348678,0.035
34.62026592425479,0.037499998
34.6203139250228,0.04
34.62036192579081,0.0325
34.62040992655882,0.035
34.62045792732683,0.037499998
34.62050592809485,0.035
34.62055392886286,0.037499998
34.62060192963087,0.035
34.62064993039888,0.04
34.620697931166895,0.0425
34.620745931934906,0.035
34.620793932702924,0.0325
34.620841933470935,0.037499998
34.620889934238946,0.035
34.62093793500696,0.04
34.62098593577497,0.044999998
34.621033936542986,0.0325
34.621081937311,0.037499998
34.62112993807901,0.035
34.62117793884702,0.035
34.62122593961503,0.04
34.62127394038304,0.037499998
34.62132194115106,0.04
34.62136994191907,0.04
34.62141794268708,0.04
34.62146594345509,0.037499998
34.6215139442231,0.037499998
34.621561944991115,0.04
34.62160994575913,0.0475
34.621657946527144,0.04
34.621705947295155,0.044999998
34.621753948063166,0.037499998
34.62180194883118,0.0325
34.621849949599195,0.04
34.621897950367206,0.04
34.62194595113522,0.04
34.62199395190323,0.037499998
34.62204195267124,0.04
34.62208995343925,0.04
34.62213795420727,0.044999998
34.62218595497528,0.0475
34.62223395574329,0.035
34.6222819565113,0.037499998
34.62232995727931,0.044999998
34.62237795804732,0.037499998
34.62242595881534,0.0325
34.62247395958335,0.035
34.622521960351364,0.0325
34.622569961119375,0.035
34.622617961887386,0.0475
34.622665962655404,0.037499998
34.622713963423415,0.035
34.622761964191426,0.0325
34.62280996495944,0.035
34.62285796572745,0.0325
34.62290596649546,0.0325
34.62295396726348,0.03
34.62300196803149,0.022499999
34.6230499687995,0.022499999
34.62309796956751,0.0275
34.62314597033552,0.0325
34.62319397110353,0.0275
34.62324197187155,0.0275
34.62328997263956,0.024999999
34.62333797340757,0.024999999
34.623385974175584,0.0275
34.623433974943595,0.035
34.62348197571161,0.024999999
34.623529976479624,0.02
34.623577977247635,0.022499999
34.623625978015646,0.01
34.62367397878366,0.022499999
34.62372197955167,0.0175
34.623769980319686,0.02
34.6238179810877,0.03
34.62386598185571,0.024999999
34.62391398262372,0.022499999
34.62396198339173,0.0325
34.62400998415974,0.0275
34.62405798492776,0.022499999
34.62410598569577,0.024999999
34.62415398646378,0.035
34.62420198723179,0.0275
34.624249987999804,0.0325
34.624297988767815,0.03
34.62434598953583,0.037499998
34.624393990303844,0.037499998
34.624441991071855,0.037499998
34.624489991839866,0.03
34.62453799260788,0.024999999
34.624585993375895,0.0325
34.624633994143906,0.037499998
34.62468199491192,0.037499998
34.62472999567993,0.0325
34.62477799644794,0.0275
34.62482599721595,0.0325
34.62487399798397,0.037499998
34.62492199875198,0.0325
34.62496999951999,0.035
34.625018000288,0.0325
34.62506600105601,0.0325
34.62511400182402,0.0325
34.62516200259204,0.035
34.62521000336005,0.0275
34.625258004128064,0.037499998
34.625306004896075,0.024999999
34.625354005664086,0.0275
34.625402006432104,0.0325
34.625450007200115,0.035
34.625498007968126,0.0325
34.62554600873614,0.035
34.62559400950415,0.0325
34.62564201027216,0.04
34.62569001104018,0.04
34.62573801180819,0.03
34.6257860125762,0.022499999
34.62583401334421,0.03
34.62588201411222,0.03
34.62593001488023,0.03
34.62597801564825,0.024999999
34.62602601641626,0.04
34.62607401718427,0.037499998
34.626122017952284,0.0325
34.626170018720295,0.0325
34.62621801948831,0.022499999
34.626266020256324,0.0325
34.626314021024335,0.0275
34.626362021792346,0.035
34.62641002256036,0.035
34.62645802332837,0.044999998
34.626506024096386,0.037499998
34.6265540248644,0.035
34.62660202563241,0.037499998
34.62665002640042,0.037499998
34.62669802716843,0.04
34.62674602793644,0.037499998
34.62679402870446,0.0425
34.62684202947247,0.04
34.62689003024048,0.037499998
34.62693803100849,0.04
34.626986031776504,0.0425
34.62703403254452,0.0425
34.62708203331253,0.037499998
34.627130034080544,0.04
34.627178034848555,0.0425
34.627226035616566,0.0425
34.62727403638458,0.0475
34.627322037152595,0.044999998
34.627370037920606,0.0525
34.62741803868862,0.044999998
34.62746603945663,0.044999998
34.62751404022464,0.049999997
34.62756204099265,0.0525
34.62761004176067,0.044999998
34.62765804252868,0.0475
34.62770604329669,0.0425
34.6277540440647,0.044999998
34.62780204483271,0.049999997
34.62785004560073,0.044999998
34.62789804636874,0.044999998
34.62794604713675,0.04
34.627994047904764,0.0425
34.628042048672775,0.0475
34.628090049440786,0.049999997
34.628138050208804,0.0425
34.628186050976815,0.049999997
34.628234051744826,0.0475
34.62828205251284,0.0425
34.62833005328085,0.0425
34.62837805404886,0.04
34.62842605481688,0.035
34.62847405558489,0.037499998
34.6285220563529,0.0425
34.62857005712091,0.0325
34.62861805788892,0.037499998
34.62866605865694,0.0275
34.62871405942495,0.0325
34.62876206019296,0.035
34.62881006096097,0.04
34.628858061728984,0.0325
34.628906062496995,0.04
34.62895406326501,0.044999998
34.629002064033024,0.0325
34.629050064801035,0.037499998
34.629098065569046,0.037499998
34.62914606633706,0.037499998
34.62919406710507,0.04
34.629242067873086,0.04
34.6292900686411,0.0425
34.62933806940911,0.0425
34.62938607017712,0.037499998
34.62943407094513,0.0425
34.62948207171315,0.0475
34.62953007248116,0.049999997
34.62957807324917,0.0475
34.62962607401718,0.0425
34.62967407478519,0.0525
34.629722075553204,0.0475
34.62977007632122,0.049999997
34.62981807708923,0.044999998
34.629866077857244,0.049999997
34.629914078625255,0.049999997
34.629962079393266,0.0475
34.63001008016128,0.0525
34.630058080929295,0.049999997
34.630106081697306,0.0525
34.63015408246532,0.055
34.63020208323333,0.057499997
34.63025008400134,0.0525
34.63029808476936,0.06
34.63034608553737,0.0625
34.63039408630538,0.057499997
34.63044208707339,0.06
34.6304900878414,0.06
34.63053808860941,0.0625
34.63058608937743,0.0625
34.63063409014544,0.06
34.63068209091345,0.057499997
34.630730091681464,0.065
34.630778092449475,0.0625
34.630826093217486,0.057499997
34.630874093985504,0.055
34.630922094753515,0.06
34.630970095521526,0.057499997
34.63101809628954,0.057499997
34.63106609705755,0.06
34.63111409782557,0.06
34.63116209859358,0.0625
34.63121009936159,0.0625
34.6312581001296,0.06
34.63130610089761,0.06
34.63135410166562,0.065
34.63140210243364,0.06
34.63145010320165,0.06
34.63149810396966,0.06
34.63154610473767,0.07
34.631594105505684,0.065
34.631642106273695,0.065
34.63169010704171,0.067499995
34.631738107809724,0.067499995
34.631786108577735,0.07
34.631834109345746,0.067499995
34.63188211011376,0.07
34.631930110881775,0.0725
34.63197811164979,0.074999996
34.6320261124178,0.0775
34.63207411318581,0.074999996
34.63212211395382,0.08
34.63217011472183,0.0775
34.63221811548985,0.07
34.63226611625786,0.08
34.63231411702587,0.08
34.63236211779388,0.08
34.63241011856189,0.0775
34.632458119329904,0.074999996
34.63250612009792,0.085
34.63255412086593,0.0775
34.632602121633944,0.074999996
34.632650122401955,0.0725
34.632698123169966,0.082499996
34.632746123937984,0.085
34.632794124705995,0.074999996
34.632842125474006,0.0725
34.63289012624202,0.082499996
34.63293812701003,0.074999996
34.63298612777804,0.0875
34.63303412854606,0.074999996
34.63308212931407,0.082499996
34.63313013008208,0.085
34.63317813085009,0.082499996
34.6332261316181,0.085
34.63327413238611,0.085
34.63332213315413,0.0875
34.63337013392214,0.082499996
34.63341813469015,0.0975
34.633466135458164,0.0875
34.633514136226175,0.099999994
34.63356213699419,0.0975
34.633610137762204,0.095
34.633658138530215,0.089999996
34.633706139298226,0.0925
34.63375414006624,0.0975
34.63380214083425,0.0975
34.63385014160227,0.089999996
34.63389814237028,0.082499996
34.63394614313829,0.089999996
34.6339941439063,0.089999996
34.63404214467431,0.089999996
34.63409014544232,0.095
34.63413814621034,0.095
34.63418614697835,0.0875
34.63423414774636,0.0875
34.63428214851437,0.095
34.634330149282384,0.095
34.6343781500504,0.0875
34.63442615081841,0.08
34.634474151586424,0.082499996
34.634522152354435,0.08
34.634570153122446,0.085
34.63461815389046,0.089999996
34.634666154658476,0.0875
34.63471415542649,0.082499996
34.6347621561945,0.089999996
34.63481015696251,0.0975
34.63485815773052,0.0875
34.63490615849853,0.0975
34.63495415926655,0.0925
34.63500216003456,0.0925
34.63505016080257,0.0975
34.63509816157058,0.0975
34.63514616233859,0.099999994
34.635194163106604,0.0975
34.63524216387462,0.0975
34.63529016464263,0.105
34.635338165410644,0.105
34.635386166178655,0.105
34.635434166946666,0.107499994
34.635482167714684,0.107499994
34.635530168482696,0.107499994
34.63557816925071,0.107499994
34.63562617001872,0.1175
34.63567417078673,0.1175
34.63572217155474,0.11
34.63577017232276,0.114999995
34.63581817309077,0.114999995
34.63586617385878,0.107499994
34.63591417462679,0.1125
34.6359621753948,0.1025
34.63601017616281,0.11
34.63605817693083,0.1125
34.63610617769884,0.0975
34.63615417846685,0.099999994
34.636202179234864,0.0975
34.636250180002875,0.105
34.63629818077089,0.0925
34.636346181538904,0.095
34.636394182306915,0.095
34.63644218307493,0.0975
34.63649018384294,0.1025
34.63653818461095,0.105
34.63658618537897,0.0975
34.63663418614698,0.082499996
34.63668218691499,0.0875
34.636730187683,0.089999996
34.63677818845101,0.089999996
34.63682618921902,0.0925
34.63687418998704,0.0875
34.63692219075505,0.089999996
34.63697019152306,0.1025
34.63701819229107,0.095
34.637066193059084,0.0975
34.6371141938271,0.089999996
34.63716219459511,0.1025
34.637210195363124,0.0925
34.637258196131135,0.0975
34.63730619689915,0.099999994
34.63735419766716,0.105
34.637402198435176,0.1025
34.63745019920319,0.0975
34.6374981999712,0.1025
34.63754620073921,0.1025
34.63759420150722,0.107499994
34.63764220227523,0.0975
34.63769020304325,0.0975
34.63773820381126,0.1025
34.63778620457927,0.105
34.63783420534728,0.099999994
34.63788220611529,0.105
34.63793020688331,0.099999994
34.63797820765132,0.0975
34.63802620841933,0.107499994
34.638074209187344,0.105
34.638122209955355,0.11
34.638170210723366,0.107499994
34.638218211491385,0.11
34.638266212259396,0.1025
34.63831421302741,0.11
34.63836221379542,0.105
34.63841021456343,0.107499994
34.63845821533144,0.1125
34.63850621609946,0.11
34.63855421686747,0.105
34.63860221763548,0.107499994
34.63865021840349,0.105
34.6386982191715,0.107499994
34.63874621993952,0.11
34.63879422070753,0.11
34.63884222147554,0.11
34.63889022224355,0.1025
34.638938223011564,0.1125
34.638986223779575,0.107499994
34.63903422454759,0.114999995
34.639082225315605,0.122499995
34.639130226083616,0.114999995
34.63917822685163,0.125
34.63922622761964,0.122499995
34.63927422838765,0.125
34.63932222915567,0.1175
34.63937022992368,0.125
34.63941823069169,0.1125
34.6394662314597,0.1175
34.63951423222771,0.11
34.63956223299573,0.1175
34.63961023376374,0.1175
34.63965823453175,0.114999995
34.63970623529976,0.11
34.63975423606777,0.11
34.639802236835784,0.107499994
34.6398502376038,0.12
34.63989823837181,0.11
34.639946239139825,0.099999994
34.639994239907836,0.105
34.64004224067585,0.105
34.64009024144386,0.099999994
34.640138242211876,0.0975
34.64018624297989,0.0975
34.6402342437479,0.0925
34.64028224451591,0.0925
34.64033024528392,0.089999996
34.64037824605194,0.1025
34.64042624681995,0.099999994
34.64047424758796,0.089999996
34.64052224835597,0.099999994
34.64057024912398,0.099999994
34.64061824989199,0.099999994
34.64066625066001,0.095
34.64071425142802,0.0925
34.64076225219603,0.1025
34.640810252964044,0.1025
34.640858253732056,0.099999994
34.64090625450007,0.1025
34.640954255268085,0.0975
34.641002256036096,0.0925
34.64105025680411,0.0925
34.64109825757212,0.08
34.64114625834013,0.08
34.64119425910815,0.08
34.64124225987616,0.08
34.64129026064417,0.0875
34.64133826141218,0.085
34.64138626218019,0.082499996
34.6414342629482,0.0775
34.64148226371622,0.085
34.64153026448423,0.0775
34.64157826525224,0.082499996
34.64162626602025,0.0775
34.641674266788264,0.074999996
34.641722267556275,0.0775
34.641770268324294,0.085
34.641818269092305,0.085
34.641866269860316,0.074999996
34.64191427062833,0.0775
34.64196227139634,0.08
34.642010272164356,0.074999996
34.64205827293237,0.08
34.64210627370038,0.08
34.64215427446839,0.0775
34.6422022752364,0.0775
34.64225027600441,0.074999996
34.64229827677243,0.067499995
34.64234627754044,0.067499995
34.64239427830845,0.067499995
34.64244227907646,0.074999996
34.64249027984447,0.067499995
34.642538280612484,0.065
34.6425862813805,0.065
34.642634282148514,0.067499995
34.642682282916525,0.067499995
34.642730283684536,0.055
34.64277828445255,0.055
34.642826285220565,0.0625
34.642874285988576,0.0525
34.64292228675659,0.06
34.6429702875246,0.057499997
34.64301828829261,0.0475
34.64306628906062,0.057499997
34.64311428982864,0.049999997
34.64316229059665,0.0525
34.64321029136466,0.057499997
34.64325829213267,0.049999997
34.64330629290068,0.0425
34.64335429366869,0.057499997
34.64340229443671,0.0525
34.64345029520472,0.055
34.643498295972734,0.049999997
34.643546296740745,0.055
34.643594297508756,0.0425
34.643642298276774,0.0425
34.643690299044785,0.06
34.643738299812796,0.0525
34.64378630058081,0.0625
34.64383430134882,0.057499997
34.64388230211683,0.06
34.64393030288485,0.0475
34.64397830365286,0.044999998
34.64402630442087,0.049999997
34.64407430518888,0.044999998
34.64412230595689,0.049999997
34.6441703067249,0.044999998
34.64421830749292,0.044999998
34.64426630826093,0.0475
34.64431430902894,0.04
34.64436230979695,0.0425
34.644410310564965,0.0475
34.64445831133298,0.0475
34.644506312100994,0.037499998
34.644554312869005,0.03
34.644602313637016,0.04
34.64465031440503,0.04
34.64469831517304,0.035
34.644746315941056,0.04
34.64479431670907,0.035
34.64484231747708,0.022499999
34.64489031824509,0.03
34.6449383190131,0.024999999
34.64498631978111,0.02
34.64503432054913,0.0275
34.64508232131714,0.024999999
34.64513032208515,0.0175
34.64517832285316,0.02
34.64522632362117,0.024999999
34.64527432438919,0.0175
34.6453223251572,0.0175
34.645370325925214,0.022499999
34.645418326693225,0.024999999
34.645466327461236,0.0275
34.64551432822925,0.02
34.645562328997265,0.0175
34.645610329765276,0.012499999
34.64565833053329,0.015
34.6457063313013,0.02
34.64575433206931,0.0175
34.64580233283732,0.02
34.64585033360534,0.015
34.64589833437335,0.01
34.64594633514136,0.0175
34.64599433590937,0.022499999
34.64604233667738,0.03
34.64609033744539,0.03
34.64613833821341,0.015
34.64618633898142,0.0275
34.646234339749434,0.03
34.646282340517445,0.022499999
34.646330341285456,0.024999999
34.646378342053474,0.035
34.646426342821485,0.0275
34.646474343589496,0.0275
34.64652234435751,0.024999999
34.64657034512552,0.04
34.64661834589353,0.024999999
34.64666634666155,0.04
34.64671434742956,0.035
34.64676234819757,0.035
34.64681034896558,0.037499998
34.64685834973359,0.035
34.6469063505016,0.04
34.64695435126962,0.03
34.64700235203763,0.0275
34.64705035280564,0.035
34.647098353573654,0.0275
34.647146354341665,0.0325
34.64719435510968,0.0325
34.647242355877694,0.02
34.647290356645705,0.024999999
34.647338357413716,0.03
34.64738635818173,0.035
34.64743435894974,0.04
34.647482359717756,0.0325
34.64753036048577,0.0425
34.64757836125378,0.037499998
34.64762636202179,0.0275
34.6476743627898,0.037499998
34.64772236355781,0.035
34.64777036432583,0.044999998
34.64781836509384,0.0275
34.64786636586185,0.035
34.64791436662986,0.0325
34.647962367397874,0.0275
34.64801036816589,0.04
34.6480583689339,0.024999999
34.648106369701914,0.024999999
34.648154370469925,0.0275
34.648202371237936,0.015
34.64825037200595,0.0175
34.648298372773965,0.0175
34.648346373541976,0.02
34.64839437430999,0.012499999
34.648442375078,0.012499999
34.64849037584601,0.005
34.64853837661402,0.022499999
34.64858637738204,0.012499999
34.64863437815005,0.012499999
34.64868237891806,0.01
34.64873037968607,0.005
34.64877838045408,-0.005
34.6488263812221,0.0
34.64887438199011,-0.005
34.64892238275812,-0.0075
34.648970383526134,-0.0075
34.649018384294145,-0.015
34.649066385062156,-0.0075
34.649114385830174,-0.0075
34.649162386598185,-0.01
34.649210387366196,-0.0075
34.64925838813421,0.0
34.64930638890222,-0.01
34.64935438967023,-0.01
34.64940239043825,-0.01
34.64945039120626,-0.015
34.64949839197427,-0.012499999
34.64954639274228,-0.0175
34.64959439351029,-0.01
34.64964239427831,-0.012499999
34.64969039504632,-0.022499999
34.64973839581433,-0.024999999
34.64978639658234,-0.02
34.649834397350354,-0.015
34.649882398118365,-0.022499999
34.64993039888638,-0.0175
34.649978399654394,-0.024999999
34.650026400422405,-0.0175
34.650074401190416,-0.0175
34.65012240195843,-0.012499999
34.65017040272644,-0.0175
34.650218403494456,-0.0175
34.65026640426247,-0.0275
34.65031440503048,-0.03
34.65036240579849,-0.02
34.6504104065665,-0.0275
34.65045840733452,-0.024999999
34.65050640810253,-0.0325
34.65055440887054,-0.0275
34.65060240963855,-0.02
34.65065041040656,-0.022499999
34.650698411174574,-0.0275
34.65074641194259,-0.0275
34.6507944127106,-0.035
34.650842413478614,-0.04
34.650890414246625,-0.0275
34.650938415014636,-0.0275
34.65098641578265,-0.03
34.651034416550665,-0.035
34.651082417318676,-0.03
34.65113041808669,-0.035
34.6511784188547,-0.044999998
34.65122641962271,-0.0425
34.65127442039073,-0.044999998
34.65132242115874,-0.0425
34.65137042192675,-0.0475
34.65141842269476,-0.037499998
34.65146642346277,-0.057499997
34.65151442423078,-0.049999997
34.6515624249988,-0.055
34.65161042576681,-0.055
34.65165842653482,-0.065
34.651706427302834,-0.0525
34.651754428070845,-0.055
34.651802428838856,-0.055
34.651850429606874,-0.0525
34.651898430374885,-0.057499997
34.651946431142896,-0.055
34.65199443191091,-0.049999997
34.65204243267892,-0.0425
34.652090433446936,-0.049999997
34.65213843421495,-0.0525
34.65218643498296,-0.0425
34.65223443575097,-0.055
34.65228243651898,-0.06
34.65233043728699,-0.055
34.65237843805501,-0.0475
34.65242643882302,-0.057499997
34.65247443959103,-0.055
34.65252244035904,-0.055
34.652570441127054,-0.057499997
34.652618441895065,-0.06
34.65266644266308,-0.057499997
34.652714443431094,-0.0525
34.652762444199105,-0.055
34.652810444967116,-0.049999997
34.65285844573513,-0.0525
34.652906446503145,-0.0475
34.652954447271156,-0.057499997
34.65300244803917,-0.0625
34.65305044880718,-0.057499997
34.65309844957519,-0.057499997
34.6531464503432,-0.0475
34.65319445111122,-0.057499997
34.65324245187923,-0.06
34.65329045264724,-0.0625
34.65333845341525,-0.067499995
34.65338645418326,-0.055
34.653434454951274,-0.06
34.65348245571929,-0.055
34.6535304564873,-0.0625
34.653578457255314,-0.0625
34.653626458023325,-0.0625
34.653674458791336,-0.07
34.653722459559354,-0.065
34.653770460327365,-0.06
34.653818461095376,-0.0625
34.65386646186339,-0.0525
34.6539144626314,-0.065
34.65396246339941,-0.067499995
34.65401046416743,-0.065
34.65405846493544,-0.065
34.65410646570345,-0.067499995
34.65415446647146,-0.07
34.65420246723947,-0.074999996
34.65425046800748,-0.065
34.6542984687755,-0.0725
34.65434646954351,-0.074999996
34.65439447031152,-0.082499996
34.654442471079534,-0.082499996
34.654490471847545,-0.0725
34.65453847261556,-0.0725
34.654586473383574,-0.067499995
34.654634474151585,-0.07
34.654682474919596,-0.0725
34.65473047568761,-0.0725
34.65477847645562,-0.074999996
34.65482647722364,-0.07
34.65487447799165,-0.082499996
34.65492247875966,-0.082499996
34.65497047952767,-0.07
34.65501848029568,-0.07
34.65506648106369,-0.082499996
34.65511448183171,-0.082499996
34.65516248259972,-0.085
34.65521048336773,-0.0775
34.65525848413574,-0.07
34.655306484903754,-0.08
34.65535448567177,-0.082499996
34.65540248643978,-0.07
34.655450487207794,-0.08
34.655498487975805,-0.074999996
34.655546488743816,-0.0775
34.65559448951183,-0.08
34.655642490279845,-0.065
34.65569049104786,-0.074999996
34.65573849181587,-0.08
34.65578649258388,-0.0725
34.65583449335189,-0.082499996
34.6558824941199,-0.0775
34.65593049488792,-0.0625
34.65597849565593,-0.0725
34.65602649642394,-0.089999996
34.65607449719195,-0.07
34.65612249795996,-0.07
34.65617049872798,-0.07
34.65621849949599,-0.0725
34.656266500264,-0.07
34.656314501032014,-0.0775
34.656362501800025,-0.07
34.656410502568036,-0.0725
34.656458503336054,-0.067499995
34.656506504104065,-0.07
34.65655450487208,-0.082499996
34.65660250564009,-0.0725
34.6566505064081,-0.08
34.65669850717611,-0.074999996
34.65674650794413,-0.0725
34.65679450871214,-0.074999996
34.65684250948015,-0.08
34.65689051024816,-0.074999996
34.65693851101617,-0.074999996
34.65698651178418,-0.0775
34.6570345125522,-0.0775
34.65708251332021,-0.0725
34.65713051408822,-0.0775
34.657178514856234,-0.074999996
34.657226515624245,-0.065
34.65727451639226,-0.074999996
34.657322517160274,-0.065
34.657370517928285,-0.067499995
34.657418518696296,-0.07
34.65746651946431,-0.07
34.65751452023232,-0.0625
34.65756252100034,-0.067499995
34.65761052176835,-0.0625
34.65765852253636,-0.0725
34.65770652330437,-0.07
34.65775452407238,-0.067499995
34.65780252484039,-0.0625
34.65785052560841,-0.065
34.65789852637642,-0.067499995
34.65794652714443,-0.0725
34.65799452791244,-0.07
34.658042528680454,-0.07
34.65809052944847,-0.0725
34.65813853021648,-0.074999996
34.658186530984494,-0.08
34.658234531752505,-0.0725
34.658282532520516,-0.074999996
34.65833053328853,-0.07
34.658378534056546,-0.0775
34.65842653482456,-0.08
34.65847453559257,-0.085
34.65852253636058,-0.08
34.65857053712859,-0.074999996
34.6586185378966,-0.082499996
34.65866653866462,-0.085
34.65871453943263,-0.095
34.65876254020064,-0.08
34.65881054096865,-0.082499996
34.65885854173666,-0.0725
34.65890654250468,-0.082499996
34.65895454327269,-0.0725
34.6590025440407,-0.0875
34.659050544808714,-0.0925
34.659098545576725,-0.0875
34.659146546344736,-0.0925
34.659194547112754,-0.08
34.659242547880766,-0.08
34.65929054864878,-0.082499996
34.65933854941679,-0.0725
34.6593865501848,-0.08
34.65943455095281,-0.0725
34.65948255172083,-0.0775
34.65953055248884,-0.07
34.65957855325685,-0.067499995
34.65962655402486,-0.07
34.65967455479287,-0.07
34.65972255556089,-0.07
34.6597705563289,-0.055
34.65981855709691,-0.074999996
34.65986655786492,-0.067499995
34.659914558632934,-0.07
34.659962559400945,-0.0775
34.66001056016896,-0.0625
34.660058560936974,-0.07
34.660106561704985,-0.065
34.660154562473,-0.074999996
34.66020256324101,-0.074999996
34.66025056400902,-0.08
34.66029856477704,-0.07
34.66034656554505,-0.08
34.66039456631306,-0.082499996
34.66044256708107,-0.074999996
34.66049056784908,-0.0625
34.6605385686171,-0.067499995
34.66058656938511,-0.08
34.66063457015312,-0.0725
34.66068257092113,-0.0775
34.66073057168914,-0.0775
34.660778572457154,-0.074999996
34.66082657322517,-0.0775
34.66087457399318,-0.0875
34.660922574761194,-0.0775
34.660970575529205,-0.0775
34.66101857629722,-0.085
34.66106657706523,-0.0875
34.661114577833246,-0.082499996
34.66116257860126,-0.08
34.66121057936927,-0.0875
34.66125858013728,-0.08
34.66130658090529,-0.067499995
34.66135458167331,-0.065
34.66140258244132,-0.0775
34.66145058320933,-0.08
34.66149858397734,-0.07
34.66154658474535,-0.07
34.66159458551336,-0.074999996
34.66164258628138,-0.0775
34.66169058704939,-0.0725
34.6617385878174,-0.065
34.661786588585414,-0.08
34.661834589353425,-0.07
34.66188259012144,-0.067499995
34.661930590889455,-0.065
34.661978591657466,-0.06
34.66202659242548,-0.0775
34.66207459319349,-0.0725
34.6621225939615,-0.065
34.66217059472952,-0.07
34.66221859549753,-0.0775
34.66226659626554,-0.07
34.66231459703355,-0.067499995
34.66236259780156,-0.06
34.66241059856957,-0.067499995
34.66245859933759,-0.067499995
34.6625066001056,-0.0625
34.66255460087361,-0.0725
34.66260260164162,-0.0625
34.662650602409634,-0.06
34.662698603177645,-0.065
34.66274660394566,-0.07
34.662794604713675,-0.067499995
34.662842605481686,-0.07
34.6628906062497,-0.065
34.66293860701771,-0.074999996
34.662986607785726,-0.0775
34.66303460855374,-0.067499995
34.66308260932175,-0.06
34.66313061008976,-0.067499995
34.66317861085777,-0.0625
34.66322661162578,-0.07
34.6632746123938,-0.06
34.66332261316181,-0.065
34.66337061392982,-0.067499995
34.66341861469783,-0.08
34.66346661546584,-0.074999996
34.663514616233854,-0.0725
34.66356261700187,-0.0725
34.66361061776988,-0.07
34.663658618537895,-0.067499995
34.663706619305906,-0.0625
34.66375462007392,-0.065
34.663802620841935,-0.0725
34.663850621609946,-0.06
34.66389862237796,-0.06
34.66394662314597,-0.0525
34.66399462391398,-0.067499995
34.66404262468199,-0.0725
34.66409062545001,-0.049999997
34.66413862621802,-0.057499997
34.66418662698603,-0.0475
34.66423462775404,-0.0625
34.66428262852205,-0.06
34.66433062929006,-0.057499997
34.66437863005808,-0.055
34.66442663082609,-0.049999997
34.6644746315941,-0.067499995
34.664522632362115,-0.0625
34.664570633130126,-0.0625
34.664618633898144,-0.0625
34.664666634666155,-0.0725
34.664714635434166,-0.0625
34.66476263620218,-0.0625
34.66481063697019,-0.0725
34.6648586377382,-0.067499995
34.66490663850622,-0.06
34.66495463927423,-0.07
34.66500264004224,-0.07
34.66505064081025,-0.074999996
34.66509864157826,-0.07
34.66514664234627,-0.0725
34.66519464311429,-0.0725
34.6652426438823,-0.0775
34.66529064465031,-0.0775
34.66533864541832,-0.0775
34.665386646186334,-0.08
34.66543464695435,-0.0625
34.665482647722364,-0.07
34.665530648490375,-0.0625
34.665578649258386,-0.06
34.6656266500264,-0.0725
34.66567465079441,-0.07
34.665722651562426,-0.067499995
34.66577065233044,-0.067499995
34.66581865309845,-0.07
34.66586665386646,-0.065
34.66591465463447,-0.0725
34.66596265540248,-0.07
34.6660106561705,-0.0625
34.66605865693851,-0.0725
34.66610665770652,-0.0725
34.66615465847453,-0.0725
34.66620265924254,-0.067499995
34.66625066001056,-0.0725
34.66629866077857,-0.067499995
34.666346661546584,-0.065
34.666394662314595,-0.0775
34.666442663082606,-0.0775
34.66649066385062,-0.0775
34.666538664618635,-0.08
34.666586665386646,-0.07
34.66663466615466,-0.065
34.66668266692267,-0.067499995
34.66673066769068,-0.067499995
34.66677866845869,-0.0625
34.66682666922671,-0.07
34.66687466999472,-0.0625
34.66692267076273,-0.0625
34.66697067153074,-0.07
34.66701867229875,-0.0625
34.66706667306677,-0.065
34.66711467383478,-0.0625
34.66716267460279,-0.057499997
34.667210675370804,-0.0625
34.667258676138815,-0.07
34.667306676906826,-0.067499995
34.667354677674844,-0.07
34.667402678442855,-0.07
34.667450679210866,-0.0725
34.66749867997888,-0.057499997
34.66754668074689,-0.067499995
34.6675946815149,-0.06
34.66764268228292,-0.0625
34.66769068305093,-0.06
34.66773868381894,-0.057499997
34.66778668458695,-0.0525
34.66783468535496,-0.055
34.66788268612297,-0.055
34.66793068689099,-0.06
34.667978687659,-0.049999997
34.66802668842701,-0.0475
34.66807468919502,-0.049999997
34.668122689963035,-0.055
34.66817069073105,-0.0475
34.668218691499064,-0.049999997
34.668266692267075,-0.0475
34.668314693035086,-0.0525
34.6683626938031,-0.057499997
34.66841069457111,-0.055
34.668458695339126,-0.0475
34.66850669610714,-0.0525
34.66855469687515,-0.0425
34.66860269764316,-0.055
34.66865069841117,-0.0525
34.66869869917918,-0.049999997
34.6687466999472,-0.0525
34.66879470071521,-0.0325
34.66884270148322,-0.044999998
34.66889070225123,-0.0475
34.66893870301924,-0.0425
34.66898670378726,-0.04
34.66903470455527,-0.044999998
34.669082705323284,-0.04
34.669130706091295,-0.037499998
34.669178706859306,-0.037499998
34.66922670762732,-0.0425
34.669274708395335,-0.035
34.669322709163346,-0.037499998
34.66937070993136,-0.035
34.66941871069937,-0.037499998
34.66946671146738,-0.04
34.66951471223539,-0.04
34.66956271300341,-0.0325
34.66961071377142,-0.0275
34.66965871453943,-0.03
34.66970671530744,-0.02
34.66975471607545,-0.02
34.66980271684347,-0.02
34.66985071761148,-0.02
34.66989871837949,-0.02
34.669946719147504,-0.0175
34.669994719915515,-0.012499999
34.670042720683526,-0.01
34.670090721451544,-0.01
34.670138722219555,-0.0025
34.670186722987566,0.0025
34.67023472375558,0.005
34.67028272452359,0.0
34.6703307252916,0.0075
34.67037872605962,0.0025
34.67042672682763,0.0075
34.67047472759564,0.0075
34.67052272836365,0.005
34.67057072913166,0.0075
34.67061872989968,0.0
34.67066673066769,0.01
34.6707147314357,0.0
34.67076273220371,0.0
34.670810732971724,0.0
34.670858733739735,-0.0075
34.67090673450775,-0.005
34.670954735275764,0.005
34.671002736043775,-0.0025
34.671050736811786,0.005
34.6710987375798,-0.005
34.67114673834781,0.005
34.671194739115826,0.0075
34.67124273988384,0.005
34.67129074065185,-0.0025
34.67133874141986,-0.0025
34.67138674218787,0.005
34.67143474295589,0.005
34.6714827437239,0.0
34.67153074449191,0.0
34.67157874525992,-0.0025
34.67162674602793,-0.0075
34.671674746795944,-0.015
34.67172274756396,-0.01
34.67177074833197,-0.01
34.671818749099984,-0.012499999
34.671866749867995,-0.0075
34.671914750636006,-0.015
34.67196275140402,-0.005
34.672010752172035,-0.0025
34.672058752940046,-0.005
34.67210675370806,-0.0025
34.67215475447607,-0.0025
34.67220275524408,-0.005
34.6722507560121,-0.01
34.67229875678011,-0.015
34.67234675754812,0.0
34.67239475831613,-0.0025
34.67244275908414,-0.005
34.67249075985215,-0.0075
34.67253876062017,-0.015
34.67258676138818,-0.005
34.67263476215619,-0.0075
34.672682762924204,-0.0175
34.672730763692215,-0.0175
34.672778764460226,-0.01
34.672826765228244,-0.015
34.672874765996255,-0.01
34.672922766764266,-0.01
34.67297076753228,-0.015
34.67301876830029,-0.012499999
34.673066769068306,-0.012499999
34.67311476983632,-0.0175
34.67316277060433,-0.015
34.67321077137234,-0.0175
34.67325877214035,-0.012499999
34.67330677290836,-0.024999999
34.67335477367638,-0.0275
34.67340277444439,-0.024999999
34.6734507752124,-0.024999999
34.67349877598041,-0.022499999
34.673546776748424,-0.024999999
34.673594777516435,-0.022499999
34.67364277828445,-0.03
34.673690779052464,-0.04
34.673738779820475,-0.035
34.673786780588486,-0.03
34.6738347813565,-0.0275
34.673882782124515,-0.035
34.673930782892526,-0.0325
34.67397878366054,-0.03
34.67402678442855,-0.0275
34.67407478519656,-0.0325
34.67412278596457,-0.024999999
34.67417078673259,-0.024999999
34.6742187875006,-0.024999999
34.67426678826861,-0.0325
34.67431478903662,-0.0275
34.67436278980463,-0.024999999
34.674410790572644,-0.02
34.67445879134066,-0.024999999
34.67450679210867,-0.0275
34.674554792876684,-0.022499999
34.674602793644695,-0.022499999
34.674650794412706,-0.02
34.674698795180724,-0.01
34.674746795948735,-0.0175
34.674794796716746,-0.02
34.67484279748476,-0.02
34.67489079825277,-0.015
34.67493879902078,-0.01
34.6749867997888,-0.012499999
34.67503480055681,-0.02
34.67508280132482,-0.024999999
34.67513080209283,-0.0275
34.67517880286084,-0.015
34.67522680362885,-0.022499999
34.67527480439687,-0.02
34.67532280516488,-0.015
34.67537080593289,-0.02
34.675418806700904,-0.0175
34.675466807468915,-0.01
34.67551480823693,-0.015
34.675562809004944,-0.01
34.675610809772955,-0.02
34.675658810540966,-0.012499999
34.67570681130898,-0.01
34.67575481207699,-0.015
34.675802812845006,-0.01
34.67585081361302,-0.0075
34.67589881438103,-0.0075
34.67594681514904,-0.005
34.67599481591705,-0.0025
34.67604281668506,0.0
34.67609081745308,0.0
34.67613881822109,0.01
34.6761868189891,0.0075
34.67623481975711,0.0025
34.676282820525124,-0.0025
34.67633082129314,-0.0025
34.67637882206115,0.0
34.676426822829164,-0.005
34.676474823597175,-0.0075
34.676522824365186,-0.01
34.6765708251332,-0.005
34.676618825901215,0.0025
34.676666826669226,-0.0025
34.67671482743724,-0.0025
34.67676282820525,-0.005
34.67681082897326,0.0025
34.67685882974127,-0.0025
34.67690683050929,-0.005
34.6769548312773,-0.0075
34.67700283204531,-0.0075
34.67705083281332,-0.0075
34.67709883358133,-0.012499999
34.67714683434935,-0.0025
34.67719483511736,0.0025
34.67724283588537,0.0025
34.677290836653384,0.0025
34.677338837421395,-0.0075
34.677386838189406,-0.0025
34.677434838957424,-0.005
34.677482839725435,-0.005
34.677530840493446,-0.0025
34.67757884126146,-0.005
34.67762684202947,-0.0025
34.67767484279748,-0.0025
34.6777228435655,-0.005
34.67777084433351,-0.0025
34.67781884510152,0.0
34.67786684586953,-0.0075
34.67791484663754,-0.01
34.67796284740556,-0.012499999
34.67801084817357,-0.012499999
34.67805884894158,-0.015
34.67810684970959,-0.01
34.678154850477604,-0.012499999
34.678202851245615,-0.005
34.67825085201363,-0.01
34.678298852781644,-0.02
34.678346853549655,-0.0075
34.678394854317666,-0.01
34.67844285508568,-0.0075
34.67849085585369,-0.005
34.67853885662171,-0.0075
34.67858685738972,-0.0025
34.67863485815773,-0.01
34.67868285892574,-0.012499999
34.67873085969375,0.0025
34.67877886046176,0.0
34.67882686122978,0.0025
34.67887486199779,0.0075
34.6789228627658,-0.005
34.67897086353381,0.01
34.679018864301824,0.0075
34.67906686506984,0.01
34.67911486583785,0.0
34.679162866605864,-0.0025
34.679210867373875,0.0025
34.679258868141886,0.0
34.6793068689099,0.0025
34.679354869677915,0.01
34.67940287044593,0.0025
34.67945087121394,0.0075
34.67949887198195,0.0075
34.67954687274996,0.0075
34.67959487351797,0.012499999
34.67964287428599,0.0175
34.679690875054,0.015
34.67973887582201,0.0075
34.67978687659002,0.012499999
34.67983487735803,0.0175
34.67988287812605,0.022499999
34.67993087889406,0.022499999
34.67997887966207,0.0175
34.680026880430084,0.03
34.680074881198095,0.03
34.680122881966106,0.035
34.680170882734124,0.03
34.680218883502135,0.0425
34.68026688427015,0.04
34.68031488503816,0.035
34.68036288580617,0.0275
34.68041088657418,0.0275
34.6804588873422,0.037499998
34.68050688811021,0.037499998
34.68055488887822,0.0475
34.68060288964623,0.037499998
34.68065089041424,0.0425
34.68069889118226,0.044999998
34.68074689195027,0.04
34.68079489271828,0.044999998
34.68084289348629,0.04
34.680890894254304,0.03
34.680938895022315,0.0425
34.68098689579033,0.0425
34.681034896558344,0.0425
34.681082897326355,0.04
34.681130898094366,0.049999997
34.68117889886238,0.044999998
34.68122689963039,0.049999997
34.68127490039841,0.04
34.68132290116642,0.044999998
34.68137090193443,0.049999997
34.68141890270244,0.0425
34.68146690347045,0.037499998
34.68151490423847,0.04
34.68156290500648,0.0475
34.68161090577449,0.044999998
34.6816589065425,0.049999997
34.68170690731051,0.055
34.681754908078524,0.0475
34.68180290884654,0.0525
34.68185090961455,0.057499997
34.681898910382564,0.049999997
34.681946911150575,0.055
34.681994911918586,0.055
34.6820429126866,0.0475
34.682090913454616,0.049999997
34.68213891422263,0.06
34.68218691499064,0.057499997
34.68223491575865,0.049999997
34.68228291652666,0.055
34.68233091729468,0.067499995
34.68237891806269,0.06
34.6824269188307,0.057499997
34.68247491959871,0.055
34.68252292036672,0.049999997
34.68257092113473,0.055
34.68261892190275,0.055
34.68266692267076,0.055
34.68271492343877,0.049999997
34.682762924206784,0.049999997
34.682810924974795,0.0525
34.682858925742806,0.049999997
34.682906926510825,0.049999997
34.682954927278836,0.0525
34.68300292804685,0.0475
34.68305092881486,0.049999997
34.68309892958287,0.044999998
34.68314693035089,0.0525
34.6831949311189,0.0475
34.68324293188691,0.0475
34.68329093265492,0.044999998
34.68333893342293,0.0425
34.68338693419094,0.0475
34.68343493495896,0.057499997
34.68348293572697,0.06
34.68353093649498,0.06
34.68357893726299,0.065
34.683626938031004,0.0625
34.683674938799015,0.067499995
34.68372293956703,0.0775
34.683770940335044,0.0725
34.683818941103056,0.0725
34.68386694187107,0.065
34.68391494263908,0.07
34.683962943407096,0.074999996
34.68401094417511,0.0775
34.68405894494312,0.067499995
34.68410694571113,0.074999996
34.68415494647914,0.0725
34.68420294724715,0.085
34.68425094801517,0.085
34.68429894878318,0.07
34.68434694955119,0.0775
34.6843949503192,0.08
34.68444295108721,0.0775
34.684490951855224,0.08
34.68453895262324,0.0775
34.68458695339125,0.0775
34.684634954159264,0.082499996
34.684682954927275,0.074999996
34.68473095569529,0.07
34.684778956463305,0.08
34.684826957231316,0.0775
34.68487495799933,0.0725
34.68492295876734,0.07
34.68497095953535,0.067499995
34.68501896030336,0.0725
34.68506696107138,0.0725
34.68511496183939,0.07
34.6851629626074,0.07
34.68521096337541,0.065
34.68525896414342,0.055
34.68530696491143,0.057499997
34.68535496567945,0.057499997
34.68540296644746,0.06
34.68545096721547,0.049999997
34.685498967983484,0.049999997
34.685546968751495,0.0475
34.685594969519514,0.044999998
34.685642970287525,0.0475
34.685690971055536,0.0425
34.68573897182355,0.04
34.68578697259156,0.0475
34.68583497335957,0.049999997
34.68588297412759,0.0425
34.6859309748956,0.049999997
34.68597897566361,0.044999998
34.68602697643162,0.057499997
34.68607497719963,0.057499997
34.68612297796764,0.057499997
34.68617097873566,0.065
34.68621897950367,0.06
34.68626698027168,0.067499995
34.68631498103969,0.06
34.686362981807704,0.0725
34.68641098257572,0.074999996
34.686458983343734,0.0725
34.686506984111745,0.0725
34.686554984879756,0.0725
34.68660298564777,0.0775
34.68665098641578,0.0725
34.686698987183796,0.0725
34.68674698795181,0.0725
34.68679498871982,0.074999996
34.68684298948783,0.0775
34.68689099025584,0.07
34.68693899102385,0.067499995
34.68698699179187,0.08
34.68703499255988,0.07
34.68708299332789,0.067499995
34.6871309940959,0.067499995
34.68717899486391,0.067499995
34.68722699563193,0.065
34.68727499639994,0.067499995
34.68732299716795,0.065
34.687370997935965,0.0625
34.687418998703976,0.065
34.68746699947199,0.07
34.687515000240005,0.065
34.687563001008016,0.065
34.68761100177603,0.067499995
34.68765900254404,0.065
34.68770700331205,0.065
34.68775500408006,0.055
34.68780300484808,0.06
34.68785100561609,0.055
34.6878990063841,0.049999997
34.68794700715211,0.057499997
34.68799500792012,0.049999997
34.68804300868814,0.0525
34.68809100945615,0.055
34.68813901022416,0.0475
34.68818701099217,0.044999998
34.688235011760185,0.0425
34.688283012528196,0.0425
34.688331013296214,0.055
34.688379014064225,0.049999997
34.688427014832236,0.044999998
34.68847501560025,0.0475
34.68852301636826,0.0425
34.68857101713627,0.04
34.68861901790429,0.044999998
34.6886670186723,0.0525
34.68871501944031,0.049999997
34.68876302020832,0.044999998
34.68881102097633,0.049999997
34.68885902174435,0.0525
34.68890702251236,0.0525
34.68895502328037,0.049999997
34.68900302404838,0.055
34.68905102481639,0.0525
34.689099025584405,0.0625
34.68914702635242,0.055
34.689195027120434,0.0625
34.689243027888445,0.0525
34.689291028656456,0.055
34.68933902942447,0.06
34.68938703019248,0.0525
34.689435030960496,0.057499997
34.68948303172851,0.049999997
34.68953103249652,0.0525
34.68957903326453,0.049999997
34.68962703403254,0.0525
34.68967503480055,0.0525
34.68972303556857,0.0475
34.68977103633658,0.049999997
34.68981903710459,0.057499997
34.6898670378726,0.0625
34.68991503864061,0.055
34.68996303940863,0.0625
34.69001104017664,0.065
34.690059040944654,0.067499995
34.690107041712665,0.065
34.690155042480676,0.06
34.69020304324869,0.0625
34.690251044016705,0.065
34.690299044784716,0.067499995
34.69034704555273,0.0625
34.69039504632074,0.0625
34.69044304708875,0.06
34.69049104785676,0.065
34.69053904862478,0.067499995
34.69058704939279,0.07
34.6906350501608,0.08
34.69068305092881,0.0725
34.69073105169682,0.0725
34.69077905246484,0.06
34.69082705323285,0.065
34.69087505400086,0.065
34.690923054768874,0.067499995
34.690971055536885,0.067499995
34.691019056304896,0.065
34.691067057072914,0.07
34.691115057840925,0.067499995
34.691163058608936,0.0725
34.69121105937695,0.07
34.69125906014496,0.065
34.69130706091297,0.067499995
34.69135506168099,0.08
34.691403062449,0.0725
34.69145106321701,0.0775
34.69149906398502,0.0775
34.69154706475303,0.0725
34.69159506552105,0.074999996
34.69164306628906,0.074999996
34.69169106705707,0.082499996
34.69173906782508,0.0775
34.691787068593094,0.0725
34.691835069361105,0.07
34.69188307012912,0.0725
34.691931070897134,0.074999996
34.691979071665145,0.0725
34.692027072433156,0.07
34.69207507320117,0.074999996
34.69212307396918,0.0775
34.692171074737196,0.0725
34.69221907550521,0.0725
34.69226707627322,0.082499996
34.69231507704123,0.07
34.69236307780924,0.0775
34.69241107857726,0.074999996
34.69245907934527,0.07
34.69250708011328,0.07
34.69255508088129,0.074999996
34.6926030816493,0.0775
34.69265108241731,0.082499996
34.69269908318533,0.08
34.69274708395334,0.0775
34.692795084721354,0.085
34.692843085489365,0.085
34.692891086257376,0.0875
34.69293908702539,0.089999996
34.692987087793405,0.089999996
34.693035088561416,0.0925
34.69308308932943,0.089999996
34.69313109009744,0.085
34.69317909086545,0.0875
34.69322709163347,0.08
34.69327509240148,0.095
34.69332309316949,0.085
34.6933710939375,0.089999996
34.69341909470551,0.0975
34.69346709547352,0.089999996
34.69351509624154,0.0875
34.69356309700955,0.085
34.69361109777756,0.089999996
34.693659098545574,0.085
34.693707099313585,0.0975
34.693755100081596,0.0975
34.693803100849614,0.089999996
34.693851101617625,0.0875
34.693899102385636,0.082499996
34.69394710315365,0.089999996
34.69399510392166,0.099999994
34.694043104689676,0.095
34.69409110545769,0.0925
34.6941391062257,0.0925
34.69418710699371,0.0875
34.69423510776172,0.0875
34.69428310852973,0.0975
34.69433110929775,0.095
34.69437911006576,0.095
34.69442711083377,0.0975
34.69447511160178,0.0975
34.694523112369794,0.099999994
34.694571113137805,0.0975
34.69461911390582,0.1025
34.694667114673834,0.105
34.694715115441845,0.095
34.694763116209856,0.1025
34.69481111697787,0.0975
34.694859117745885,0.105
34.694907118513896,0.105
34.69495511928191,0.1025
34.69500312004992,0.0975
34.69505112081793,0.0975
34.69509912158594,0.099999994
34.69514712235396,0.107499994
34.69519512312197,0.11
34.69524312388998,0.099999994
34.69529112465799,0.0975
34.695339125426,0.11
34.695387126194014,0.105
34.69543512696203,0.0975
34.69548312773004,0.0975
34.695531128498054,0.105
34.695579129266065,0.11
34.695627130034076,0.1025
34.695675130802094,0.0975
34.695723131570105,0.105
34.695771132338116,0.0975
34.69581913310613,0.105
34.69586713387414,0.105
34.69591513464215,0.1025
34.69596313541017,0.099999994
34.69601113617818,0.105
34.69605913694619,0.095
34.6961071377142,0.099999994
34.69615513848221,0.0975
34.69620313925022,0.095
34.69625114001824,0.089999996
34.69629914078625,0.0925
34.69634714155426,0.0925
34.696395142322274,0.095
34.696443143090285,0.0875
34.6964911438583,0.0925
34.696539144626314,0.0925
34.696587145394325,0.0925
34.696635146162336,0.0875
34.69668314693035,0.099999994
34.69673114769836,0.0875
34.696779148466376,0.0875
34.69682714923439,0.089999996
34.6968751500024,0.0875
34.69692315077041,0.0975
34.69697115153842,0.089999996
34.69701915230643,0.089999996
34.69706715307445,0.095
34.69711515384246,0.099999994
34.69716315461047,0.0975
34.69721115537848,0.0975
34.697259156146494,0.095
34.69730715691451,0.095
34.69735515768252,0.099999994
34.697403158450534,0.0875
34.697451159218545,0.099999994
34.697499159986556,0.0925
34.69754716075457,0.0975
34.697595161522585,0.0925
34.697643162290596,0.0875
34.69769116305861,0.089999996
34.69773916382662,0.105
34.69778716459463,0.099999994
34.69783516536264,0.099999994
34.69788316613066,0.099999994
34.69793116689867,0.1025
34.69797916766668,0.099999994
34.69802716843469,0.095
34.6980751692027,0.089999996
34.69812316997072,0.0925
34.69817117073873,0.089999996
34.69821917150674,0.0925
34.698267172274754,0.095
34.698315173042765,0.08
34.698363173810776,0.0875
34.698411174578794,0.0925
34.698459175346805,0.085
34.698507176114816,0.095
34.69855517688283,0.089999996
34.69860317765084,0.082499996
34.69865117841885,0.08
34.69869917918687,0.0725
34.69874717995488,0.0775
34.69879518072289,0.08
34.6988431814909,0.0775
34.69889118225891,0.074999996
34.69893918302693,0.067499995
34.69898718379494,0.07
34.69903518456295,0.0625
34.69908318533096,0.07
34.699131186098974,0.08
34.699179186866985,0.07
34.699227187635,0.07
34.699275188403014,0.067499995
34.699323189171025,0.0625
34.699371189939036,0.067499995
34.69941919070705,0.067499995
34.69946719147506,0.067499995
34.69951519224308,0.07
34.69956319301109,0.07
34.6996111937791,0.065
34.69965919454711,0.0625
34.69970719531512,0.057499997
34.69975519608314,0.06
34.69980319685115,0.065
34.69985119761916,0.065
34.69989919838717,0.0525
34.69994719915518,0.055
34.699995199923194,0.07
34.70004320069121,0.067499995
34.70009120145922,0.055
34.700139202227234,0.065
34.700187202995245,0.06
34.700235203763256,0.0725
34.70028320453127,0.06
34.700331205299285,0.055
34.700379206067296,0.065
34.70042720683531,0.065
34.70047520760332,0.0625
34.70052320837133,0.06
34.70057120913934,0.0625
34.70061920990736,0.06
34.70066721067537,0.06
34.70071521144338,0.0625
34.70076321221139,0.0525
34.7008112129794,0.0475
34.70085921374742,0.055
34.70090721451543,0.055
34.70095521528344,0.055
34.701003216051454,0.065
34.701051216819465,0.049999997
34.701099217587476,0.055
34.701147218355494,0.0525
34.701195219123505,0.0475
34.701243219891516,0.049999997
34.70129122065953,0.0525
34.70133922142754,0.0525
34.70138722219555,0.044999998
34.70143522296357,0.0525
34.70148322373158,0.044999998
34.70153122449959,0.049999997
34.7015792252676,0.0475
34.70162722603561,0.04
34.70167522680363,0.0425
34.70172322757164,0.044999998
34.70177122833965,0.0425
34.70181922910766,0.0475
34.701867229875674,0.0475
34.701915230643685,0.055
34.7019632314117,0.055
34.702011232179714,0.0475
34.702059232947725,0.044999998
34.702107233715736,0.044999998
34.70215523448375,0.0425
34.70220323525176,0.0475
34.70225123601978,0.057499997
34.70229923678779,0.049999997
34.7023472375558,0.04
34.70239523832381,0.044999998
34.70244323909182,0.044999998
34.70249123985984,0.044999998
34.70253924062785,0.0425
34.70258724139586,0.049999997
34.70263524216387,0.0325
34.70268324293188,0.035
34.702731243699894,0.03
34.70277924446791,0.0425
34.70282724523592,0.037499998
34.702875246003934,0.0425
34.702923246771945,0.035
34.702971247539956,0.0275
34.70301924830797,0.03
34.703067249075986,0.035
34.703115249844,0.035
34.70316325061201,0.0325
34.70321125138002,0.0325
34.70325925214803,0.035
34.70330725291605,0.03
34.70335525368406,0.024999999
34.70340325445207,0.03
34.70345125522008,0.03
34.70349925598809,0.024999999
34.7035472567561,0.024999999
34.70359525752412,0.0175
34.70364325829213,0.02
34.70369125906014,0.035
34.703739259828154,0.03
34.703787260596165,0.0325
34.703835261364176,0.0275
34.703883262132194,0.024999999
34.703931262900205,0.03
34.70397926366822,0.0275
34.70402726443623,0.03
34.70407526520424,0.022499999
34.70412326597226,0.04
34.70417126674027,0.035
34.70421926750828,0.022499999
34.70426726827629,0.03
34.7043152690443,0.022499999
34.70436326981231,0.022499999
34.70441127058033,0.01
34.70445927134834,0.0175
34.70450727211635,0.0275
34.70455527288436,0.012499999
34.704603273652374,0.015
34.704651274420385,0.01
34.7046992751884,0.012499999
34.704747275956414,0.0
34.704795276724425,0.012499999
34.70484327749244,0.0025
34.70489127826045,0.0025
34.704939279028466,0.005
34.70498727979648,0.005
34.70503528056449,-0.0025
34.7050832813325,0.0
34.70513128210051,0.0
34.70517928286852,-0.0025
34.70522728363654,-0.005
34.70527528440455,0.0
34.70532328517256,0.0
34.70537128594057,0.0025
34.70541928670858,0.005
34.705467287476594,0.01
34.70551528824461,0.022499999
34.70556328901262,0.0175
34.705611289780634,0.01
34.705659290548645,0.01
34.705707291316656,0.0175
34.705755292084675,0.012499999
34.705803292852686,0.012499999
34.7058512936207,0.01
34.70589929438871,0.0025
34.70594729515672,0.015
34.70599529592473,0.005
34.70604329669275,0.0075
34.70609129746076,0.01
34.70613929822877,0.0075
34.70618729899678,0.01
34.70623529976479,0.01
34.7062833005328,0.0025
34.70633130130082,-0.0025
34.70637930206883,-0.0025
34.70642730283684,0.005
34.706475303604854,0.0
34.706523304372865,0.0
34.70657130514088,0.005
34.706619305908895,0.005
34.706667306676906,0.0075
34.70671530744492,0.0025
34.70676330821293,0.0
34.70681130898094,0.0
34.70685930974896,0.0025
34.70690731051697,0.0075
34.70695531128498,0.005
34.70700331205299,-0.005
34.707051312821,0.0
34.70709931358901,0.0025
34.70714731435703,-0.005
34.70719531512504,0.005
34.70724331589305,0.0
34.70729131666106,0.012499999
34.707339317429074,0.0
34.70738731819709,0.0025
34.7074353189651,0.0075
34.707483319733115,0.0075
34.707531320501126,0.0025
34.70757932126914,0.0
34.70762732203715,0.0025
34.707675322805166,0.0025
34.70772332357318,0.01
34.70777132434119,0.0025
34.7078193251092,0.0
34.70786732587721,0.0025
34.70791532664522,-0.0025
34.70796332741324,0.005
34.70801132818125,0.015
34.70805932894926,0.012499999
34.70810732971727,0.0025
34.70815533048528,0.012499999
34.7082033312533,0.015
34.70825133202131,0.0075
34.70829933278932,0.0025
34.708347333557334,0.0075
34.708395334325346,0.005
34.70844333509336,0.01
34.708491335861375,0.0
34.708539336629386,0.02
34.7085873373974,0.012499999
34.70863533816541,0.015
34.70868333893342,0.012499999
34.70873133970143,0.015
34.70877934046945,0.0075
34.70882734123746,0.0175
34.70887534200547,0.0075
34.70892334277348,0.0075
34.70897134354149,0.0075
34.70901934430951,0.005
34.70906734507752,0.0025
34.70911534584553,0.005
34.70916334661354,0.0025
34.709211347381554,-0.0075
34.709259348149565,-0.01
34.709307348917584,0.0025
34.709355349685595,0.0
34.709403350453606,-0.0025
34.70945135122162,-0.005
34.70949935198963,-0.0075
34.70954735275764,-0.005
34.70959535352566,-0.0025
34.70964335429367,-0.005
34.70969135506168,-0.005
34.70973935582969,-0.0025
34.7097873565977,-0.012499999
34.70983535736572,-0.005
34.70988335813373,-0.01
34.70993135890174,-0.005
34.70997935966975,-0.015
34.71002736043776,-0.012499999
34.710075361205774,-0.0175
34.71012336197379,-0.005
34.710171362741804,-0.012499999
34.710219363509815,-0.02
34.710267364277826,-0.012499999
34.71031536504584,-0.0075
34.71036336581385,-0.01
34.710411366581866,-0.01
34.71045936734988,-0.01
34.71050736811789,-0.01
34.7105553688859,-0.01
34.71060336965391,-0.012499999
34.71065137042193,-0.01
34.71069937118994,-0.012499999
34.71074737195795,-0.015
34.71079537272596,-0.015
34.71084337349397,-0.02
34.71089137426198,-0.015
34.71093937503,-0.0075
34.71098737579801,-0.0175
34.711035376566024,-0.01
34.711083377334035,-0.005
34.711131378102046,0.0
34.71117937887006,-0.01
34.711227379638075,-0.0025
34.711275380406086,-0.0075
34.7113233811741,-0.0025
34.71137138194211,0.0
34.71141938271012,-0.0075
34.71146738347813,-0.0075
34.71151538424615,-0.0025
34.71156338501416,-0.01
34.71161138578217,0.0
34.71165938655018,0.0
34.71170738731819,-0.005
34.71175538808621,-0.005
34.71180338885422,0.0
34.71185138962223,0.0025
34.71189939039024,-0.0025
34.711947391158255,0.0075
34.711995391926266,-0.0025
34.712043392694284,0.0
34.712091393462295,0.005
34.712139394230306,0.005
34.71218739499832,0.0025
34.71223539576633,0.005
34.71228339653434,-0.0025
34.71233139730236,-0.0025
34.71237939807037,0.0025
34.71242739883838,0.005
34.71247539960639,0.0025
34.7125234003744,0.005
34.71257140114242,0.0025
34.71261940191043,0.015
34.71266740267844,0.005
34.71271540344645,0.012499999
34.71276340421446,0.012499999
34.712811404982475,0.012499999
34.71285940575049,0.01
34.712907406518504,0.02
34.712955407286515,0.012499999
34.713003408054526,0.015
34.71305140882254,0.015
34.71309940959055,0.012499999
34.713147410358566,0.0175
34.71319541112658,0.012499999
34.71324341189459,0.022499999
34.7132914126626,0.02
34.71333941343061,0.015
34.71338741419863,0.024999999
34.71343541496664,0.0275
34.71348341573465,0.022499999
34.71353141650266,0.022499999
34.71357941727067,0.0175
34.71362741803868,0.02
34.7136754188067,0.0325
34.71372341957471,0.0275
34.713771420342724,0.02
34.713819421110735,0.0275
34.713867421878746,0.022499999
34.71391542264676,0.03
34.713963423414775,0.0275
34.714011424182786,0.022499999
34.7140594249508,0.022499999
34.71410742571881,0.022499999
34.71415542648682,0.024999999
34.71420342725484,0.0325
34.71425142802285,0.03
34.71429942879086,0.03
34.71434742955887,0.0275
34.71439543032688,0.022499999
34.71444343109489,0.02
34.71449143186291,0.022499999
34.71453943263092,0.02
34.71458743339893,0.012499999
34.714635434166944,0.015
34.714683434934955,0.0275
34.714731435702966,0.022499999
34.714779436470984,0.022499999
34.714827437238995,0.0175
34.714875438007006,0.01
34.71492343877502,0.0075
34.71497143954303,0.01
34.715019440311046,0.03
34.71506744107906,0.022499999
34.71511544184707,0.0175
34.71516344261508,0.015
34.71521144338309,0.022499999
34.7152594441511,0.022499999
34.71530744491912,0.024999999
34.71535544568713,0.015
34.71540344645514,0.015
34.71545144722315,0.0175
34.715499447991164,0.012499999
34.715547448759175,0.024999999
34.71559544952719,0.0175
34.715643450295204,0.022499999
34.715691451063215,0.0275
34.715739451831226,0.02
34.71578745259924,0.02
34.715835453367255,0.012499999
34.715883454135266,0.022499999
34.71593145490328,0.02
34.71597945567129,0.024999999
34.7160274564393,0.0175
34.71607545720731,0.0175
34.71612345797533,0.012499999
34.71617145874334,0.012499999
34.71621945951135,0.012499999
34.71626746027936,0.024999999
34.71631546104737,0.0175
34.716363461815384,0.012499999
34.7164114625834,0.012499999
34.71645946335141,0.005
34.716507464119424,0.0175
34.716555464887435,0.02
34.716603465655446,0.0075
34.716651466423464,0.015
34.716699467191475,0.0075
34.716747467959486,0.015
34.7167954687275,0.01
34.71684346949551,0.005
34.71689147026352,0.012499999
34.71693947103154,0.015
34.71698747179955,0.0175
34.71703547256756,0.005
34.71708347333557,0.015
34.71713147410358,0.01
34.71717947487159,0.01
34.71722747563961,0.012499999
34.71727547640762,0.015
34.71732347717563,0.012499999
34.717371477943644,0.0075
34.717419478711655,0.01
34.71746747947967,0.015
34.717515480247684,0.02
34.717563481015695,0.02
34.717611481783706,0.012499999
34.71765948255172,0.01
34.71770748331973,0.0025
34.717755484087746,0.01
34.71780348485576,0.0025
34.71785148562377,0.0075
34.71789948639178,0.01
34.71794748715979,0.0
34.7179954879278,0.0075
34.71804348869582,0.0075
34.71809148946383,0.0025
34.71813949023184,0.0075
34.71818749099985,0.0075
34.718235491767864,0.01
34.71828349253588,0.0075
34.71833149330389,0.01
34.718379494071904,0.0075
34.718427494839915,0.0025
34.718475495607926,0.005
34.71852349637594,-0.0025
34.718571497143955,0.005
34.718619497911966,0.005
34.71866749867998,0.012499999
34.71871549944799,0.0075
34.718763500216,0.005
34.71881150098401,0.005
34.71885950175203,0.012499999
34.71890750252004,0.0075
34.71895550328805,0.012499999
34.71900350405606,0.005
34.71905150482407,0.0025
34.71909950559209,0.01
34.7191475063601,0.0075
34.71919550712811,0.01
34.719243507896124,0.0075
34.719291508664135,0.01
34.719339509432146,0.005
34.719387510200164,0.0075
34.719435510968175,0.005
34.719483511736186,0.012499999
34.7195315125042,0.0175
34.71957951327221,0.02
34.71962751404022,0.0075
34.71967551480824,0.012499999
34.71972351557625,0.0175
34.71977151634426,0.022499999
34.71981951711227,0.0175
34.71986751788028,0.02
34.7199155186483,0.0175
34.71996351941631,0.0175
34.72001152018432,0.015
34.72005952095233,0.0175
34.720107521720344,0.02
34.720155522488355,0.02
34.72020352325637,0.012499999
34.720251524024384,0.012499999
34.720299524792395,0.0175
34.720347525560406,0.012499999
34.72039552632842,0.015
34.72044352709643,0.015
34.720491527864446,0.022499999
34.72053952863246,0.015
34.72058752940047,0.02
34.72063553016848,0.015
34.72068353093649,0.015
34.72073153170451,0.015
34.72077953247252,0.0175
34.72082753324053,0.015
34.72087553400854,0.022499999
34.72092353477655,0.015
34.720971535544564,0.022499999
34.72101953631258,0.012499999
34.72106753708059,0.0075
34.721115537848604,0.02
34.721163538616615,0.022499999
34.721211539384626,0.012499999
34.72125954015264,0.015
34.721307540920655,0.012499999
34.721355541688666,0.01
34.72140354245668,0.012499999
34.72145154322469,0.01
34.7214995439927,-0.0025
34.72154754476072,0.0025
34.72159554552873,0.01
34.72164354629674,0.01
34.72169154706475,0.005
34.72173954783276,0.0
34.72178754860077,-0.0075
34.72183554936879,0.0025
34.7218835501368,-0.01
34.72193155090481,-0.012499999
34.721979551672824,-0.0025
34.722027552440835,-0.005
34.722075553208846,0.0
34.722123553976864,-0.0075
34.722171554744875,-0.0075
34.722219555512886,-0.005
34.7222675562809,-0.0075
34.72231555704891,-0.012499999
34.72236355781692,0.0
34.72241155858494,-0.0025
34.72245955935295,-0.005
34.72250756012096,-0.0025
34.72255556088897,0.0025
34.72260356165698,-0.012499999
34.722651562425,-0.015
34.72269956319301,-0.0175
34.72274756396102,-0.0175
34.72279556472903,-0.0175
34.722843565497044,-0.02
34.722891566265055,-0.0275
34.72293956703307,-0.02
34.722987567801084,-0.005
34.723035568569095,-0.012499999
34.723083569337106,-0.022499999
34.72313157010512,-0.022499999
34.72317957087313,-0.0175
34.72322757164115,-0.0175
34.72327557240916,-0.022499999
34.72332357317717,-0.0175
34.72337157394518,-0.0175
34.72341957471319,-0.02
34.72346757548121,-0.024999999
34.72351557624922,-0.022499999
34.72356357701723,-0.03
34.72361157778524,-0.022499999
34.72365957855325,-0.0275
34.723707579321264,-0.0325
34.72375558008928,-0.0325
34.72380358085729,-0.035
34.723851581625304,-0.035
34.723899582393315,-0.035
34.723947583161326,-0.0425
34.72399558392934,-0.055
34.724043584697355,-0.049999997
34.72409158546537,-0.0475
34.72413958623338,-0.0425
34.72418758700139,-0.044999998
34.7242355877694,-0.049999997
34.72428358853742,-0.0525
34.72433158930543,-0.057499997
34.72437959007344,-0.044999998
34.72442759084145,-0.0525
34.72447559160946,-0.055
34.72452359237747,-0.049999997
34.72457159314549,-0.0475
34.7246195939135,-0.057499997
34.72466759468151,-0.0475
34.724715595449524,-0.0475
34.724763596217535,-0.044999998
34.724811596985546,-0.0425
34.724859597753564,-0.0425
34.724907598521575,-0.044999998
34.724955599289586,-0.03
34.7250036000576,-0.035
34.72505160082561,-0.0425
34.72509960159363,-0.0425
34.72514760236164,-0.037499998
34.72519560312965,-0.037499998
34.72524360389766,-0.0325
34.72529160466567,-0.0425
34.72533960543368,-0.037499998
34.7253876062017,-0.035
34.72543560696971,-0.0425
34.72548360773772,-0.049999997
34.72553160850573,-0.04
34.725579609273744,-0.0475
34.725627610041755,-0.0425
34.72567561080977,-0.049999997
34.725723611577784,-0.0475
34.725771612345795,-0.055
34.725819613113806,-0.049999997
34.72586761388182,-0.057499997
34.725915614649836,-0.055
34.72596361541785,-0.055
34.72601161618586,-0.06
34.72605961695387,-0.055
34.72610761772188,-0.0425
34.72615561848989,-0.0525
34.72620361925791,-0.0475
34.72625162002592,-0.0475
34.72629962079393,-0.0525
34.72634762156194,-0.049999997
34.72639562232995,-0.0475
34.726443623097964,-0.0525
34.72649162386598,-0.055
34.72653962463399,-0.0475
34.726587625402004,-0.0525
34.726635626170015,-0.057499997
34.726683626938026,-0.0525
34.726731627706044,-0.055
34.726779628474056,-0.057499997
34.72682762924207,-0.0525
34.72687563001008,-0.0625
34.72692363077809,-0.0725
34.7269716315461,-0.07
34.72701963231412,-0.074999996
34.72706763308213,-0.0725
34.72711563385014,-0.07
34.72716363461815,-0.074999996
34.72721163538616,-0.074999996
34.72725963615417,-0.0725
34.72730763692219,-0.074999996
34.7273556376902,-0.082499996
34.72740363845821,-0.0725
34.727451639226224,-0.074999996
34.727499639994235,-0.0725
34.72754764076225,-0.0775
34.727595641530264,-0.074999996
34.727643642298275,-0.0775
34.72769164306629,-0.074999996
34.7277396438343,-0.08
34.72778764460231,-0.07
34.72783564537033,-0.0725
34.72788364613834,-0.074999996
34.72793164690635,-0.074999996
34.72797964767436,-0.0725
34.72802764844237,-0.0725
34.72807564921038,-0.065
34.7281236499784,-0.067499995
34.72817165074641,-0.067499995
34.72821965151442,-0.08
34.72826765228243,-0.0775
34.728315653050444,-0.074999996
34.72836365381846,-0.0775
34.72841165458647,-0.082499996
34.728459655354484,-0.089999996
34.728507656122495,-0.089999996
34.72855565689051,-0.0875
34.72860365765852,-0.082499996
34.728651658426536,-0.0875
34.72869965919455,-0.08
34.72874765996256,-0.08
34.72879566073057,-0.0875
34.72884366149858,-0.082499996
34.72889166226659,-0.0725
34.72893966303461,-0.085
34.72898766380262,-0.08
34.72903566457063,-0.08
34.72908366533864,-0.082499996
34.72913166610665,-0.0775
34.72917966687467,-0.08
34.72922766764268,-0.0775
34.72927566841069,-0.074999996
34.729323669178704,-0.065
34.729371669946715,-0.07
34.72941967071473,-0.0775
34.729467671482745,-0.07
34.729515672250756,-0.067499995
34.72956367301877,-0.0775
34.72961167378678,-0.0725
34.72965967455479,-0.0775
34.7297076753228,-0.0725
34.72975567609082,-0.08
34.72980367685883,-0.0775
34.72985167762684,-0.0775
34.72989967839485,-0.07
34.72994767916286,-0.074999996
34.72999567993088,-0.0775
34.73004368069889,-0.067499995
34.7300916814669,-0.07
34.73013968223491,-0.074999996
34.730187683002924,-0.074999996
34.730235683770935,-0.074999996
34.73028368453895,-0.065
34.730331685306965,-0.07
34.730379686074976,-0.07
34.73042768684299,-0.0625
34.730475687611,-0.067499995
34.73052368837901,-0.0725
34.73057168914703,-0.0725
34.73061968991504,-0.065
34.73066769068305,-0.0625
34.73071569145106,-0.07
34.73076369221907,-0.0625
34.73081169298709,-0.057499997
34.7308596937551,-0.06
34.73090769452311,-0.067499995
34.73095569529112,-0.067499995
34.73100369605913,-0.057499997
34.731051696827144,-0.0775
34.73109969759516,-0.0725
34.73114769836317,-0.0625
34.731195699131185,-0.057499997
34.731243699899196,-0.067499995
34.73129170066721,-0.0625
34.73133970143522,-0.0625
34.731387702203236,-0.057499997
34.73143570297125,-0.049999997
34.73148370373926,-0.055
34.73153170450727,-0.055
34.73157970527528,-0.057499997
34.7316277060433,-0.0525
34.73167570681131,-0.049999997
34.73172370757932,-0.055
34.73177170834733,-0.0525
34.73181970911534,-0.0525
34.73186770988335,-0.049999997
34.73191571065137,-0.057499997
34.73196371141938,-0.055
34.73201171218739,-0.0525
34.732059712955405,-0.049999997
34.732107713723416,-0.0475
34.73215571449143,-0.037499998
34.732203715259445,-0.044999998
34.732251716027456,-0.0475
34.73229971679547,-0.044999998
34.73234771756348,-0.0525
34.73239571833149,-0.0525
34.7324437190995,-0.0525
34.73249171986752,-0.04
34.73253972063553,-0.0525
34.73258772140354,-0.0525
34.73263572217155,-0.0525
34.73268372293956,-0.055
34.73273172370758,-0.0525
34.73277972447559,-0.049999997
34.7328277252436,-0.055
34.73287572601161,-0.055
34.732923726779624,-0.0525
34.732971727547636,-0.044999998
34.733019728315654,-0.044999998
34.733067729083665,-0.044999998
34.733115729851676,-0.044999998
34.73316373061969,-0.0425
34.7332117313877,-0.0475
34.73325973215571,-0.0425
34.73330773292373,-0.044999998
34.73335573369174,-0.0525
34.73340373445975,-0.0475
34.73345173522776,-0.0475
34.73349973599577,-0.0525
34.73354773676379,-0.049999997
34.7335957375318,-0.044999998
34.73364373829981,-0.0525
34.73369173906782,-0.055
34.73373973983583,-0.0475
34.733787740603844,-0.0425
34.73383574137186,-0.044999998
34.733883742139874,-0.0475
34.733931742907885,-0.049999997
34.733979743675896,-0.057499997
34.73402774444391,-0.06
34.73407574521192,-0.055
34.734123745979936,-0.049999997
34.73417174674795,-0.0475
34.73421974751596,-0.057499997
34.73426774828397,-0.049999997
34.73431574905198,-0.044999998
34.73436374982,-0.0475
34.73441175058801,-0.055
34.73445975135602,-0.049999997
34.73450775212403,-0.0525
34.73455575289204,-0.0425
34.73460375366005,-0.055
34.73465175442807,-0.0525
34.73469975519608,-0.0525
34.734747755964094,-0.0625
34.734795756732105,-0.049999997
34.734843757500116,-0.049999997
34.73489175826813,-0.0425
34.734939759036145,-0.049999997
34.734987759804156,-0.0525
34.73503576057217,-0.049999997
34.73508376134018,-0.049999997
34.73513176210819,-0.055
34.73517976287621,-0.0525
34.73522776364422,-0.055
34.73527576441223,-0.049999997
34.73532376518024,-0.0475
34.73537176594825,-0.057499997
34.73541976671626,-0.049999997
34.73546776748428,-0.0525
34.73551576825229,-0.0475
34.7355637690203,-0.057499997
34.73561176978831,-0.055
34.735659770556325,-0.0475
34.735707771324336,-0.0475
34.735755772092354,-0.055
34.735803772860365,-0.06
34.735851773628376,-0.055
34.73589977439639,-0.055
34.7359477751644,-0.055
34.735995775932416,-0.055
34.73604377670043,-0.0475
34.73609177746844,-0.055
34.73613977823645,-0.0475
34.73618777900446,-0.055
34.73623577977247,-0.055
34.73628378054049,-0.049999997
34.7363317813085,-0.049999997
34.73637978207651,-0.057499997
34.73642778284452,-0.0475
34.73647578361253,-0.0475
34.736523784380545,-0.0475
34.73657178514856,-0.0425
34.736619785916574,-0.049999997
34.736667786684585,-0.055
34.736715787452596,-0.049999997
34.73676378822061,-0.049999997
34.736811788988625,-0.055
34.736859789756636,-0.0425
34.73690779052465,-0.0525
34.73695579129266,-0.0525
34.73700379206067,-0.049999997
34.73705179282868,-0.049999997
34.7370997935967,-0.0525
34.73714779436471,-0.055
34.73719579513272,-0.0475
34.73724379590073,-0.055
34.73729179666874,-0.055
34.73733979743675,-0.049999997
34.73738779820477,-0.0525
34.73743579897278,-0.0525
34.737483799740794,-0.055
34.737531800508805,-0.06
34.737579801276816,-0.057499997
34.737627802044834,-0.0625
34.737675802812845,-0.0625
34.737723803580856,-0.049999997
34.73777180434887,-0.06
34.73781980511688,-0.055
34.73786780588489,-0.06
34.73791580665291,-0.057499997
34.73796380742092,-0.049999997
34.73801180818893,-0.0475
34.73805980895694,-0.044999998
34.73810780972495,-0.044999998
34.73815581049296,-0.0425
34.73820381126098,-0.049999997
34.73825181202899,-0.044999998
34.738299812797,-0.0475
34.738347813565014,-0.044999998
34.738395814333025,-0.04
34.73844381510104,-0.044999998
34.738491815869054,-0.049999997
34.738539816637065,-0.049999997
34.738587817405076,-0.055
34.73863581817309,-0.0525
34.7386838189411,-0.065
34.738731819709116,-0.06
34.73877982047713,-0.065
34.73882782124514,-0.067499995
34.73887582201315,-0.065
34.73892382278116,-0.0725
34.73897182354917,-0.067499995
34.73901982431719,-0.0625
34.7390678250852,-0.067499995
34.73911582585321,-0.074999996
34.73916382662122,-0.0725
34.739211827389234,-0.07
34.73925982815725,-0.0775
34.73930782892526,-0.065
34.739355829693274,-0.074999996
34.739403830461285,-0.067499995
34.739451831229296,-0.085
34.73949983199731,-0.085
34.739547832765325,-0.082499996
34.739595833533336,-0.08
34.73964383430135,-0.0775
34.73969183506936,-0.0775
34.73973983583737,-0.082499996
34.73978783660538,-0.074999996
34.7398358373734,-0.074999996
34.73988383814141,-0.0775
34.73993183890942,-0.082499996
34.73997983967743,-0.08
34.74002784044544,-0.08
34.74007584121346,-0.082499996
34.74012384198147,-0.085
34.74017184274948,-0.085
34.740219843517494,-0.0875
34.740267844285505,-0.0875
34.740315845053516,-0.0975
34.740363845821534,-0.089999996
34.740411846589545,-0.0925
34.740459847357556,-0.1025
34.74050784812557,-0.089999996
34.74055584889358,-0.099999994
34.74060384966159,-0.0925
34.74065185042961,-0.085
34.74069985119762,-0.095
34.74074785196563,-0.0925
34.74079585273364,-0.0875
34.74084385350165,-0.0875
34.74089185426967,-0.0925
34.74093985503768,-0.082499996
34.74098785580569,-0.0875
34.7410358565737,-0.0925
34.741083857341714,-0.089999996
34.741131858109725,-0.082499996
34.74117985887774,-0.0875
34.741227859645754,-0.085
34.741275860413765,-0.0875
34.741323861181776,-0.0875
34.74137186194979,-0.074999996
34.7414198627178,-0.0775
34.741467863485816,-0.074999996
34.74151586425383,-0.0725
34.74156386502184,-0.074999996
34.74161186578985,-0.0725
34.74165986655786,-0.074999996
34.74170786732588,-0.0775
34.74175586809389,-0.074999996
34.7418038688619,-0.082499996
34.74185186962991,-0.08
34.74189987039792,-0.0775
34.741947871165934,-0.085
34.74199587193395,-0.07
34.74204387270196,-0.085
34.742091873469974,-0.082499996
34.742139874237985,-0.0775
34.742187875005996,-0.0775
34.74223587577401,-0.07
34.742283876542025,-0.0725
34.742331877310036,-0.074999996
34.74237987807805,-0.07
34.74242787884606,-0.0625
34.74247587961407,-0.0625
34.74252388038209,-0.067499995
34.7425718811501,-0.0625
34.74261988191811,-0.06
34.74266788268612,-0.055
34.74271588345413,-0.0625
34.74276388422214,-0.06
34.74281188499016,-0.057499997
34.74285988575817,-0.057499997
34.74290788652618,-0.057499997
34.742955887294194,-0.049999997
34.743003888062205,-0.0525
34.743051888830216,-0.055
34.743099889598234,-0.055
34.743147890366245,-0.055
34.743195891134256,-0.0625
34.74324389190227,-0.057499997
34.74329189267028,-0.057499997
34.74333989343829,-0.0625
34.74338789420631,-0.065
34.74343589497432,-0.0625
34.74348389574233,-0.055
34.74353189651034,-0.0625
34.74357989727835,-0.06
34.74362789804637,-0.057499997
34.74367589881438,-0.057499997
34.74372389958239,-0.049999997
34.7437719003504,-0.0525
34.743819901118414,-0.0425
34.743867901886425,-0.044999998
34.74391590265444,-0.0425
34.743963903422454,-0.0425
34.744011904190465,-0.0425
34.744059904958476,-0.049999997
34.74410790572649,-0.044999998
34.7441559064945,-0.049999997
34.744203907262516,-0.055
34.74425190803053,-0.0525
34.74429990879854,-0.055
34.74434790956655,-0.049999997
34.74439591033456,-0.0625
34.74444391110258,-0.0525
34.74449191187059,-0.057499997
34.7445399126386,-0.049999997
34.74458791340661,-0.049999997
34.74463591417462,-0.0525
34.744683914942634,-0.057499997
34.74473191571065,-0.0525
34.74477991647866,-0.049999997
34.744827917246674,-0.049999997
34.744875918014685,-0.0475
34.744923918782696,-0.049999997
34.74497191955071,-0.0425
34.745019920318725,-0.055
34.745067921086736,-0.04
34.74511592185475,-0.03
34.74516392262276,-0.037499998
34.74521192339077,-0.035
34.74525992415879,-0.037499998
34.7453079249268,-0.0325
34.74535592569481,-0.04
34.74540392646282,-0.0425
34.74545192723083,-0.0275
34.74549992799884,-0.037499998
34.74554792876686,-0.0325
34.74559592953487,-0.03
34.74564393030288,-0.0275
34.745691931070894,-0.024999999
34.745739931838905,-0.024999999
34.745787932606916,-0.0275
34.745835933374934,-0.0275
34.745883934142945,-0.0275
34.745931934910956,-0.022499999
34.74597993567897,-0.024999999
34.74602793644698,-0.02
34.746075937215,-0.015
34.74612393798301,-0.0175
34.74617193875102,-0.0075
34.74621993951903,0.0
34.74626794028704,-0.0025
34.74631594105505,-0.0075
34.74636394182307,0.0025
34.74641194259108,0.0025
34.74645994335909,-0.0075
34.7465079441271,-0.0025
34.746555944895114,0.0
34.746603945663125,0.0025
34.74665194643114,0.0075
34.746699947199154,0.01
34.746747947967165,0.015
34.746795948735176,0.022499999
34.74684394950319,0.015
34.746891950271205,0.012499999
34.74693995103922,0.005
34.74698795180723,0.015
34.74703595257524,0.0075
34.74708395334325,0.0175
34.74713195411126,0.012499999
34.74717995487928,0.015
34.74722795564729,0.022499999
34.7472759564153,0.0175
34.74732395718331,0.01
34.74737195795132,0.01
34.747419958719334,0.012499999
34.74746795948735,0.0175
34.74751596025536,0.012499999
34.747563961023374,0.015
34.747611961791385,0.022499999
34.747659962559396,0.0275
34.747707963327414,0.022499999
34.747755964095425,0.03
34.74780396486344,0.03
34.74785196563145,0.0325
34.74789996639946,0.024999999
34.74794796716747,0.024999999
34.74799596793549,0.022499999
34.7480439687035,0.022499999
34.74809196947151,0.024999999
34.74813997023952,0.03
34.74818797100753,0.03
34.74823597177554,0.0325
34.74828397254356,0.024999999
34.74833197331157,0.03
34.74837997407958,0.0325
34.748427974847594,0.0275
34.748475975615605,0.0425
34.74852397638362,0.035
34.748571977151634,0.0325
34.748619977919645,0.04
34.748667978687656,0.0275
34.74871597945567,0.03
34.74876398022368,0.035
34.7488119809917,0.0275
34.74885998175971,0.0325
34.74890798252772,0.0325
34.74895598329573,0.037499998
34.74900398406374,0.0325
34.74905198483175,0.04
34.74909998559977,0.035
34.74914798636778,0.0275
34.74919598713579,0.024999999
34.7492439879038,0.037499998
34.749291988671814,0.03
34.74933998943983,0.024999999
34.74938799020784,0.024999999
34.749435990975854,0.024999999
34.749483991743865,0.024999999
34.749531992511876,0.022499999
34.74957999327989,0.022499999
34.749627994047906,0.022499999
34.74967599481592,0.022499999
34.74972399558393,0.02
34.74977199635194,0.012499999
34.74981999711995,0.024999999
34.74986799788796,0.022499999
34.74991599865598,0.022499999
34.74996399942399,0.024999999
34.750012000192,0.022499999
34.75006000096001,0.024999999
34.75010800172802,0.024999999
34.75015600249604,0.037499998
34.75020400326405,0.0275
34.75025200403206,0.0275
34.750300004800074,0.0325
34.750348005568085,0.037499998
34.750396006336096,0.024999999
34.750444007104115,0.022499999
34.750492007872126,0.02
34.75054000864014,0.02
34.75058800940815,0.022499999
34.75063601017616,0.0175
34.75068401094417,0.012499999
34.75073201171219,0.0075
34.7507800124802,0.0
34.75082801324821,0.0
34.75087601401622,0.0
34.75092401478423,-0.0075
34.75097201555225,-0.01
34.75102001632026,-0.01
34.75106801708827,-0.022499999
34.75111601785628,-0.01
34.751164018624294,-0.03
34.751212019392305,-0.024999999
34.75126002016032,-0.0275
34.751308020928334,-0.024999999
34.751356021696346,-0.0325
34.75140402246436,-0.0425
34.75145202323237,-0.037499998
34.75150002400038,-0.0325
34.7515480247684,-0.03
34.75159602553641,-0.02
34.75164402630442,-0.0275
34.75169202707243,-0.02
34.75174002784044,-0.024999999
34.75178802860846,-0.0325
34.75183602937647,-0.0175
34.75188403014448,-0.0175
34.75193203091249,-0.015
34.7519800316805,-0.0075
34.752028032448514,-0.01
34.75207603321653,-0.005
34.75212403398454,-0.0025
34.752172034752554,-0.0025
34.752220035520565,0.0
34.75226803628858,-0.005
34.75231603705659,0.0
34.752364037824606,0.005
34.75241203859262,0.0075
34.75246003936063,-0.01
34.75250804012864,-0.005
34.75255604089665,-0.0025
34.75260404166467,0.0025
34.75265204243268,0.0075
34.75270004320069,0.0075
34.7527480439687,0.005
34.75279604473671,0.0075
34.75284404550472,0.005
34.75289204627274,-0.0025
34.75294004704075,0.0025
34.75298804780876,-0.0025
34.753036048576774,-0.0025
34.753084049344785,0.0025
34.7531320501128,0.01
34.753180050880815,0.0075
34.753228051648826,0.0075
34.75327605241684,0.005
34.75332405318485,0.01
34.75337205395286,0.005
34.75342005472088,0.0075
34.75346805548889,0.005
34.7535160562569,0.005
34.75356405702491,0.005
34.75361205779292,0.0025
34.75366005856093,0.01
34.75370805932895,0.012499999
34.75375606009696,0.005
34.75380406086497,0.0075
34.75385206163298,0.0075
34.753900062400994,0.0075
34.753948063169005,0.01
34.753996063937024,0.01
34.754044064705035,0.012499999
34.754092065473046,0.005
34.75414006624106,0.0075
34.75418806700907,0.01
34.75423606777708,0.005
34.7542840685451,0.0025
34.75433206931311,0.01
34.75438007008112,0.005
34.75442807084913,0.0075
34.75447607161714,0.0025
34.75452407238516,0.01
34.75457207315317,0.012499999
34.75462007392118,0.0075
34.75466807468919,0.005
34.7547160754572,-0.0025
34.754764076225214,0.012499999
34.75481207699323,0.0025
34.75486007776124,0.0
34.754908078529255,0.0025
34.754956079297266,0.005
34.75500408006528,0.01
34.75505208083329,-0.0025
34.755100081601306,0.0075
34.75514808236932,0.0025
34.75519608313733,0.0
34.75524408390534,0.0025
34.75529208467335,0.0025
34.75534008544137,0.0
34.75538808620938,-0.005
34.75543608697739,-0.0025
34.7554840877454,0.005
34.75553208851341,0.0025
34.75558008928142,-0.0025
34.75562809004944,0.0
34.75567609081745,0.01
34.75572409158546,0.01
34.755772092353475,-0.0075
34.755820093121486,-0.0025
34.7558680938895,-0.005
34.755916094657515,-0.005
34.755964095425526,-0.0025
34.75601209619354,0.0025
34.75606009696155,-0.005
34.75610809772956,0.0
34.75615609849758,-0.0025
34.75620409926559,-0.005
34.7562521000336,-0.022499999
34.75630010080161,-0.02
34.75634810156962,-0.012499999
34.75639610233763,-0.015
34.75644410310565,-0.0175
34.75649210387366,-0.0075
34.75654010464167,-0.0075
34.75658810540968,-0.0075
34.756636106177695,-0.005
34.756684106945706,-0.005
34.756732107713724,-0.01
34.756780108481735,-0.015
34.756828109249746,-0.02
34.75687611001776,-0.022499999
34.75692411078577,-0.0175
34.756972111553786,-0.02
34.7570201123218,-0.015
34.75706811308981,-0.022499999
34.75711611385782,-0.0175
34.75716411462583,-0.02
34.75721211539384,-0.0175
34.75726011616186,-0.0175
34.75730811692987,-0.022499999
34.75735611769788,-0.02
34.75740411846589,-0.0175
34.7574521192339,-0.012499999
34.757500120001914,-0.015
34.75754812076993,-0.02
34.757596121537944,-0.022499999
34.757644122305955,-0.0175
34.757692123073966,-0.02
34.75774012384198,-0.03
34.757788124609995,-0.0325
34.757836125378006,-0.02
34.75788412614602,-0.022499999
34.75793212691403,-0.0275
34.75798012768204,-0.02
34.75802812845005,-0.02
34.75807612921807,-0.012499999
34.75812412998608,-0.012499999
34.75817213075409,-0.02
34.7582201315221,-0.0175
34.75826813229011,-0.01
34.75831613305812,-0.012499999
34.75836413382614,-0.02
34.75841213459415,-0.022499999
34.758460135362164,-0.02
34.758508136130175,-0.015
34.758556136898186,-0.02
34.758604137666204,-0.022499999
34.758652138434215,-0.0175
34.758700139202226,-0.0275
34.75874813997024,-0.022499999
34.75879614073825,-0.037499998
34.75884414150626,-0.0275
34.75889214227428,-0.0275
34.75894014304229,-0.024999999
34.7589881438103,-0.022499999
34.75903614457831,-0.022499999
34.75908414534632,-0.0175
34.75913214611433,-0.024999999
34.75918014688235,-0.0175
34.75922814765036,-0.015
34.75927614841837,-0.0175
34.759324149186384,-0.015
34.759372149954395,-0.012499999
34.75942015072241,-0.012499999
34.759468151490424,-0.0075
34.759516152258435,-0.01
34.759564153026446,0.0
34.75961215379446,-0.0075
34.75966015456247,0.0
34.759708155330486,-0.005
34.7597561560985,-0.005
34.75980415686651,-0.005
34.75985215763452,0.0025
34.75990015840253,0.0025
34.75994815917054,0.0025
34.75999615993856,-0.0025
34.76004416070657,-0.0075
34.76009216147458,0.0
34.76014016224259,0.0
34.7601881630106,-0.0025
34.76023616377862,0.0
34.76028416454663,-0.0075
34.760332165314644,0.0
34.760380166082655,-0.005
34.760428166850666,-0.01
34.76047616761868,0.0
34.760524168386695,0.0
34.760572169154706,0.0
34.76062016992272,0.0
34.76066817069073,0.0
34.76071617145874,0.005
34.76076417222675,0.0025
34.76081217299477,-0.005
34.76086017376278,-0.01
34.76090817453079,-0.0025
34.7609561752988,0.0025
34.76100417606681,0.005
34.76105217683483,0.005
34.76110017760284,0.0025
34.76114817837085,0.0075
34.761196179138864,-0.0025
34.761244179906875,0.0
34.761292180674886,0.0025
34.761340181442904,-0.0025
34.761388182210915,0.0025
34.761436182978926,-0.0075
34.76148418374694,0.005
34.76153218451495,-0.0025
34.76158018528296,0.0
34.76162818605098,0.0
34.76167618681899,0.0
34.761724187587,-0.005
34.76177218835501,0.005
34.76182018912302,-0.0025
34.76186818989104,-0.0025
34.76191619065905,-0.005
34.76196419142706,-0.0025
34.76201219219507,-0.005
34.762060192963084,-0.0075
34.762108193731095,-0.0075
34.76215619449911,-0.005
34.762204195267124,-0.0025
34.762252196035135,-0.0075
34.762300196803146,0.0025
34.76234819757116,0.0025
34.76239619833917,-0.0025
34.762444199107186,-0.0075
34.7624921998752,-0.02
34.76254020064321,-0.015
34.76258820141122,-0.0025
34.76263620217923,-0.005
34.76268420294725,-0.01
34.76273220371526,-0.005
34.76278020448327,-0.005
34.76282820525128,0.0
34.76287620601929,0.0025
34.762924206787304,0.01
34.76297220755532,0.005
34.76302020832333,-0.005
34.763068209091344,0.0025
34.763116209859355,0.0
34.763164210627366,0.0
34.76321221139538,0.0075
34.763260212163395,0.005
34.763308212931406,0.005
34.76335621369942,0.012499999
34.76340421446743,0.0025
34.76345221523544,-0.0025
34.76350021600346,-0.0025
34.76354821677147,0.0025
34.76359621753948,0.0
34.76364421830749,-0.005
34.7636922190755,-0.0025
34.76374021984351,0.0
34.76378822061153,-0.005
34.76383622137954,-0.0025
34.76388422214755,-0.005
34.763932222915564,-0.005
34.763980223683575,-0.012499999
34.764028224451586,-0.0025
34.764076225219604,-0.0075
34.764124225987615,-0.005
34.764172226755626,-0.0075
34.76422022752364,0.0
34.76426822829165,0.0025
34.764316229059666,0.005
34.76436422982768,0.005
34.76441223059569,0.0025
34.7644602313637,0.005
34.76450823213171,0.015
34.76455623289972,0.0075
34.76460423366774,0.0025
34.76465223443575,0.01
34.76470023520376,0.005
34.76474823597177,0.005
34.764796236739784,0.01
34.764844237507795,0.0
34.76489223827581,0.005
34.764940239043824,-0.005
34.764988239811835,-0.0025
34.765036240579846,-0.0075
34.76508424134786,-0.0025
34.76513224211587,-0.0075
34.765180242883886,-0.0025
34.7652282436519,-0.005
34.76527624441991,-0.0075
34.76532424518792,-0.0075
34.76537224595593,-0.0025
34.76542024672395,-0.0175
34.76546824749196,-0.01
34.76551624825997,-0.0075
34.76556424902798,-0.02
34.76561224979599,-0.02
34.765660250564004,-0.0275
34.76570825133202,-0.024999999
34.76575625210003,-0.022499999
34.765804252868044,-0.0175
34.765852253636055,-0.022499999
34.765900254404066,-0.0325
34.76594825517208,-0.022499999
34.765996255940095,-0.0175
34.766044256708106,-0.015
34.76609225747612,-0.012499999
34.76614025824413,-0.0175
34.76618825901214,-0.02
34.76623625978016,-0.0075
34.76628426054817,-0.0275
34.76633226131618,-0.015
34.76638026208419,-0.0175
34.7664282628522,-0.02
34.76647626362021,-0.022499999
34.76652426438823,-0.024999999
34.76657226515624,-0.024999999
34.76662026592425,-0.0275
34.766668266692264,-0.022499999
34.766716267460275,-0.022499999
34.766764268228286,-0.0325
34.766812268996304,-0.02
34.766860269764315,-0.0275
34.766908270532326,-0.022499999
34.76695627130034,-0.0275
34.76700427206835,-0.022499999
34.76705227283637,-0.024999999
34.76710027360438,-0.02
34.76714827437239,-0.03
34.7671962751404,-0.0275
34.76724427590841,-0.024999999
34.76729227667642,-0.024999999
34.76734027744444,-0.02
34.76738827821245,-0.022499999
34.76743627898046,-0.024999999
34.76748427974847,-0.0275
34.767532280516484,-0.0275
34.767580281284495,-0.0275
34.76762828205251,-0.0175
34.767676282820524,-0.024999999
34.767724283588535,-0.02
34.767772284356546,-0.035
34.76782028512456,-0.0275
34.767868285892575,-0.0275
34.767916286660586,-0.035
34.7679642874286,-0.03
34.76801228819661,-0.0325
34.76806028896462,-0.035
34.76810828973263,-0.035
34.76815629050065,-0.035
34.76820429126866,-0.03
34.76825229203667,-0.0325
34.76830029280468,-0.035
34.76834829357269,-0.035
34.768396294340704,-0.037499998
34.76844429510872,-0.0275
34.76849229587673,-0.044999998
34.768540296644744,-0.04
34.768588297412755,-0.035
34.768636298180766,-0.0325
34.768684298948784,-0.03
34.768732299716795,-0.03
34.768780300484806,-0.0325
34.76882830125282,-0.0275
34.76887630202083,-0.03
34.76892430278884,-0.022499999
34.76897230355686,-0.02
34.76902030432487,-0.022499999
34.76906830509288,-0.0325
34.76911630586089,-0.03
34.7691643066289,-0.035
34.76921230739691,-0.037499998
34.76926030816493,-0.03
34.76930830893294,-0.037499998
34.76935630970095,-0.037499998
34.769404310468964,-0.0425
34.769452311236975,-0.035
34.76950031200499,-0.037499998
34.769548312773004,-0.049999997
34.769596313541015,-0.044999998
34.769644314309026,-0.049999997
34.76969231507704,-0.057499997
34.76974031584505,-0.0475
34.76978831661307,-0.055
34.76983631738108,-0.055
34.76988431814909,-0.055
34.7699323189171,-0.0625
34.76998031968511,-0.0475
34.77002832045312,-0.0525
34.77007632122114,-0.044999998
34.77012432198915,-0.0525
34.77017232275716,-0.0425
34.77022032352517,-0.044999998
34.770268324293184,-0.03
34.7703163250612,-0.04
34.77036432582921,-0.035
34.770412326597224,-0.035
34.770460327365235,-0.04
34.770508328133246,-0.037499998
34.77055632890126,-0.0425
34.770604329669276,-0.035
34.77065233043729,-0.035
34.7707003312053,-0.04
34.77074833197331,-0.037499998
34.77079633274132,-0.037499998
34.77084433350933,-0.0525
34.77089233427735,-0.0275
34.77094033504536,-0.035
34.77098833581337,-0.04
34.77103633658138,-0.037499998
34.77108433734939,-0.035
34.77113233811741,-0.035
34.77118033888542,-0.04
34.77122833965343,-0.044999998
34.771276340421444,-0.0325
34.771324341189455,-0.0275
34.771372341957466,-0.0275
34.771420342725484,-0.0275
34.771468343493495,-0.037499998
34.77151634426151,-0.03
34.77156434502952,-0.0425
34.77161234579753,-0.037499998
34.77166034656554,-0.035
34.77170834733356,-0.0275
34.77175634810157,-0.0325
34.77180434886958,-0.03
34.77185234963759,-0.024999999
34.7719003504056,-0.035
34.77194835117362,-0.035
34.77199635194163,-0.0325
34.77204435270964,-0.03
34.77209235347765,-0.0275
34.772140354245664,-0.035
34.772188355013675,-0.022499999
34.77223635578169,-0.024999999
34.772284356549704,-0.0175
34.772332357317715,-0.024999999
34.77238035808573,-0.022499999
34.77242835885374,-0.024999999
34.77247635962175,-0.0275
34.77252436038977,-0.037499998
34.77257236115778,-0.0325
34.77262036192579,-0.0325
34.7726683626938,-0.022499999
34.77271636346181,-0.0325
34.77276436422983,-0.0275
34.77281236499784,-0.0325
34.77286036576585,-0.024999999
34.77290836653386,-0.03
34.77295636730187,-0.03
34.773004368069884,-0.035
34.7730523688379,-0.0325
34.77310036960591,-0.03
34.773148370373924,-0.0275
34.773196371141935,-0.024999999
34.773244371909946,-0.022499999
34.77329237267796,-0.022499999
34.773340373445976,-0.022499999
34.77338837421399,-0.037499998
34.773436374982,-0.03
34.77348437575001,-0.0275
34.77353237651802,-0.0275
34.77358037728604,-0.0275
34.77362837805405,-0.022499999
34.77367637882206,-0.0325
34.77372437959007,-0.0325
34.77377238035808,-0.03
34.77382038112609,-0.0175
34.77386838189411,-0.03
34.77391638266212,-0.024999999
34.77396438343013,-0.022499999
34.774012384198144,-0.024999999
34.774060384966155,-0.022499999
34.774108385734166,-0.02
34.774156386502185,-0.012499999
34.774204387270196,-0.015
34.77425238803821,-0.015
34.77430038880622,-0.02
34.77434838957423,-0.015
34.77439639034225,-0.0175
34.77444439111026,-0.015
34.77449239187827,-0.005
34.77454039264628,-0.015
34.77458839341429,-0.0175
34.7746363941823,-0.0175
34.77468439495032,-0.0025
34.77473239571833,-0.015
34.77478039648634,-0.015
34.77482839725435,-0.0075
34.774876398022364,0.0
34.774924398790375,-0.0075
34.77497239955839,-0.01
34.775020400326405,-0.0025
34.775068401094416,-0.0075
34.77511640186243,-0.01
34.77516440263044,-0.005
34.775212403398456,-0.0075
34.77526040416647,-0.01
34.77530840493448,-0.005
34.77535640570249,-0.005
34.7754044064705,-0.01
34.77545240723851,0.0
34.77550040800653,-0.015
34.77554840877454,-0.0025
34.77559640954255,0.0025
34.77564441031056,-0.0075
34.77569241107857,-0.0025
34.775740411846584,-0.005
34.7757884126146,-0.005
34.77583641338261,-0.0025
34.775884414150624,0.0
34.775932414918636,0.0025
34.77598041568665,-0.005
34.77602841645466,-0.0025
34.776076417222676,0.0
34.77612441799069,-0.005
34.7761724187587,-0.0075
34.77622041952671,0.0
34.77626842029472,0.0
34.77631642106274,0.0025
34.77636442183075,-0.005
34.77641242259876,0.0
34.77646042336677,-0.005
34.77650842413478,0.005
34.77655642490279,0.0025
34.77660442567081,0.005
34.77665242643882,0.005
34.77670042720683,0.005
34.776748427974844,0.005
34.776796428742855,0.01
34.77684442951087,0.0025
34.776892430278885,0.005
34.776940431046896,0.0075
34.77698843181491,0.012499999
34.77703643258292,0.012499999
34.77708443335093,0.005
34.77713243411895,0.0
34.77718043488696,0.01
34.77722843565497,0.01
34.77727643642298,0.0075
34.77732443719099,0.015
34.777372437959,0.012499999
34.77742043872702,0.0025
34.77746843949503,0.01
34.77751644026304,0.015
34.77756444103105,0.024999999
34.777612441799064,0.01
34.777660442567075,0.0075
34.777708443335094,0.0175
34.777756444103105,0.022499999
34.777804444871116,0.0275
34.77785244563913,0.0175
34.77790044640714,0.02
34.777948447175156,0.02
34.77799644794317,0.022499999
34.77804444871118,0.0275
34.77809244947919,0.02
34.7781404502472,0.015
34.77818845101521,0.01
34.77823645178323,0.024999999
34.77828445255124,0.0175
34.77833245331925,0.022499999
34.77838045408726,0.012499999
34.77842845485527,0.015
34.778476455623284,0.022499999
34.7785244563913,0.015
34.778572457159314,0.015
34.778620457927325,0.02
34.778668458695336,0.0175
34.77871645946335,0.0175
34.778764460231365,0.02
34.778812460999376,0.024999999
34.77886046176739,0.015
34.7789084625354,0.02
34.77895646330341,0.024999999
34.77900446407142,0.024999999
34.77905246483944,0.0275
34.77910046560745,0.015
34.77914846637546,0.015
34.77919646714347,0.0175
34.77924446791148,0.02
34.77929246867949,0.015
34.77934046944751,0.0075
34.77938847021552,0.024999999
34.77943647098353,0.0275
34.779484471751545,0.024999999
34.779532472519556,0.012499999
34.779580473287574,0.02
34.779628474055585,0.012499999
34.779676474823596,0.0075
34.77972447559161,0.0075
34.77977247635962,0.015
34.77982047712763,0.0175
34.77986847789565,0.015
34.77991647866366,0.012499999
34.77996447943167,0.02
34.78001248019968,0.024999999
34.78006048096769,0.0175
34.7801084817357,0.024999999
34.78015648250372,0.022499999
34.78020448327173,0.022499999
34.78025248403974,0.022499999
34.78030048480775,0.02
34.780348485575765,0.022499999
34.78039648634378,0.0325
34.780444487111794,0.03
34.780492487879805,0.022499999
34.780540488647816,0.024999999
34.78058848941583,0.03
34.78063649018384,0.024999999
34.780684490951856,0.0325
34.78073249171987,0.0325
34.78078049248788,0.03
34.78082849325589,0.035
34.7808764940239,0.03
34.78092449479191,0.03
34.78097249555993,0.035
34.78102049632794,0.04
34.78106849709595,0.03
34.78111649786396,0.0325
34.78116449863197,0.0325
34.78121249939999,0.04
34.781260500168,0.035
34.781308500936014,0.037499998
34.781356501704025,0.0425
34.781404502472036,0.03
34.78145250324005,0.0325
34.781500504008065,0.03
34.781548504776076,0.035
34.78159650554409,0.0325
34.7816445063121,0.0275
34.78169250708011,0.0325
34.78174050784812,0.0425
34.78178850861614,0.035
34.78183650938415,0.037499998
34.78188451015216,0.03
34.78193251092017,0.0275
34.78198051168818,0.037499998
34.7820285124562,0.0425
34.78207651322421,0.037499998
34.78212451399222,0.037499998
34.782172514760234,0.035
34.782220515528245,0.04
34.782268516296256,0.03
34.782316517064274,0.035
34.782364517832285,0.0475
34.782412518600296,0.037499998
34.78246051936831,0.035
34.78250852013632,0.035
34.78255652090433,0.0325
34.78260452167235,0.0275
34.78265252244036,0.0275
34.78270052320837,0.024999999
34.78274852397638,0.02
34.78279652474439,0.0325
34.78284452551241,0.0275
34.78289252628042,0.024999999
34.78294052704843,0.024999999
34.78298852781644,0.0175
34.783036528584454,0.01
34.783084529352465,0.01
34.78313253012048,0.015
34.783180530888494,0.005
34.783228531656505,0.0075
34.783276532424516,0.01
34.78332453319253,0.005
34.78337253396054,0.0075
34.783420534728556,-0.0025
34.78346853549657,0.0
34.78351653626458,0.0025
34.78356453703259,-0.0025
34.7836125378006,0.01
34.78366053856862,0.01
34.78370853933663,0.01
34.78375654010464,0.012499999
34.78380454087265,0.0075
34.78385254164066,0.005
34.783900542408674,0.01
34.78394854317669,0.0175
34.7839965439447,0.015
34.784044544712714,-0.0025
34.784092545480725,0.015
34.784140546248736,0.005
34.78418854701675,0.01
34.784236547784765,0.0075
34.784284548552776,0.0025
34.78433254932079,0.01
34.7843805500888,0.005
34.78442855085681,0.01
34.78447655162483,0.01
34.78452455239284,0.005
34.78457255316085,0.0075
34.78462055392886,0.01
34.78466855469687,0.005
34.78471655546488,0.012499999
34.7847645562329,0.005
34.78481255700091,0.01
34.78486055776892,0.01
34.784908558536934,0.01
34.784956559304945,0.02
34.785004560072956,0.005
34.785052560840974,0.0175
34.785100561608985,0.0175
34.785148562376996,0.012499999
34.78519656314501,0.01
34.78524456391302,0.015
34.785292564681036,0.0075
34.78534056544905,0.0175
34.78538856621706,0.012499999
34.78543656698507,0.015
34.78548456775308,0.022499999
34.78553256852109,0.01
34.78558056928911,0.005
34.78562857005712,0.037499998
34.78567657082513,0.0275
34.78572457159314,0.024999999
34.785772572361154,0.037499998
34.785820573129165,0.012499999
34.78586857389718,0.02
34.785916574665194,0.035
34.785964575433205,0.0325
34.786012576201216,0.035
34.78606057696923,0.03
34.786108577737245,0.03
34.786156578505256,0.035
34.78620457927327,0.03
34.78625258004128,0.0275
34.78630058080929,0.024999999
34.7863485815773,0.04
34.78639658234532,0.0325
34.78644458311333,0.035
34.78649258388134,0.04
34.78654058464935,0.0275
34.78658858541736,0.0325
34.786636586185374,0.03
34.78668458695339,0.0325
34.7867325877214,0.0425
34.786780588489414,0.035
34.786828589257425,0.044999998
34.786876590025436,0.044999998
34.78692459079345,0.044999998
34.786972591561465,0.0425
34.787020592329476,0.035
34.78706859309749,0.0425
34.7871165938655,0.04
34.78716459463351,0.0425
34.78721259540153,0.0425
34.78726059616954,0.0475
34.78730859693755,0.035
34.78735659770556,0.0325
34.78740459847357,0.04
34.78745259924158,0.037499998
34.7875006000096,0.037499998
34.78754860077761,0.04
34.78759660154562,0.0325
34.787644602313634,0.035
34.787692603081645,0.0275
34.787740603849656,0.0275
34.787788604617674,0.015
34.787836605385685,0.0175
34.787884606153696,0.015
34.78793260692171,0.0175
34.78798060768972,0.015
34.788028608457736,0.015
34.78807660922575,0.0075
34.78812460999376,0.0075
34.78817261076177,0.01
34.78822061152978,0.005
34.78826861229779,0.0025
34.78831661306581,0.005
34.78836461383382,0.0
34.78841261460183,-0.0025
34.78846061536984,-0.0025
34.788508616137854,0.0
34.788556616905865,-0.012499999
34.78860461767388,-0.0025
34.788652618441894,-0.0075
34.788700619209905,-0.0075
34.788748619977916,-0.005
34.78879662074593,-0.01
34.788844621513945,-0.015
34.788892622281956,-0.015
34.78894062304997,-0.015
34.78898862381798,-0.005
34.78903662458599,-0.012499999
34.789084625354,-0.012499999
34.78913262612202,-0.012499999
34.78918062689003,-0.01
34.78922862765804,-0.015
34.78927662842605,-0.02
34.78932462919406,-0.02
34.789372629962074,-0.012499999
34.78942063073009,-0.02
34.7894686314981,-0.012499999
34.789516632266114,-0.015
34.789564633034125,-0.024999999
34.789612633802136,-0.02
34.789660634570154,-0.0175
34.789708635338165,-0.012499999
34.789756636106176,-0.0175
34.78980463687419,-0.01
34.7898526376422,-0.012499999
34.78990063841021,-0.012499999
34.78994863917823,-0.015
34.78999663994624,-0.012499999
34.79004464071425,-0.02
34.79009264148226,-0.02
34.79014064225027,-0.012499999
34.79018864301828,-0.0175
34.7902366437863,-0.024999999
34.79028464455431,-0.022499999
34.79033264532232,-0.0175
34.790380646090334,-0.012499999
34.790428646858345,-0.024999999
34.79047664762636,-0.0175
34.790524648394374,-0.02
34.790572649162385,-0.0175
34.790620649930396,-0.0175
34.79066865069841,-0.012499999
34.79071665146642,-0.0175
34.79076465223444,-0.012499999
34.79081265300245,-0.022499999
34.79086065377046,-0.012499999
34.79090865453847,-0.015
34.79095665530648,-0.022499999
34.79100465607449,-0.02
34.79105265684251,-0.02
34.79110065761052,-0.012499999
34.79114865837853,-0.012499999
34.79119665914654,-0.012499999
34.791244659914554,-0.01
34.79129266068257,-0.02
34.79134066145058,-0.012499999
34.791388662218594,-0.0075
34.791436662986605,0.0025
34.791484663754616,0.0
34.79153266452263,-0.005
34.791580665290645,0.0025
34.79162866605866,-0.0075
34.79167666682667,-0.0075
34.79172466759468,0.005
34.79177266836269,-0.0075
34.7918206691307,-0.005
34.79186866989872,-0.01
34.79191667066673,-0.0025
34.79196467143474,-0.005
34.79201267220275,-0.0075
34.79206067297076,-0.005
34.79210867373878,-0.005
34.79215667450679,-0.0025
34.7922046752748,0.0
34.792252676042814,-0.0075
34.792300676810825,-0.0025
34.792348677578836,-0.005
34.792396678346854,0.0
34.792444679114865,0.0
34.792492679882876,-0.005
34.79254068065089,0.0025
34.7925886814189,0.0
34.79263668218691,-0.0075
34.79268468295493,-0.005
34.79273268372294,-0.0025
34.79278068449095,0.0
34.79282868525896,-0.0025
34.79287668602697,-0.0025
34.79292468679499,0.0
34.792972687563,0.01
34.79302068833101,0.0025
34.79306868909902,-0.0025
34.793116689867034,0.005
34.793164690635045,0.005
34.79321269140306,0.01
34.793260692171074,-0.0025
34.793308692939085,0.0
34.793356693707096,-0.0025
34.79340469447511,0.0025
34.79345269524312,0.0
34.79350069601114,0.01
34.79354869677915,-0.0025
34.79359669754716,0.0
34.79364469831517,0.005
34.79369269908318,0.0075
34.7937406998512,-0.005
34.79378870061921,0.0025
34.79383670138722,-0.0025
34.79388470215523,0.0025
34.79393270292324,0.0
34.793980703691254,0.005
34.79402870445927,0.0025
34.79407670522728,0.005
34.794124705995294,0.0075
34.794172706763305,0.01
34.794220707531316,0.01
34.79426870829933,0.0075
34.794316709067346,0.0175
34.79436470983536,0.012499999
34.79441271060337,0.022499999
34.79446071137138,0.01
34.79450871213939,0.02
34.79455671290741,0.022499999
34.79460471367542,0.0075
34.79465271444343,0.015
34.79470071521144,0.015
34.79474871597945,0.0175
34.79479671674746,0.015
34.79484471751548,0.012499999
34.79489271828349,0.0175
34.7949407190515,0.0175
34.794988719819514,0.022499999
34.795036720587525,0.02
34.795084721355536,0.015
34.795132722123554,0.01
34.795180722891565,0.0075
34.79522872365958,0.01
34.79527672442759,0.0
34.7953247251956,0.012499999
34.79537272596362,0.005
34.79542072673163,0.0025
34.79546872749964,0.0
34.79551672826765,0.0025
34.79556472903566,0.0
34.79561272980367,-0.0025
34.79566073057169,0.0
34.7957087313397,-0.0025
34.79575673210771,0.0
34.79580473287572,-0.0025
34.795852733643734,-0.012499999
34.795900734411745,-0.005
34.79594873517976,-0.01
34.795996735947774,-0.012499999
34.796044736715785,-0.0075
34.7960927374838,0.0
34.79614073825181,0.0
34.796188739019826,-0.005
34.79623673978784,-0.0025
34.79628474055585,-0.005
34.79633274132386,0.0025
34.79638074209187,0.0
34.79642874285988,-0.01
34.7964767436279,-0.005
34.79652474439591,-0.005
34.79657274516392,-0.0025
34.79662074593193,-0.0075
34.79666874669994,-0.005
