Time (s),Data
269.9645274324389,0.049999997
269.9645754332069,0.049999997
269.9646234339749,0.06
269.9646714347429,0.049999997
269.964719435511,0.06
269.964767436279,0.049999997
269.964815437047,0.049999997
269.964863437815,0.065
269.964911438583,0.06
269.964959439351,0.04
269.96500744011905,0.065
269.96505544088706,0.065
269.96510344165506,0.044999998
269.96515144242306,0.049999997
269.96519944319107,0.055
269.9652474439591,0.06
269.9652954447271,0.055
269.96534344549514,0.049999997
269.96539144626314,0.06
269.96543944703114,0.07
269.96548744779915,0.06
269.96553544856715,0.049999997
269.96558344933516,0.049999997
269.96563145010316,0.049999997
269.9656794508712,0.065
269.9657274516392,0.055
269.96577545240723,0.049999997
269.96582345317523,0.055
269.96587145394324,0.055
269.96591945471124,0.065
269.96596745547924,0.044999998
269.9660154562473,0.044999998
269.9660634570153,0.055
269.9661114577833,0.065
269.9661594585513,0.049999997
269.9662074593193,0.055
269.9662554600873,0.055
269.96630346085533,0.06
269.9663514616234,0.044999998
269.9663994623914,0.049999997
269.9664474631594,0.049999997
269.9664954639274,0.06
269.9665434646954,0.049999997
269.9665914654634,0.055
269.96663946623147,0.049999997
269.9666874669995,0.06
269.9667354677675,0.06
269.9667834685355,0.055
269.9668314693035,0.044999998
269.9668794700715,0.049999997
269.9669274708395,0.04
269.96697547160755,0.06
269.96702347237556,0.055
269.96707147314356,0.04
269.96711947391157,0.055
269.96716747467957,0.06
269.9672154754476,0.065
269.9672634762156,0.049999997
269.96731147698364,0.044999998
269.96735947775164,0.06
269.96740747851965,0.06
269.96745547928765,0.06
269.96750348005565,0.07
269.96755148082366,0.065
269.96759948159166,0.049999997
269.9676474823597,0.055
269.9676954831277,0.055
269.96774348389573,0.06
269.96779148466373,0.06
269.96783948543174,0.06
269.96788748619974,0.06
269.96793548696775,0.065
269.9679834877358,0.065
269.9680314885038,0.055
269.9680794892718,0.044999998
269.9681274900398,0.06
269.9681754908078,0.044999998
269.9682234915758,0.06
269.9682714923439,0.06
269.9683194931119,0.049999997
269.9683674938799,0.049999997
269.9684154946479,0.07
269.9684634954159,0.049999997
269.9685114961839,0.049999997
269.9685594969519,0.049999997
269.96860749772,0.06
269.968655498488,0.055
269.968703499256,0.065
269.968751500024,0.065
269.968799500792,0.049999997
269.96884750156,0.04
269.968895502328,0.06
269.96894350309606,0.055
269.96899150386406,0.055
269.96903950463206,0.049999997
269.96908750540007,0.06
269.9691355061681,0.055
269.9691835069361,0.044999998
269.9692315077041,0.049999997
269.96927950847214,0.06
269.96932750924014,0.044999998
269.96937551000815,0.055
269.96942351077615,0.049999997
269.96947151154416,0.06
269.96951951231216,0.055
269.96956751308016,0.055
269.9696155138482,0.06
269.96966351461623,0.049999997
269.96971151538423,0.06
269.96975951615224,0.044999998
269.96980751692024,0.06
269.96985551768825,0.055
269.9699035184563,0.04
269.9699515192243,0.04
269.9699995199923,0.06
269.9700475207603,0.06
269.9700955215283,0.049999997
269.9701435222963,0.049999997
269.97019152306433,0.049999997
269.9702395238324,0.049999997
269.9702875246004,0.065
269.9703355253684,0.055
269.9703835261364,0.049999997
269.9704315269044,0.055
269.9704795276724,0.049999997
269.9705275284404,0.049999997
269.9705755292085,0.044999998
269.9706235299765,0.044999998
269.9706715307445,0.06
269.9707195315125,0.06
269.9707675322805,0.04
269.9708155330485,0.065
269.9708635338165,0.055
269.97091153458456,0.04
269.97095953535256,0.049999997
269.97100753612057,0.049999997
269.97105553688857,0.055
269.9711035376566,0.06
269.9711515384246,0.06
269.9711995391926,0.06
269.97124753996064,0.044999998
269.97129554072865,0.044999998
269.97134354149665,0.065
269.97139154226466,0.044999998
269.97143954303266,0.044999998
269.97148754380066,0.049999997
269.9715355445687,0.049999997
269.9715835453367,0.06
269.97163154610473,0.06
269.97167954687274,0.049999997
269.97172754764074,0.049999997
269.97177554840874,0.049999997
269.97182354917675,0.049999997
269.9718715499448,0.055
269.9719195507128,0.06
269.9719675514808,0.044999998
269.9720155522488,0.044999998
269.9720635530168,0.06
269.9721115537848,0.06
269.97215955455283,0.049999997
269.9722075553209,0.049999997
269.9722555560889,0.06
269.9723035568569,0.055
269.9723515576249,0.049999997
269.9723995583929,0.055
269.9724475591609,0.055
269.9724955599289,0.049999997
269.972543560697,0.065
269.972591561465,0.049999997
269.972639562233,0.035
269.972687563001,0.049999997
269.972735563769,0.049999997
269.972783564537,0.049999997
269.972831565305,0.06
269.97287956607306,0.049999997
269.97292756684107,0.044999998
269.97297556760907,0.06
269.9730235683771,0.06
269.9730715691451,0.049999997
269.9731195699131,0.049999997
269.97316757068114,0.06
269.97321557144915,0.06
269.97326357221715,0.07
269.97331157298515,0.049999997
269.97335957375316,0.055
269.97340757452116,0.049999997
269.97345557528917,0.044999998
269.9735035760572,0.06
269.97355157682523,0.06
269.97359957759323,0.055
269.97364757836124,0.055
269.97369557912924,0.044999998
269.97374357989725,0.049999997
269.97379158066525,0.06
269.9738395814333,0.06
269.9738875822013,0.06
269.9739355829693,0.04
269.9739835837373,0.049999997
269.9740315845053,0.06
269.97407958527333,0.06
269.97412758604133,0.049999997
269.9741755868094,0.06
269.9742235875774,0.065
269.9742715883454,0.055
269.9743195891134,0.055
269.9743675898814,0.06
269.9744155906494,0.06
269.9744635914174,0.065
269.9745115921855,0.044999998
269.9745595929535,0.055
269.9746075937215,0.044999998
269.9746555944895,0.055
269.9747035952575,0.055
269.9747515960255,0.049999997
269.97479959679356,0.049999997
269.97484759756156,0.055
269.97489559832957,0.06
269.97494359909757,0.06
269.9749915998656,0.055
269.9750396006336,0.035
269.9750876014016,0.04
269.97513560216964,0.06
269.97518360293765,0.065
269.97523160370565,0.065
269.97527960447366,0.055
269.97532760524166,0.049999997
269.97537560600966,0.049999997
269.97542360677767,0.055
269.9754716075457,0.049999997
269.97551960831373,0.06
269.97556760908174,0.06
269.97561560984974,0.055
269.97566361061774,0.06
269.97571161138575,0.06
269.97575961215375,0.049999997
269.9758076129218,0.049999997
269.9758556136898,0.049999997
269.9759036144578,0.07
269.9759516152258,0.049999997
269.9759996159938,0.055
269.97604761676183,0.044999998
269.97609561752984,0.055
269.9761436182979,0.049999997
269.9761916190659,0.055
269.9762396198339,0.055
269.9762876206019,0.044999998
269.9763356213699,0.04
269.9763836221379,0.065
269.976431622906,0.065
269.976479623674,0.065
269.976527624442,0.06
269.97657562521,0.044999998
269.976623625978,0.055
269.976671626746,0.044999998
269.976719627514,0.055
269.97676762828206,0.06
269.97681562905007,0.049999997
269.97686362981807,0.044999998
269.9769116305861,0.07
269.9769596313541,0.049999997
269.9770076321221,0.06
269.9770556328901,0.055
269.97710363365815,0.065
269.97715163442615,0.049999997
269.97719963519415,0.06
269.97724763596216,0.06
269.97729563673016,0.06
269.97734363749817,0.049999997
269.97739163826617,0.055
269.97743963903423,0.04
269.97748763980223,0.044999998
269.97753564057024,0.055
269.97758364133824,0.06
269.97763164210625,0.055
269.97767964287425,0.049999997
269.97772764364225,0.044999998
269.9777756444103,0.044999998
269.9778236451783,0.044999998
269.9778716459463,0.055
269.9779196467143,0.049999997
269.97796764748233,0.06
269.97801564825033,0.044999998
269.9780636490184,0.049999997
269.9781116497864,0.055
269.9781596505544,0.049999997
269.9782076513224,0.06
269.9782556520904,0.065
269.9783036528584,0.06
269.9783516536264,0.049999997
269.9783996543945,0.065
269.9784476551625,0.06
269.9784956559305,0.049999997
269.9785436566985,0.044999998
269.9785916574665,0.06
269.9786396582345,0.06
269.9786876590025,0.065
269.97873565977056,0.055
269.97878366053857,0.055
269.9788316613066,0.055
269.9788796620746,0.06
269.9789276628426,0.06
269.9789756636106,0.049999997
269.9790236643786,0.049999997
269.97907166514665,0.049999997
269.97911966591465,0.049999997
269.97916766668266,0.074999996
269.97921566745066,0.049999997
269.97926366821866,0.049999997
269.97931166898667,0.055
269.9793596697547,0.055
269.97940767052273,0.049999997
269.97945567129074,0.06
269.97950367205874,0.049999997
269.97955167282674,0.049999997
269.97959967359475,0.055
269.97964767436275,0.065
269.9796956751308,0.055
269.9797436758988,0.035
269.9797916766668,0.06
269.9798396774348,0.065
269.97988767820283,0.06
269.97993567897083,0.055
269.97998367973884,0.055
269.9800316805069,0.049999997
269.9800796812749,0.049999997
269.9801276820429,0.055
269.9801756828109,0.06
269.9802236835789,0.055
269.9802716843469,0.055
269.9803196851149,0.044999998
269.980367685883,0.06
269.980415686651,0.06
269.980463687419,0.07
269.980511688187,0.049999997
269.980559688955,0.049999997
269.980607689723,0.049999997
269.980655690491,0.049999997
269.98070369125907,0.049999997
269.98075169202707,0.049999997
269.9807996927951,0.049999997
269.9808476935631,0.055
269.9808956943311,0.049999997
269.9809436950991,0.055
269.9809916958671,0.04
269.98103969663515,0.04
269.98108769740315,0.044999998
269.98113569817116,0.055
269.98118369893916,0.06
269.98123169970717,0.055
269.98127970047517,0.049999997
269.98132770124323,0.055
269.98137570201123,0.065
269.98142370277924,0.055
269.98147170354724,0.055
269.98151970431525,0.055
269.98156770508325,0.055
269.98161570585125,0.055
269.9816637066193,0.049999997
269.9817117073873,0.055
269.9817597081553,0.049999997
269.9818077089233,0.055
269.98185570969133,0.055
269.98190371045933,0.055
269.98195171122734,0.049999997
269.9819997119954,0.055
269.9820477127634,0.055
269.9820957135314,0.055
269.9821437142994,0.055
269.9821917150674,0.055
269.9822397158354,0.055
269.9822877166034,0.049999997
269.9823357173715,0.055
269.9823837181395,0.049999997
269.9824317189075,0.055
269.9824797196755,0.049999997
269.9825277204435,0.055
269.9825757212115,0.049999997
269.9826237219795,0.055
269.98267172274757,0.055
269.9827197235156,0.055
269.9827677242836,0.055
269.9828157250516,0.055
269.9828637258196,0.049999997
269.9829117265876,0.055
269.98295972735565,0.055
269.98300772812365,0.055
269.98305572889166,0.049999997
269.98310372965966,0.055
269.98315173042766,0.055
269.98319973119567,0.055
269.9832477319637,0.055
269.98329573273173,0.055
269.98334373349974,0.049999997
269.98339173426774,0.049999997
269.98343973503574,0.055
269.98348773580375,0.049999997
269.98353573657175,0.055
269.98358373733976,0.055
269.9836317381078,0.055
269.9836797388758,0.055
269.9837277396438,0.055
269.98377574041183,0.055
269.98382374117983,0.055
269.98387174194784,0.055
269.98391974271584,0.055
269.9839677434839,0.055
269.9840157442519,0.06
269.9840637450199,0.055
269.9841117457879,0.055
269.9841597465559,0.055
269.9842077473239,0.055
269.9842557480919,0.055
269.98430374886,0.055
269.984351749628,0.055
269.984399750396,0.055
269.984447751164,0.055
269.984495751932,0.055
269.9845437527,0.055
269.98459175346807,0.055
269.98463975423607,0.049999997
269.9846877550041,0.049999997
269.9847357557721,0.055
269.9847837565401,0.055
269.9848317573081,0.049999997
269.9848797580761,0.055
269.98492775884415,0.055
269.98497575961215,0.055
269.98502376038016,0.049999997
269.98507176114816,0.055
269.98511976191617,0.049999997
269.98516776268417,0.049999997
269.9852157634522,0.055
269.98526376422024,0.049999997
269.98531176498824,0.055
269.98535976575624,0.049999997
269.98540776652425,0.055
269.98545576729225,0.044999998
269.98550376806025,0.055
269.98555176882826,0.049999997
269.9855997695963,0.055
269.9856477703643,0.049999997
269.9856957711323,0.049999997
269.98574377190033,0.049999997
269.98579177266834,0.055
269.98583977343634,0.055
269.98588777420434,0.055
269.9859357749724,0.055
269.9859837757404,0.055
269.9860317765084,0.055
269.9860797772764,0.055
269.9861277780444,0.049999997
269.9861757788124,0.049999997
269.9862237795805,0.055
269.9862717803485,0.049999997
269.9863197811165,0.049999997
269.9863677818845,0.055
269.9864157826525,0.049999997
269.9864637834205,0.055
269.9865117841885,0.055
269.98655978495657,0.055
269.9866077857246,0.055
269.9866557864926,0.06
269.9867037872606,0.055
269.9867517880286,0.049999997
269.9867997887966,0.055
269.9868477895646,0.055
269.98689579033265,0.055
269.98694379110066,0.055
269.98699179186866,0.055
269.98703979263666,0.055
269.98708779340467,0.055
269.9871357941727,0.049999997
269.9871837949407,0.06
269.98723179570874,0.055
269.98727979647674,0.06
269.98732779724475,0.055
269.98737579801275,0.06
269.98742379878075,0.06
269.98747179954876,0.055
269.98751980031676,0.049999997
269.9875678010848,0.055
269.9876158018528,0.055
269.98766380262083,0.055
269.98771180338883,0.055
269.98775980415684,0.049999997
269.98780780492484,0.055
269.9878558056929,0.049999997
269.9879038064609,0.055
269.9879518072289,0.049999997
269.9879998079969,0.055
269.9880478087649,0.055
269.9880958095329,0.055
269.9881438103009,0.06
269.988191811069,0.055
269.988239811837,0.055
269.988287812605,0.055
269.988335813373,0.055
269.988383814141,0.055
269.988431814909,0.055
269.988479815677,0.049999997
269.98852781644507,0.049999997
269.9885758172131,0.049999997
269.9886238179811,0.049999997
269.9886718187491,0.055
269.9887198195171,0.049999997
269.9887678202851,0.055
269.9888158210531,0.055
269.98886382182116,0.06
269.98891182258916,0.055
269.98895982335716,0.055
269.98900782412517,0.049999997
269.98905582489317,0.055
269.9891038256612,0.055
269.9891518264292,0.06
269.98919982719724,0.055
269.98924782796524,0.06
269.98929582873325,0.055
269.98934382950125,0.055
269.98939183026926,0.055
269.98943983103726,0.055
269.9894878318053,0.055
269.9895358325733,0.049999997
269.9895838333413,0.055
269.98963183410933,0.055
269.98967983487734,0.055
269.98972783564534,0.055
269.98977583641334,0.055
269.9898238371814,0.055
269.9898718379494,0.055
269.9899198387174,0.049999997
269.9899678394854,0.055
269.9900158402534,0.055
269.9900638410214,0.055
269.9901118417894,0.055
269.9901598425575,0.055
269.9902078433255,0.055
269.9902558440935,0.055
269.9903038448615,0.055
269.9903518456295,0.055
269.9903998463975,0.049999997
269.9904478471655,0.055
269.9904958479336,0.055
269.9905438487016,0.049999997
269.9905918494696,0.055
269.9906398502376,0.055
269.9906878510056,0.055
269.9907358517736,0.055
269.9907838525416,0.055
269.99083185330966,0.06
269.99087985407766,0.055
269.99092785484567,0.055
269.99097585561367,0.055
269.9910238563817,0.055
269.9910718571497,0.055
269.99111985791774,0.055
269.99116785868574,0.055
269.99121585945375,0.049999997
269.99126386022175,0.055
269.99131186098975,0.055
269.99135986175776,0.049999997
269.99140786252576,0.055
269.9914558632938,0.055
269.9915038640618,0.055
269.99155186482983,0.055
269.99159986559783,0.055
269.99164786636584,0.055
269.99169586713384,0.055
269.99174386790185,0.055
269.9917918686699,0.049999997
269.9918398694379,0.049999997
269.9918878702059,0.055
269.9919358709739,0.049999997
269.9919838717419,0.049999997
269.9920318725099,0.055
269.99207987327793,0.055
269.992127874046,0.065
269.992175874814,0.049999997
269.992223875582,0.055
269.99227187635,0.055
269.992319877118,0.049999997
269.992367877886,0.055
269.992415878654,0.055
269.9924638794221,0.06
269.9925118801901,0.055
269.9925598809581,0.055
269.9926078817261,0.055
269.9926558824941,0.055
269.9927038832621,0.055
269.99275188403016,0.055
269.99279988479816,0.055
269.99284788556616,0.055
269.99289588633417,0.055
269.9929438871022,0.049999997
269.9929918878702,0.06
269.9930398886382,0.049999997
269.99308788940624,0.055
269.99313589017424,0.055
269.99318389094225,0.055
269.99323189171025,0.055
269.99327989247826,0.055
269.99332789324626,0.055
269.99337589401426,0.049999997
269.9934238947823,0.049999997
269.99347189555033,0.06
269.99351989631833,0.049999997
269.99356789708634,0.049999997
269.99361589785434,0.055
269.99366389862234,0.055
269.99371189939035,0.049999997
269.9937599001584,0.055
269.9938079009264,0.055
269.9938559016944,0.055
269.9939039024624,0.06
269.9939519032304,0.055
269.99399990399843,0.055
269.99404790476643,0.055
269.9940959055345,0.055
269.9941439063025,0.055
269.9941919070705,0.055
269.9942399078385,0.055
269.9942879086065,0.049999997
269.9943359093745,0.049999997
269.9943839101426,0.055
269.9944319109106,0.049999997
269.9944799116786,0.055
269.9945279124466,0.049999997
269.9945759132146,0.055
269.9946239139826,0.049999997
269.9946719147506,0.049999997
269.99471991551866,0.055
269.99476791628666,0.055
269.99481591705467,0.049999997
269.99486391782267,0.049999997
269.9949119185907,0.06
269.9949599193587,0.055
269.9950079201267,0.055
269.99505592089474,0.055
269.99510392166275,0.06
269.99515192243075,0.055
269.99519992319875,0.06
269.99524792396676,0.055
269.99529592473476,0.049999997
269.99534392550277,0.049999997
269.9953919262708,0.049999997
269.99543992703883,0.055
269.99548792780683,0.055
269.99553592857484,0.055
269.99558392934284,0.055
269.99563193011085,0.055
269.99567993087885,0.06
269.9957279316469,0.055
269.9957759324149,0.055
269.9958239331829,0.049999997
269.9958719339509,0.06
269.9959199347189,0.055
269.99596793548693,0.06
269.996015936255,0.049999997
269.996063937023,0.055
269.996111937791,0.055
269.996159938559,0.049999997
269.996207939327,0.055
269.996255940095,0.06
269.996303940863,0.055
269.9963519416311,0.055
269.9963999423991,0.049999997
269.9964479431671,0.044999998
269.9964959439351,0.049999997
269.9965439447031,0.055
269.9965919454711,0.049999997
269.9966399462391,0.04
269.99668794700716,0.049999997
269.99673594777516,0.055
269.99678394854317,0.055
269.9968319493112,0.055
269.9968799500792,0.055
269.9969279508472,0.055
269.9969759516152,0.049999997
269.99702395238324,0.055
269.99707195315125,0.055
269.99711995391925,0.055
269.99716795468726,0.049999997
269.99721595545526,0.049999997
269.99726395622326,0.049999997
269.99731195699127,0.055
269.99735995775933,0.055
269.99740795852733,0.055
269.99745595929534,0.049999997
269.99750396006334,0.049999997
269.99755196083134,0.055
269.99759996159935,0.049999997
269.9976479623674,0.055
269.9976959631354,0.049999997
269.9977439639034,0.055
269.9977919646714,0.055
269.9978399654394,0.049999997
269.99788796620743,0.055
269.99793596697543,0.049999997
269.9979839677435,0.06
269.9980319685115,0.049999997
269.9980799692795,0.055
269.9981279700475,0.049999997
269.9981759708155,0.06
269.9982239715835,0.055
269.9982719723515,0.06
269.9983199731196,0.055
269.9983679738876,0.065
269.9984159746556,0.055
269.9984639754236,0.049999997
269.9985119761916,0.06
269.9985599769596,0.055
269.9986079777276,0.055
269.99865597849566,0.055
269.99870397926367,0.06
269.99875198003167,0.055
269.9987999807997,0.055
269.9988479815677,0.055
269.9988959823357,0.055
269.9989439831037,0.055
269.99899198387175,0.055
269.99903998463975,0.055
269.99908798540775,0.055
269.99913598617576,0.055
269.99918398694376,0.055
269.99923198771177,0.049999997
269.9992799884798,0.049999997
269.99932798924783,0.049999997
269.99937599001584,0.055
269.99942399078384,0.049999997
269.99947199155184,0.055
269.99951999231985,0.055
269.99956799308785,0.049999997
269.9996159938559,0.049999997
269.9996639946239,0.055
269.9997119953919,0.06
269.9997599961599,0.055
269.9998079969279,0.055
269.99985599769593,0.055
269.99990399846394,0.055
269.999951999232,0.055
270.0,0.055
270.000048000768,0.049999997
270.000096001536,0.055
270.000144002304,0.055
270.000192003072,0.055
270.00024000384,0.055
270.0002880046081,0.055
270.0003360053761,0.055
270.0003840061441,0.049999997
270.0004320069121,0.06
270.0004800076801,0.049999997
270.0005280084481,0.055
270.0005760092161,0.055
270.00062400998416,0.06
270.00067201075217,0.049999997
270.0007200115202,0.065
270.0007680122882,0.055
270.0008160130562,0.06
270.0008640138242,0.049999997
270.00091201459225,0.055
270.00096001536025,0.055
270.00100801612825,0.055
270.00105601689626,0.055
270.00110401766426,0.06
270.00115201843226,0.055
270.00120001920027,0.055
270.00124801996833,0.055
270.00129602073633,0.06
270.00134402150434,0.055
270.00139202227234,0.055
270.00144002304035,0.055
270.00148802380835,0.055
270.00153602457635,0.055
270.0015840253444,0.06
270.0016320261124,0.055
270.0016800268804,0.055
270.0017280276484,0.055
270.00177602841643,0.055
270.00182402918443,0.055
270.00187202995244,0.055
270.0019200307205,0.055
270.0019680314885,0.055
270.0020160322565,0.055
270.0020640330245,0.049999997
270.0021120337925,0.055
270.0021600345605,0.049999997
270.0022080353285,0.055
270.0022560360966,0.049999997
270.0023040368646,0.055
270.0023520376326,0.065
270.0024000384006,0.055
270.0024480391686,0.049999997
270.0024960399366,0.055
270.0025440407046,0.055
270.00259204147267,0.055
270.00264004224067,0.055
270.0026880430087,0.049999997
270.0027360437767,0.06
270.0027840445447,0.055
270.0028320453127,0.049999997
270.00288004608075,0.055
270.00292804684875,0.055
270.00297604761676,0.055
270.00302404838476,0.049999997
270.00307204915276,0.055
270.00312004992077,0.055
270.00316805068877,0.055
270.00321605145683,0.055
270.00326405222484,0.055
270.00331205299284,0.055
270.00336005376084,0.06
270.00340805452885,0.049999997
270.00345605529685,0.055
270.00350405606486,0.055
270.0035520568329,0.055
270.0036000576009,0.055
270.0036480583689,0.055
270.0036960591369,0.049999997
270.00374405990493,0.055
270.00379206067294,0.055
270.00384006144094,0.049999997
270.003888062209,0.055
270.003936062977,0.055
270.003984063745,0.055
270.004032064513,0.055
270.004080065281,0.055
270.004128066049,0.055
270.004176066817,0.055
270.0042240675851,0.055
270.0042720683531,0.049999997
270.0043200691211,0.055
270.0043680698891,0.055
270.0044160706571,0.055
270.0044640714251,0.055
270.00451207219317,0.055
270.00456007296117,0.049999997
270.0046080737292,0.055
270.0046560744972,0.055
270.0047040752652,0.049999997
270.0047520760332,0.055
270.0048000768012,0.049999997
270.00484807756925,0.049999997
270.00489607833725,0.055
270.00494407910526,0.055
270.00499207987326,0.049999997
270.00504008064127,0.055
270.00508808140927,0.055
270.0051360821773,0.055
270.00518408294533,0.055
270.00523208371334,0.055
270.00528008448134,0.049999997
270.00532808524935,0.049999997
270.00537608601735,0.06
270.00542408678535,0.049999997
270.00547208755336,0.055
270.0055200883214,0.049999997
270.0055680890894,0.055
270.0056160898574,0.049999997
270.00566409062543,0.055
270.00571209139343,0.049999997
270.00576009216144,0.06
270.00580809292944,0.06
270.0058560936975,0.049999997
270.0059040944655,0.055
270.0059520952335,0.049999997
270.0060000960015,0.055
270.0060480967695,0.049999997
270.0060960975375,0.049999997
270.0061440983056,0.055
270.0061920990736,0.049999997
270.0062400998416,0.055
270.0062881006096,0.055
270.0063361013776,0.055
270.0063841021456,0.049999997
270.0064321029136,0.049999997
270.00648010368167,0.049999997
270.00652810444967,0.055
270.0065761052177,0.055
270.0066241059857,0.049999997
270.0066721067537,0.055
270.0067201075217,0.055
270.0067681082897,0.055
270.00681610905775,0.049999997
270.00686410982576,0.055
270.00691211059376,0.055
270.00696011136176,0.055
270.00700811212977,0.055
270.00705611289777,0.055
270.0071041136658,0.06
270.00715211443384,0.055
270.00720011520184,0.055
270.00724811596984,0.049999997
270.00729611673785,0.055
270.00734411750585,0.055
270.00739211827386,0.055
270.00744011904186,0.049999997
270.0074881198099,0.049999997
270.0075361205779,0.049999997
270.00758412134593,0.049999997
270.00763212211393,0.055
270.00768012288194,0.06
270.00772812364994,0.06
270.007776124418,0.055
270.007824125186,0.065
270.007872125954,0.055
270.007920126722,0.049999997
270.00796812749,0.055
270.008016128258,0.049999997
270.008064129026,0.055
270.0081121297941,0.049999997
270.0081601305621,0.055
270.0082081313301,0.049999997
270.0082561320981,0.055
270.0083041328661,0.055
270.0083521336341,0.055
270.0084001344021,0.055
270.00844813517017,0.055
270.0084961359382,0.055
270.0085441367062,0.055
270.0085921374742,0.055
270.0086401382422,0.049999997
270.0086881390102,0.06
270.0087361397782,0.055
270.00878414054625,0.055
270.00883214131426,0.055
270.00888014208226,0.055
270.00892814285027,0.049999997
270.00897614361827,0.055
270.0090241443863,0.055
270.0090721451543,0.055
270.00912014592234,0.055
270.00916814669034,0.06
270.00921614745835,0.055
270.00926414822635,0.055
270.00931214899435,0.055
270.00936014976236,0.049999997
270.0094081505304,0.055
270.0094561512984,0.049999997
270.0095041520664,0.055
270.00955215283443,0.055
270.00960015360243,0.055
270.00964815437044,0.049999997
270.00969615513844,0.055
270.0097441559065,0.055
270.0097921566745,0.055
270.0098401574425,0.055
270.0098881582105,0.049999997
270.0099361589785,0.055
270.0099841597465,0.055
270.0100321605145,0.049999997
270.0100801612826,0.055
270.0101281620506,0.055
270.0101761628186,0.055
270.0102241635866,0.055
270.0102721643546,0.06
270.0103201651226,0.049999997
270.0103681658906,0.055
270.0104161666587,0.049999997
270.0104641674267,0.055
270.0105121681947,0.049999997
270.0105601689627,0.055
270.0106081697307,0.049999997
270.0106561704987,0.055
270.0107041712667,0.049999997
270.01075217203476,0.055
270.01080017280276,0.049999997
270.01084817357076,0.055
270.01089617433877,0.055
270.0109441751068,0.055
270.0109921758748,0.055
270.01104017664284,0.055
270.01108817741084,0.055
270.01113617817884,0.06
270.01118417894685,0.06
270.01123217971485,0.049999997
270.01128018048286,0.06
270.01132818125086,0.049999997
270.0113761820189,0.049999997
270.0114241827869,0.055
270.01147218355493,0.06
270.01152018432293,0.049999997
270.01156818509094,0.06
270.01161618585894,0.06
270.01166418662694,0.055
270.011712187395,0.055
270.011760188163,0.055
270.011808188931,0.06
270.011856189699,0.049999997
270.011904190467,0.055
270.011952191235,0.055
270.01200019200303,0.055
270.0120481927711,0.055
270.0120961935391,0.055
270.0121441943071,0.055
270.0121921950751,0.049999997
270.0122401958431,0.055
270.0122881966111,0.055
270.0123361973791,0.049999997
270.0123841981472,0.055
270.0124321989152,0.049999997
270.0124801996832,0.055
270.0125282004512,0.055
270.0125762012192,0.049999997
270.0126242019872,0.055
270.01267220275525,0.055
270.01272020352326,0.055
270.01276820429126,0.055
270.01281620505927,0.049999997
270.01286420582727,0.049999997
270.0129122065953,0.055
270.0129602073633,0.049999997
270.01300820813134,0.055
270.01305620889934,0.055
270.01310420966735,0.055
270.01315221043535,0.049999997
270.01320021120335,0.06
270.01324821197136,0.055
270.01329621273936,0.055
270.0133442135074,0.055
270.0133922142754,0.06
270.01344021504343,0.055
270.01348821581144,0.06
270.01353621657944,0.055
270.01358421734744,0.055
270.01363221811545,0.055
270.0136802188835,0.049999997
270.0137282196515,0.055
270.0137762204195,0.049999997
270.0138242211875,0.055
270.0138722219555,0.055
270.0139202227235,0.055
270.01396822349153,0.055
270.0140162242596,0.049999997
270.0140642250276,0.055
270.0141122257956,0.055
270.0141602265636,0.055
270.0142082273316,0.049999997
270.0142562280996,0.049999997
270.0143042288677,0.055
270.0143522296357,0.049999997
270.0144002304037,0.06
270.0144482311717,0.055
270.0144962319397,0.049999997
270.0145442327077,0.049999997
270.0145922334757,0.049999997
270.01464023424376,0.049999997
270.01468823501176,0.055
270.01473623577976,0.049999997
270.01478423654777,0.055
270.0148322373158,0.055
270.0148802380838,0.06
270.0149282388518,0.055
270.01497623961984,0.06
270.01502424038785,0.055
270.01507224115585,0.055
270.01512024192385,0.055
270.01516824269186,0.055
270.01521624345986,0.06
270.01526424422786,0.049999997
270.0153122449959,0.055
270.01536024576393,0.049999997
270.01540824653193,0.055
270.01545624729994,0.049999997
270.01550424806794,0.055
270.01555224883595,0.055
270.01560024960395,0.055
270.015648250372,0.055
270.01569625114,0.055
270.015744251908,0.055
270.015792252676,0.055
270.015840253444,0.055
270.01588825421203,0.049999997
270.0159362549801,0.055
270.0159842557481,0.055
270.0160322565161,0.055
270.0160802572841,0.055
270.0161282580521,0.055
270.0161762588201,0.055
270.0162242595881,0.049999997
270.0162722603562,0.055
270.0163202611242,0.049999997
270.0163682618922,0.055
270.0164162626602,0.049999997
270.0164642634282,0.055
270.0165122641962,0.049999997
270.0165602649642,0.06
270.01660826573226,0.055
270.01665626650026,0.055
270.01670426726827,0.06
270.01675226803627,0.049999997
270.0168002688043,0.06
270.0168482695723,0.049999997
270.0168962703403,0.055
270.01694427110834,0.049999997
270.01699227187635,0.055
270.01704027264435,0.055
270.01708827341236,0.055
270.01713627418036,0.055
270.01718427494836,0.055
270.01723227571637,0.055
270.0172802764844,0.049999997
270.01732827725243,0.055
270.01737627802044,0.049999997
270.01742427878844,0.055
270.01747227955644,0.055
270.01752028032445,0.055
270.0175682810925,0.055
270.0176162818605,0.055
270.0176642826285,0.055
270.0177122833965,0.055
270.0177602841645,0.049999997
270.0178082849325,0.055
270.01785628570053,0.055
270.0179042864686,0.055
270.0179522872366,0.055
270.0180002880046,0.055
270.0180482887726,0.055
270.0180962895406,0.049999997
270.0181442903086,0.055
270.0181922910766,0.06
270.0182402918447,0.055
270.0182882926127,0.055
270.0183362933807,0.055
270.0183842941487,0.055
270.0184322949167,0.049999997
270.0184802956847,0.055
270.0185282964527,0.055
270.01857629722076,0.055
270.01862429798877,0.049999997
270.01867229875677,0.055
270.0187202995248,0.06
270.0187683002928,0.049999997
270.0188163010608,0.055
270.0188643018288,0.049999997
270.01891230259685,0.06
270.01896030336485,0.049999997
270.01900830413285,0.06
270.01905630490086,0.055
270.01910430566886,0.06
270.01915230643687,0.055
270.0192003072049,0.06
270.01924830797293,0.055
270.01929630874093,0.049999997
270.01934430950894,0.055
270.01939231027694,0.055
270.01944031104495,0.055
270.01948831181295,0.055
270.019536312581,0.055
270.019584313349,0.055
270.019632314117,0.049999997
270.019680314885,0.055
270.019728315653,0.055
270.01977631642103,0.055
270.01982431718903,0.049999997
270.0198723179571,0.055
270.0199203187251,0.055
270.0199683194931,0.055
270.0200163202611,0.055
270.0200643210291,0.06
270.0201123217971,0.055
270.0201603225651,0.055
270.0202083233332,0.06
270.0202563241012,0.049999997
270.0203043248692,0.055
270.0203523256372,0.055
270.0204003264052,0.055
270.0204483271732,0.055
270.0204963279412,0.055
270.02054432870926,0.055
270.02059232947727,0.055
270.02064033024527,0.055
270.0206883310133,0.055
270.0207363317813,0.055
270.0207843325493,0.055
270.02083233331734,0.055
270.02088033408535,0.055
270.02092833485335,0.055
270.02097633562136,0.055
270.02102433638936,0.055
270.02107233715736,0.049999997
270.02112033792537,0.06
270.0211683386934,0.049999997
270.02121633946143,0.055
270.02126434022944,0.055
270.02131234099744,0.049999997
270.02136034176544,0.06
270.02140834253345,0.055
270.02145634330145,0.06
270.0215043440695,0.049999997
270.0215523448375,0.06
270.0216003456055,0.055
270.0216483463735,0.065
270.0216963471415,0.055
270.02174434790953,0.049999997
270.02179234867754,0.055
270.0218403494456,0.055
270.0218883502136,0.055
270.0219363509816,0.06
270.0219843517496,0.055
270.0220323525176,0.055
270.0220803532856,0.055
270.0221283540536,0.055
270.0221763548217,0.055
270.0222243555897,0.055
270.0222723563577,0.055
270.0223203571257,0.044999998
270.0223683578937,0.049999997
270.0224163586617,0.065
270.02246435942976,0.06
270.02251236019777,0.049999997
270.02256036096577,0.065
270.0226083617338,0.055
270.0226563625018,0.06
270.0227043632698,0.06
270.0227523640378,0.06
270.02280036480585,0.049999997
270.02284836557385,0.06
270.02289636634185,0.044999998
270.02294436710986,0.055
270.02299236787786,0.049999997
270.02304036864587,0.055
270.02308836941387,0.055
270.02313637018193,0.055
270.02318437094993,0.049999997
270.02323237171794,0.049999997
270.02328037248594,0.055
270.02332837325395,0.049999997
270.02337637402195,0.049999997
270.02342437478995,0.044999998
270.023472375558,0.074999996
270.023520376326,0.055
270.023568377094,0.06
270.023616377862,0.065
270.02366437863003,0.065
270.02371237939803,0.055
270.02376038016604,0.055
270.0238083809341,0.044999998
270.0238563817021,0.055
270.0239043824701,0.044999998
270.0239523832381,0.055
270.0240003840061,0.06
270.0240483847741,0.055
270.0240963855422,0.055
270.0241443863102,0.049999997
270.0241923870782,0.049999997
270.0242403878462,0.049999997
270.0242883886142,0.06
270.0243363893822,0.049999997
270.0243843901502,0.044999998
270.02443239091826,0.049999997
270.02448039168627,0.055
270.0245283924543,0.049999997
270.0245763932223,0.06
270.0246243939903,0.044999998
270.0246723947583,0.049999997
270.0247203955263,0.06
270.02476839629435,0.065
270.02481639706235,0.06
270.02486439783036,0.06
270.02491239859836,0.049999997
270.02496039936636,0.06
270.02500840013437,0.065
270.0250564009024,0.065
270.02510440167043,0.06
270.02515240243844,0.049999997
270.02520040320644,0.049999997
270.02524840397444,0.06
270.02529640474245,0.055
270.02534440551045,0.04
270.02539240627846,0.055
270.0254404070465,0.06
270.0254884078145,0.049999997
270.0255364085825,0.06
270.02558440935053,0.06
270.02563241011853,0.055
270.02568041088654,0.04
270.0257284116546,0.049999997
270.0257764124226,0.06
270.0258244131906,0.055
270.0258724139586,0.07
270.0259204147266,0.06
270.0259684154946,0.055
270.0260164162626,0.04
270.0260644170307,0.06
270.0261124177987,0.06
270.0261604185667,0.055
270.0262084193347,0.055
270.0262564201027,0.049999997
270.0263044208707,0.049999997
270.0263524216387,0.049999997
270.02640042240677,0.065
270.02644842317477,0.055
270.0264964239428,0.049999997
270.0265444247108,0.06
270.0265924254788,0.055
270.0266404262468,0.049999997
270.0266884270148,0.06
270.02673642778285,0.055
270.02678442855085,0.049999997
270.02683242931886,0.055
270.02688043008686,0.055
270.02692843085487,0.044999998
270.02697643162287,0.049999997
270.0270244323909,0.065
270.02707243315893,0.049999997
270.02712043392694,0.044999998
270.02716843469494,0.049999997
270.02721643546295,0.049999997
270.02726443623095,0.044999998
270.02731243699895,0.055
270.027360437767,0.055
270.027408438535,0.04
270.027456439303,0.049999997
270.027504440071,0.055
270.02755244083903,0.049999997
270.02760044160704,0.065
270.02764844237504,0.06
270.0276964431431,0.049999997
270.0277444439111,0.04
270.0277924446791,0.044999998
270.0278404454471,0.06
270.0278884462151,0.049999997
270.0279364469831,0.055
270.0279844477511,0.049999997
270.0280324485192,0.055
270.0280804492872,0.049999997
270.0281284500552,0.049999997
270.0281764508232,0.06
270.0282244515912,0.055
270.0282724523592,0.049999997
270.0283204531272,0.049999997
270.02836845389527,0.055
270.0284164546633,0.055
270.0284644554313,0.06
270.0285124561993,0.055
270.0285604569673,0.049999997
270.0286084577353,0.055
270.0286564585033,0.055
270.02870445927135,0.055
270.02875246003936,0.06
270.02880046080736,0.049999997
270.02884846157536,0.055
270.02889646234337,0.049999997
270.0289444631114,0.055
270.02899246387943,0.055
270.02904046464744,0.055
270.02908846541544,0.055
270.02913646618345,0.049999997
270.02918446695145,0.055
270.02923246771945,0.055
270.02928046848746,0.055
270.0293284692555,0.055
270.0293764700235,0.055
270.0294244707915,0.055
270.02947247155953,0.055
270.02952047232753,0.055
270.02956847309554,0.055
270.02961647386354,0.055
270.0296644746316,0.055
270.0297124753996,0.049999997
270.0297604761676,0.055
270.0298084769356,0.055
270.0298564777036,0.055
270.0299044784716,0.055
270.0299524792396,0.055
270.0300004800077,0.049999997
270.0300484807757,0.055
270.0300964815437,0.055
270.0301444823117,0.049999997
270.0301924830797,0.055
270.0302404838477,0.055
270.0302884846157,0.055
270.03033648538377,0.06
270.0303844861518,0.055
270.0304324869198,0.055
270.0304804876878,0.055
270.0305284884558,0.055
270.0305764892238,0.055
270.03062448999185,0.055
270.03067249075986,0.06
270.03072049152786,0.044999998
270.03076849229586,0.049999997
270.03081649306387,0.049999997
270.03086449383187,0.055
270.0309124945999,0.055
270.03096049536794,0.049999997
270.03100849613594,0.055
270.03105649690394,0.055
270.03110449767195,0.06
270.03115249843995,0.049999997
270.03120049920796,0.065
270.03124849997596,0.055
270.031296500744,0.055
270.031344501512,0.055
270.03139250228,0.049999997
270.03144050304803,0.049999997
270.03148850381604,0.055
270.03153650458404,0.055
270.03158450535204,0.055
270.0316325061201,0.055
270.0316805068881,0.06
270.0317285076561,0.055
270.0317765084241,0.055
270.0318245091921,0.055
270.0318725099601,0.055
270.0319205107281,0.055
270.0319685114962,0.055
270.0320165122642,0.055
270.0320645130322,0.055
270.0321125138002,0.055
270.0321605145682,0.049999997
270.0322085153362,0.055
270.03225651610427,0.055
270.0323045168723,0.049999997
270.0323525176403,0.055
270.0324005184083,0.055
270.0324485191763,0.055
270.0324965199443,0.055
270.0325445207123,0.055
270.03259252148035,0.06
270.03264052224836,0.049999997
270.03268852301636,0.055
270.03273652378437,0.049999997
270.03278452455237,0.06
270.0328325253204,0.049999997
270.0328805260884,0.055
270.03292852685644,0.055
270.03297652762444,0.055
270.03302452839245,0.055
270.03307252916045,0.055
270.03312052992845,0.055
270.03316853069646,0.055
270.03321653146446,0.055
270.0332645322325,0.055
270.0333125330005,0.06
270.03336053376853,0.055
270.03340853453653,0.06
270.03345653530454,0.055
270.03350453607254,0.049999997
270.03355253684055,0.055
270.0336005376086,0.055
270.0336485383766,0.055
270.0336965391446,0.06
270.0337445399126,0.055
270.0337925406806,0.055
270.0338405414486,0.055
270.0338885422167,0.049999997
270.0339365429847,0.055
270.0339845437527,0.055
270.0340325445207,0.049999997
270.0340805452887,0.055
270.0341285460567,0.049999997
270.0341765468247,0.055
270.03422454759277,0.055
270.0342725483608,0.055
270.0343205491288,0.055
270.0343685498968,0.055
270.0344165506648,0.055
270.0344645514328,0.055
270.0345125522008,0.049999997
270.03456055296886,0.049999997
270.03460855373686,0.055
270.03465655450486,0.055
270.03470455527287,0.055
270.03475255604087,0.055
270.0348005568089,0.055
270.0348485575769,0.055
270.03489655834494,0.055
270.03494455911294,0.055
270.03499255988095,0.055
270.03504056064895,0.055
270.03508856141696,0.049999997
270.03513656218496,0.049999997
270.03518456295296,0.06
270.035232563721,0.049999997
270.035280564489,0.055
270.03532856525703,0.055
270.03537656602504,0.049999997
270.03542456679304,0.055
270.03547256756104,0.049999997
270.0355205683291,0.055
270.0355685690971,0.049999997
270.0356165698651,0.055
270.0356645706331,0.055
270.0357125714011,0.055
270.0357605721691,0.049999997
270.0358085729371,0.06
270.0358565737052,0.055
270.0359045744732,0.06
270.0359525752412,0.055
270.0360005760092,0.055
270.0360485767772,0.055
270.0360965775452,0.055
270.0361445783132,0.049999997
270.0361925790813,0.055
270.0362405798493,0.049999997
270.0362885806173,0.055
270.0363365813853,0.049999997
270.0363845821533,0.055
270.0364325829213,0.049999997
270.0364805836893,0.049999997
270.03652858445736,0.049999997
270.03657658522536,0.055
270.03662458599337,0.049999997
270.03667258676137,0.049999997
270.0367205875294,0.06
270.0367685882974,0.055
270.0368165890654,0.055
270.03686458983344,0.049999997
270.03691259060145,0.055
270.03696059136945,0.055
270.03700859213745,0.055
270.03705659290546,0.049999997
270.03710459367346,0.049999997
270.0371525944415,0.055
270.0372005952095,0.055
270.03724859597753,0.055
270.03729659674553,0.055
270.03734459751354,0.055
270.03739259828154,0.049999997
270.03744059904955,0.06
270.0374885998176,0.06
270.0375366005856,0.055
270.0375846013536,0.055
270.0376326021216,0.055
270.0376806028896,0.055
270.0377286036576,0.049999997
270.03777660442563,0.055
270.0378246051937,0.055
270.0378726059617,0.055
270.0379206067297,0.049999997
270.0379686074977,0.055
270.0380166082657,0.049999997
270.0380646090337,0.055
270.0381126098017,0.049999997
270.0381606105698,0.055
270.0382086113378,0.055
270.0382566121058,0.049999997
270.0383046128738,0.049999997
270.0383526136418,0.049999997
270.0384006144098,0.055
270.0384486151778,0.055
270.03849661594586,0.06
270.03854461671386,0.055
270.03859261748187,0.049999997
270.0386406182499,0.049999997
270.0386886190179,0.049999997
270.0387366197859,0.055
270.03878462055394,0.044999998
270.03883262132194,0.055
270.03888062208995,0.055
270.03892862285795,0.06
270.03897662362596,0.055
270.03902462439396,0.055
270.03907262516196,0.055
270.03912062593,0.055
270.03916862669803,0.049999997
270.03921662746603,0.055
270.03926462823404,0.055
270.03931262900204,0.055
270.03936062977004,0.06
270.03940863053805,0.055
270.0394566313061,0.055
270.0395046320741,0.055
270.0395526328421,0.055
270.0396006336101,0.055
270.0396486343781,0.055
270.03969663514613,0.055
270.03974463591413,0.06
270.0397926366822,0.049999997
270.0398406374502,0.055
270.0398886382182,0.055
270.0399366389862,0.055
270.0399846397542,0.049999997
270.0400326405222,0.049999997
270.0400806412902,0.055
270.0401286420583,0.06
270.0401766428263,0.055
270.0402246435943,0.055
270.0402726443623,0.055
270.0403206451303,0.049999997
270.0403686458983,0.055
270.04041664666636,0.055
270.04046464743436,0.049999997
270.04051264820237,0.06
270.04056064897037,0.049999997
270.0406086497384,0.055
270.0406566505064,0.049999997
270.0407046512744,0.049999997
270.04075265204244,0.049999997
270.04080065281045,0.055
270.04084865357845,0.049999997
270.04089665434645,0.06
270.04094465511446,0.055
270.04099265588246,0.06
270.04104065665047,0.055
270.0410886574185,0.055
270.04113665818653,0.055
270.04118465895453,0.055
270.04123265972254,0.055
270.04128066049054,0.055
270.04132866125855,0.055
270.04137666202655,0.055
270.0414246627946,0.049999997
270.0414726635626,0.049999997
270.0415206643306,0.055
270.0415686650986,0.055
270.0416166658666,0.049999997
270.04166466663463,0.055
270.04171266740263,0.055
270.0417606681707,0.055
270.0418086689387,0.055
270.0418566697067,0.055
270.0419046704747,0.055
270.0419526712427,0.049999997
270.0420006720107,0.055
270.0420486727788,0.055
270.0420966735468,0.055
270.0421446743148,0.049999997
270.0421926750828,0.055
270.0422406758508,0.055
270.0422886766188,0.055
270.0423366773868,0.049999997
270.04238467815486,0.055
270.04243267892286,0.049999997
270.04248067969087,0.055
270.0425286804589,0.055
270.0425766812269,0.055
270.0426246819949,0.049999997
270.0426726827629,0.055
270.04272068353094,0.055
270.04276868429895,0.055
270.04281668506695,0.055
270.04286468583496,0.055
270.04291268660296,0.055
270.04296068737096,0.055
270.04300868813897,0.049999997
270.04305668890703,0.049999997
270.04310468967503,0.055
270.04315269044304,0.055
270.04320069121104,0.049999997
270.04324869197904,0.055
270.04329669274705,0.055
270.04334469351505,0.055
270.0433926942831,0.049999997
270.0434406950511,0.049999997
270.0434886958191,0.049999997
270.0435366965871,0.06
270.04358469735513,0.055
270.04363269812313,0.055
270.0436806988912,0.049999997
270.0437286996592,0.055
270.0437767004272,0.049999997
270.0438247011952,0.055
270.0438727019632,0.049999997
270.0439207027312,0.055
270.0439687034992,0.055
270.0440167042673,0.055
270.0440647050353,0.044999998
270.0441127058033,0.055
270.0441607065713,0.055
270.0442087073393,0.055
270.0442567081073,0.055
270.0443047088753,0.065
270.04435270964336,0.049999997
270.04440071041137,0.06
270.04444871117937,0.055
270.0444967119474,0.06
270.0445447127154,0.055
270.0445927134834,0.06
270.0446407142514,0.06
270.04468871501945,0.06
270.04473671578745,0.049999997
270.04478471655545,0.055
270.04483271732346,0.049999997
270.04488071809146,0.055
270.04492871885947,0.049999997
270.04497671962747,0.049999997
270.04502472039553,0.049999997
270.04507272116354,0.049999997
270.04512072193154,0.049999997
270.04516872269954,0.06
270.04521672346755,0.055
270.04526472423555,0.055
270.0453127250036,0.055
270.0453607257716,0.06
270.0454087265396,0.049999997
270.0454567273076,0.06
270.0455047280756,0.055
270.04555272884363,0.055
270.04560072961164,0.055
270.0456487303797,0.055
270.0456967311477,0.055
270.0457447319157,0.06
270.0457927326837,0.055
270.0458407334517,0.06
270.0458887342197,0.055
270.0459367349877,0.06
270.0459847357558,0.055
270.0460327365238,0.06
270.0460807372918,0.055
270.0461287380598,0.06
270.0461767388278,0.06
270.0462247395958,0.065
270.0462727403638,0.055
270.04632074113186,0.06
270.04636874189987,0.055
270.0464167426679,0.065
270.0464647434359,0.055
270.0465127442039,0.055
270.0465607449719,0.055
270.0466087457399,0.049999997
270.04665674650795,0.049999997
270.04670474727595,0.055
270.04675274804396,0.06
270.04680074881196,0.055
270.04684874957996,0.06
270.04689675034797,0.049999997
270.046944751116,0.055
270.04699275188403,0.055
270.04704075265204,0.055
270.04708875342004,0.055
270.04713675418805,0.055
270.04718475495605,0.06
270.04723275572405,0.055
270.0472807564921,0.055
270.0473287572601,0.055
270.0473767580281,0.055
270.0474247587961,0.049999997
270.04747275956413,0.049999997
270.04752076033213,0.055
270.04756876110014,0.055
270.0476167618682,0.06
270.0476647626362,0.049999997
270.0477127634042,0.055
270.0477607641722,0.049999997
270.0478087649402,0.055
270.0478567657082,0.049999997
270.0479047664762,0.049999997
270.0479527672443,0.055
270.0480007680123,0.055
270.0480487687803,0.06
270.0480967695483,0.055
270.0481447703163,0.049999997
270.0481927710843,0.049999997
270.0482407718523,0.049999997
270.04828877262037,0.044999998
270.04833677338837,0.055
270.0483847741564,0.055
270.0484327749244,0.049999997
270.0484807756924,0.06
270.0485287764604,0.06
270.0485767772284,0.06
270.04862477799645,0.055
270.04867277876446,0.055
270.04872077953246,0.055
270.04876878030046,0.055
270.04881678106847,0.055
270.04886478183647,0.055
270.04891278260453,0.055
270.04896078337254,0.06
270.04900878414054,0.055
270.04905678490854,0.055
270.04910478567655,0.055
270.04915278644455,0.055
270.04920078721256,0.049999997
270.0492487879806,0.055
270.0492967887486,0.06
270.0493447895166,0.055
270.0493927902846,0.055
270.04944079105263,0.055
270.04948879182064,0.055
270.04953679258864,0.049999997
270.0495847933567,0.055
270.0496327941247,0.049999997
270.0496807948927,0.049999997
270.0497287956607,0.049999997
270.0497767964287,0.055
270.0498247971967,0.055
270.0498727979647,0.049999997
270.0499207987328,0.049999997
270.0499687995008,0.055
270.0500168002688,0.055
270.0500648010368,0.049999997
270.0501128018048,0.06
270.0501608025728,0.055
270.0502088033408,0.055
270.05025680410887,0.055
270.0503048048769,0.055
270.0503528056449,0.055
270.0504008064129,0.049999997
270.0504488071809,0.055
270.0504968079489,0.055
270.05054480871695,0.055
270.05059280948495,0.06
270.05064081025296,0.055
270.05068881102096,0.055
270.05073681178897,0.049999997
270.05078481255697,0.055
270.050832813325,0.049999997
270.05088081409303,0.044999998
270.05092881486104,0.055
270.05097681562904,0.055
270.05102481639705,0.055
270.05107281716505,0.049999997
270.05112081793305,0.055
270.05116881870106,0.049999997
270.0512168194691,0.055
270.0512648202371,0.049999997
270.0513128210051,0.055
270.05136082177313,0.049999997
270.05140882254113,0.06
270.05145682330914,0.055
270.05150482407714,0.06
270.0515528248452,0.055
270.0516008256132,0.06
270.0516488263812,0.049999997
270.0516968271492,0.049999997
270.0517448279172,0.049999997
270.0517928286852,0.055
270.0518408294532,0.055
270.0518888302213,0.055
270.0519368309893,0.055
270.0519848317573,0.055
270.0520328325253,0.055
270.0520808332933,0.055
270.0521288340613,0.055
270.05217683482937,0.055
270.05222483559737,0.055
270.0522728363654,0.049999997
270.0523208371334,0.06
270.0523688379014,0.049999997
270.0524168386694,0.055
270.0524648394374,0.06
270.05251284020545,0.049999997
270.05256084097346,0.055
270.05260884174146,0.055
270.05265684250946,0.055
270.05270484327747,0.055
270.0527528440455,0.049999997
270.0528008448135,0.055
270.05284884558154,0.049999997
270.05289684634954,0.055
270.05294484711754,0.049999997
270.05299284788555,0.055
270.05304084865355,0.055
270.05308884942156,0.055
270.05313685018956,0.049999997
270.0531848509576,0.055
270.0532328517256,0.055
270.05328085249363,0.055
270.05332885326163,0.055
270.05337685402964,0.055
270.05342485479764,0.055
270.05347285556564,0.055
270.0535208563337,0.055
270.0535688571017,0.055
270.0536168578697,0.06
270.0536648586377,0.06
270.0537128594057,0.055
270.0537608601737,0.055
270.0538088609418,0.055
270.0538568617098,0.055
270.0539048624778,0.049999997
270.0539528632458,0.055
270.0540008640138,0.055
270.0540488647818,0.06
270.0540968655498,0.049999997
270.05414486631787,0.055
270.0541928670859,0.055
270.0542408678539,0.055
270.0542888686219,0.049999997
270.0543368693899,0.055
270.0543848701579,0.055
270.0544328709259,0.055
270.05448087169395,0.055
270.05452887246196,0.06
270.05457687322996,0.055
270.05462487399797,0.055
270.05467287476597,0.049999997
270.054720875534,0.055
270.054768876302,0.055
270.05481687707004,0.055
270.05486487783804,0.055
270.05491287860605,0.055
270.05496087937405,0.049999997
270.05500888014205,0.06
270.05505688091006,0.055
270.05510488167806,0.06
270.0551528824461,0.06
270.0552008832141,0.06
270.05524888398213,0.055
270.05529688475013,0.049999997
270.05534488551814,0.055
270.05539288628614,0.06
270.0554408870542,0.055
270.0554888878222,0.055
270.0555368885902,0.055
270.0555848893582,0.055
270.0556328901262,0.055
270.0556808908942,0.049999997
270.0557288916622,0.049999997
270.0557768924303,0.049999997
270.0558248931983,0.055
270.0558728939663,0.049999997
270.0559208947343,0.055
270.0559688955023,0.06
270.0560168962703,0.055
270.0560648970383,0.055
270.0561128978064,0.055
270.0561608985744,0.055
270.0562088993424,0.055
270.0562569001104,0.055
270.0563049008784,0.055
270.0563529016464,0.049999997
270.0564009024144,0.06
270.05644890318246,0.049999997
270.05649690395046,0.055
270.05654490471846,0.049999997
270.05659290548647,0.06
270.0566409062545,0.055
270.0566889070225,0.049999997
270.0567369077905,0.049999997
270.05678490855854,0.06
270.05683290932654,0.055
270.05688091009455,0.055
270.05692891086255,0.055
270.05697691163056,0.06
270.05702491239856,0.055
270.0570729131666,0.055
270.0571209139346,0.06
270.05716891470263,0.055
270.05721691547063,0.055
270.05726491623864,0.049999997
270.05731291700664,0.049999997
270.05736091777464,0.049999997
270.0574089185427,0.055
270.0574569193107,0.049999997
270.0575049200787,0.049999997
270.0575529208467,0.06
270.0576009216147,0.055
270.0576489223827,0.055
270.05769692315073,0.044999998
270.0577449239188,0.055
270.0577929246868,0.055
270.0578409254548,0.055
270.0578889262228,0.06
270.0579369269908,0.055
270.0579849277588,0.06
270.0580329285268,0.055
270.0580809292949,0.06
270.0581289300629,0.055
270.0581769308309,0.055
270.0582249315989,0.049999997
270.0582729323669,0.055
270.0583209331349,0.049999997
270.0583689339029,0.055
270.05841693467096,0.055
270.05846493543896,0.055
270.05851293620697,0.055
270.05856093697497,0.055
270.058608937743,0.055
270.058656938511,0.055
270.05870493927904,0.055
270.05875294004704,0.055
270.05880094081505,0.06
270.05884894158305,0.055
270.05889694235105,0.055
270.05894494311906,0.049999997
270.05899294388706,0.055
270.0590409446551,0.049999997
270.0590889454231,0.055
270.05913694619113,0.055
270.05918494695914,0.049999997
270.05923294772714,0.055
270.05928094849514,0.055
270.05932894926315,0.049999997
270.0593769500312,0.055
270.0594249507992,0.06
270.0594729515672,0.055
270.0595209523352,0.06
270.0595689531032,0.055
270.0596169538712,0.055
270.05966495463923,0.055
270.0597129554073,0.049999997
270.0597609561753,0.049999997
270.0598089569433,0.055
270.0598569577113,0.06
270.0599049584793,0.049999997
270.0599529592473,0.055
270.0600009600153,0.049999997
270.0600489607834,0.055
270.0600969615514,0.049999997
270.0601449623194,0.055
270.0601929630874,0.049999997
270.0602409638554,0.06
270.0602889646234,0.055
270.06033696539146,0.055
270.06038496615946,0.044999998
270.06043296692746,0.055
270.06048096769547,0.055
270.0605289684635,0.055
270.0605769692315,0.049999997
270.0606249699995,0.06
270.06067297076754,0.055
270.06072097153555,0.055
270.06076897230355,0.049999997
270.06081697307155,0.06
270.06086497383956,0.049999997
270.06091297460756,0.06
270.06096097537556,0.055
270.0610089761436,0.055
270.06105697691163,0.055
270.06110497767963,0.055
270.06115297844764,0.055
270.06120097921564,0.055
270.06124897998365,0.06
270.06129698075165,0.055
270.0613449815197,0.055
270.0613929822877,0.055
270.0614409830557,0.055
270.0614889838237,0.055
270.0615369845917,0.055
270.06158498535973,0.055
270.06163298612773,0.06
270.0616809868958,0.055
270.0617289876638,0.055
270.0617769884318,0.06
270.0618249891998,0.055
270.0618729899678,0.06
270.0619209907358,0.055
270.0619689915039,0.055
270.0620169922719,0.055
270.0620649930399,0.055
270.0621129938079,0.06
270.0621609945759,0.06
270.0622089953439,0.049999997
270.0622569961119,0.06
270.06230499687996,0.055
270.06235299764796,0.055
270.06240099841597,0.055
270.06244899918397,0.055
270.062496999952,0.049999997
270.06254500072,0.055
270.062593001488,0.055
270.06264100225604,0.06
270.06268900302405,0.049999997
270.06273700379205,0.06
270.06278500456006,0.06
270.06283300532806,0.055
270.06288100609606,0.055
270.06292900686407,0.055
270.0629770076321,0.055
270.06302500840013,0.06
270.06307300916814,0.055
270.06312100993614,0.049999997
270.06316901070414,0.055
270.06321701147215,0.055
270.06326501224015,0.055
270.0633130130082,0.055
270.0633610137762,0.055
270.0634090145442,0.049999997
270.0634570153122,0.055
270.0635050160802,0.06
270.06355301684823,0.055
270.0636010176163,0.055
270.0636490183843,0.06
270.0636970191523,0.055
270.0637450199203,0.055
270.0637930206883,0.049999997
270.0638410214563,0.055
270.0638890222243,0.049999997
270.0639370229924,0.055
270.0639850237604,0.049999997
270.0640330245284,0.055
270.0640810252964,0.049999997
270.0641290260644,0.055
270.0641770268324,0.049999997
270.0642250276004,0.055
270.06427302836846,0.049999997
270.06432102913647,0.055
270.06436902990447,0.055
270.0644170306725,0.055
270.0644650314405,0.055
270.0645130322085,0.06
270.0645610329765,0.06
270.06460903374455,0.049999997
270.06465703451255,0.055
270.06470503528055,0.055
270.06475303604856,0.049999997
270.06480103681656,0.055
270.06484903758457,0.049999997
270.06489703835257,0.055
270.06494503912063,0.049999997
270.06499303988863,0.055
270.06504104065664,0.06
270.06508904142464,0.055
270.06513704219265,0.055
270.06518504296065,0.055
270.0652330437287,0.055
270.0652810444967,0.055
270.0653290452647,0.055
270.0653770460327,0.055
270.0654250468007,0.049999997
270.06547304756873,0.06
270.06552104833673,0.055
270.0655690491048,0.049999997
270.0656170498728,0.055
270.0656650506408,0.055
270.0657130514088,0.049999997
270.0657610521768,0.049999997
270.0658090529448,0.06
270.0658570537128,0.049999997
270.0659050544809,0.055
270.0659530552489,0.055
270.0660010560169,0.055
270.0660490567849,0.055
270.0660970575529,0.06
270.0661450583209,0.055
270.0661930590889,0.055
270.06624105985696,0.055
270.06628906062497,0.055
270.06633706139297,0.049999997
270.066385062161,0.055
270.066433062929,0.055
270.066481063697,0.055
270.066529064465,0.055
270.06657706523305,0.055
270.06662506600105,0.055
270.06667306676906,0.049999997
270.06672106753706,0.049999997
270.06676906830506,0.06
270.06681706907307,0.049999997
270.0668650698411,0.055
270.06691307060913,0.049999997
270.06696107137714,0.06
270.06700907214514,0.049999997
270.06705707291314,0.06
270.06710507368115,0.055
270.06715307444915,0.049999997
270.0672010752172,0.055
270.0672490759852,0.049999997
270.0672970767532,0.055
270.0673450775212,0.055
270.06739307828923,0.055
270.06744107905723,0.049999997
270.06748907982524,0.055
270.0675370805933,0.055
270.0675850813613,0.055
270.0676330821293,0.055
270.0676810828973,0.055
270.0677290836653,0.06
270.0677770844333,0.055
270.0678250852013,0.049999997
270.0678730859694,0.055
270.0679210867374,0.055
270.0679690875054,0.055
270.0680170882734,0.055
270.0680650890414,0.055
270.0681130898094,0.055
270.0681610905774,0.06
270.06820909134547,0.049999997
270.06825709211347,0.055
270.0683050928815,0.049999997
270.0683530936495,0.06
270.0684010944175,0.055
270.0684490951855,0.055
270.06849709595355,0.049999997
270.06854509672155,0.055
270.06859309748955,0.055
270.06864109825756,0.055
270.06868909902556,0.055
270.06873709979357,0.055
270.06878510056157,0.049999997
270.06883310132963,0.055
270.06888110209763,0.049999997
270.06892910286564,0.049999997
270.06897710363364,0.049999997
270.06902510440165,0.055
270.06907310516965,0.055
270.06912110593765,0.055
270.0691691067057,0.06
270.0692171074737,0.049999997
270.0692651082417,0.055
270.0693131090097,0.049999997
270.06936110977773,0.055
270.06940911054573,0.049999997
270.06945711131374,0.055
270.0695051120818,0.055
270.0695531128498,0.049999997
270.0696011136178,0.055
270.0696491143858,0.049999997
270.0696971151538,0.055
270.0697451159218,0.049999997
270.0697931166898,0.055
270.0698411174579,0.049999997
270.0698891182259,0.055
270.0699371189939,0.049999997
270.0699851197619,0.06
270.0700331205299,0.055
270.0700811212979,0.06
270.07012912206596,0.055
270.07017712283397,0.06
270.070225123602,0.055
270.07027312437,0.06
270.070321125138,0.055
270.070369125906,0.055
270.070417126674,0.055
270.07046512744205,0.049999997
270.07051312821005,0.055
270.07056112897806,0.055
270.07060912974606,0.049999997
270.07065713051406,0.06
270.07070513128207,0.055
270.0707531320501,0.06
270.07080113281813,0.044999998
270.07084913358614,0.06
270.07089713435414,0.055
270.07094513512214,0.055
270.07099313589015,0.055
270.07104113665815,0.055
270.07108913742616,0.055
270.0711371381942,0.055
270.0711851389622,0.06
270.0712331397302,0.055
270.07128114049823,0.055
270.07132914126623,0.055
270.07137714203424,0.055
270.07142514280224,0.049999997
270.0714731435703,0.055
270.0715211443383,0.055
270.0715691451063,0.055
270.0716171458743,0.049999997
270.0716651466423,0.055
270.0717131474103,0.055
270.0717611481784,0.055
270.0718091489464,0.049999997
270.0718571497144,0.055
270.0719051504824,0.055
270.0719531512504,0.055
270.0720011520184,0.055
270.0720491527864,0.055
270.07209715355447,0.055
270.07214515432247,0.055
270.0721931550905,0.055
270.0722411558585,0.044999998
270.0722891566265,0.055
270.0723371573945,0.055
270.0723851581625,0.049999997
270.07243315893055,0.055
270.07248115969855,0.049999997
270.07252916046656,0.049999997
270.07257716123456,0.055
270.07262516200257,0.049999997
270.07267316277057,0.049999997
270.0727211635386,0.055
270.07276916430664,0.055
270.07281716507464,0.055
270.07286516584264,0.055
270.07291316661065,0.055
270.07296116737865,0.055
270.07300916814665,0.055
270.07305716891466,0.055
270.0731051696827,0.055
270.0731531704507,0.055
270.0732011712187,0.055
270.07324917198673,0.055
270.07329717275474,0.055
270.07334517352274,0.06
270.0733931742908,0.055
270.0734411750588,0.044999998
270.0734891758268,0.055
270.0735371765948,0.049999997
270.0735851773628,0.055
270.0736331781308,0.055
270.0736811788988,0.055
270.0737291796669,0.055
270.0737771804349,0.055
270.0738251812029,0.049999997
270.0738731819709,0.049999997
270.0739211827389,0.049999997
270.0739691835069,0.055
270.0740171842749,0.049999997
270.07406518504297,0.055
270.074113185811,0.049999997
270.074161186579,0.055
270.074209187347,0.049999997
270.074257188115,0.055
270.074305188883,0.049999997
270.074353189651,0.055
270.07440119041905,0.055
270.07444919118706,0.055
270.07449719195506,0.049999997
270.07454519272306,0.055
270.07459319349107,0.049999997
270.0746411942591,0.049999997
270.0746891950271,0.055
270.07473719579514,0.055
270.07478519656314,0.049999997
270.07483319733115,0.06
270.07488119809915,0.055
270.07492919886715,0.049999997
270.07497719963516,0.049999997
270.0750252004032,0.049999997
270.0750732011712,0.049999997
270.0751212019392,0.055
270.07516920270723,0.055
270.07521720347523,0.055
270.07526520424324,0.055
270.07531320501124,0.055
270.0753612057793,0.055
270.0754092065473,0.055
270.0754572073153,0.055
270.0755052080833,0.055
270.0755532088513,0.055
270.0756012096193,0.049999997
270.0756492103873,0.055
270.0756972111554,0.055
270.0757452119234,0.055
270.0757932126914,0.049999997
270.0758412134594,0.055
270.0758892142274,0.049999997
270.0759372149954,0.049999997
270.0759852157634,0.055
270.07603321653147,0.049999997
270.0760812172995,0.049999997
270.0761292180675,0.049999997
270.0761772188355,0.049999997
270.0762252196035,0.049999997
270.0762732203715,0.049999997
270.0763212211395,0.055
270.07636922190756,0.055
270.07641722267556,0.065
270.07646522344356,0.055
270.07651322421157,0.049999997
270.07656122497957,0.049999997
270.0766092257476,0.049999997
270.07665722651564,0.049999997
270.07670522728364,0.055
270.07675322805164,0.055
270.07680122881965,0.049999997
270.07684922958765,0.06
270.07689723035566,0.055
270.07694523112366,0.06
270.0769932318917,0.06
270.0770412326597,0.055
270.0770892334277,0.055
270.07713723419573,0.055
270.07718523496374,0.055
270.07723323573174,0.055
270.07728123649974,0.049999997
270.0773292372678,0.055
270.0773772380358,0.049999997
270.0774252388038,0.055
270.0774732395718,0.055
270.0775212403398,0.055
270.0775692411078,0.049999997
270.0776172418758,0.055
270.0776652426439,0.049999997
270.0777132434119,0.055
270.0777612441799,0.055
270.0778092449479,0.055
270.0778572457159,0.06
270.0779052464839,0.049999997
270.0779532472519,0.055
270.07800124802,0.049999997
270.078049248788,0.055
270.078097249556,0.049999997
270.078145250324,0.055
270.078193251092,0.055
270.07824125186,0.049999997
270.07828925262805,0.055
270.07833725339606,0.049999997
270.07838525416406,0.055
270.07843325493207,0.049999997
270.07848125570007,0.055
270.0785292564681,0.044999998
270.0785772572361,0.065
270.07862525800414,0.055
270.07867325877214,0.06
270.07872125954015,0.055
270.07876926030815,0.065
270.07881726107615,0.055
270.07886526184416,0.06
270.07891326261216,0.06
270.0789612633802,0.049999997
270.0790092641482,0.049999997
270.07905726491623,0.055
270.07910526568423,0.06
270.07915326645224,0.055
270.07920126722024,0.049999997
270.07924926798825,0.06
270.0792972687563,0.055
270.0793452695243,0.055
270.0793932702923,0.055
270.0794412710603,0.055
270.0794892718283,0.055
270.0795372725963,0.055
270.07958527336433,0.055
270.0796332741324,0.055
270.0796812749004,0.049999997
270.0797292756684,0.055
270.0797772764364,0.055
270.0798252772044,0.055
270.0798732779724,0.055
270.07992127874047,0.055
270.0799692795085,0.049999997
270.0800172802765,0.055
270.0800652810445,0.06
270.0801132818125,0.049999997
270.0801612825805,0.055
270.0802092833485,0.049999997
270.08025728411656,0.055
270.08030528488456,0.049999997
270.08035328565256,0.055
270.08040128642057,0.049999997
270.08044928718857,0.049999997
270.0804972879566,0.06
270.0805452887246,0.049999997
270.08059328949264,0.055
270.08064129026064,0.055
270.08068929102865,0.055
270.08073729179665,0.055
270.08078529256466,0.06
270.08083329333266,0.055
270.08088129410066,0.055
270.0809292948687,0.055
270.0809772956367,0.055
270.08102529640473,0.06
270.08107329717274,0.049999997
270.08112129794074,0.049999997
270.08116929870874,0.055
270.08121729947675,0.055
270.0812653002448,0.049999997
270.0813133010128,0.055
270.0813613017808,0.055
270.0814093025488,0.055
270.0814573033168,0.055
270.0815053040848,0.055
270.0815533048529,0.06
270.0816013056209,0.055
270.0816493063889,0.06
270.0816973071569,0.049999997
270.0817453079249,0.049999997
270.0817933086929,0.055
270.0818413094609,0.055
270.081889310229,0.06
270.081937310997,0.055
270.081985311765,0.055
270.082033312533,0.055
270.082081313301,0.055
270.082129314069,0.055
270.082177314837,0.049999997
270.08222531560506,0.055
270.08227331637306,0.049999997
270.08232131714107,0.049999997
270.08236931790907,0.049999997
270.0824173186771,0.049999997
270.0824653194451,0.049999997
270.0825133202131,0.06
270.08256132098114,0.055
270.08260932174915,0.06
270.08265732251715,0.055
270.08270532328515,0.055
270.08275332405316,0.049999997
270.08280132482116,0.055
270.08284932558917,0.055
270.0828973263572,0.055
270.08294532712523,0.055
270.08299332789323,0.06
270.08304132866124,0.055
270.08308932942924,0.055
270.08313733019725,0.055
270.0831853309653,0.049999997
270.0832333317333,0.049999997
270.0832813325013,0.055
270.0833293332693,0.049999997
270.0833773340373,0.055
270.0834253348053,0.055
270.08347333557333,0.06
270.0835213363414,0.049999997
270.0835693371094,0.049999997
270.0836173378774,0.055
270.0836653386454,0.055
270.0837133394134,0.055
270.0837613401814,0.055
270.0838093409494,0.055
270.0838573417175,0.055
270.0839053424855,0.055
270.0839533432535,0.055
270.0840013440215,0.049999997
270.0840493447895,0.049999997
270.0840973455575,0.049999997
270.0841453463255,0.049999997
270.08419334709356,0.055
270.08424134786156,0.06
270.08428934862957,0.049999997
270.0843373493976,0.06
270.0843853501656,0.055
270.0844333509336,0.06
270.0844813517016,0.055
270.08452935246964,0.065
270.08457735323765,0.055
270.08462535400565,0.06
270.08467335477366,0.055
270.08472135554166,0.065
270.08476935630966,0.049999997
270.0848173570777,0.06
270.08486535784573,0.055
270.08491335861373,0.055
270.08496135938174,0.065
270.08500936014974,0.049999997
270.08505736091774,0.049999997
270.08510536168575,0.049999997
270.0851533624538,0.055
270.0852013632218,0.049999997
270.0852493639898,0.06
270.0852973647578,0.049999997
270.0853453655258,0.055
270.08539336629383,0.055
270.08544136706183,0.055
270.0854893678299,0.049999997
270.0855373685979,0.049999997
270.0855853693659,0.055
270.0856333701339,0.055
270.0856813709019,0.06
270.0857293716699,0.055
270.0857773724379,0.049999997
270.085825373206,0.049999997
270.085873373974,0.055
270.085921374742,0.055
270.08596937551,0.055
270.086017376278,0.055
270.086065377046,0.055
270.086113377814,0.055
270.08616137858206,0.055
270.08620937935007,0.055
270.08625738011807,0.055
270.0863053808861,0.055
270.0863533816541,0.055
270.0864013824221,0.055
270.08644938319014,0.049999997
270.08649738395815,0.049999997
270.08654538472615,0.06
270.08659338549415,0.055
270.08664138626216,0.049999997
270.08668938703016,0.055
270.08673738779817,0.049999997
270.0867853885662,0.049999997
270.08683338933423,0.049999997
270.08688139010223,0.055
270.08692939087024,0.049999997
270.08697739163824,0.055
270.08702539240625,0.049999997
270.08707339317425,0.055
270.0871213939423,0.049999997
270.0871693947103,0.055
270.0872173954783,0.055
270.0872653962463,0.055
270.0873133970143,0.055
270.08736139778233,0.055
270.08740939855034,0.049999997
270.0874573993184,0.055
270.0875054000864,0.055
270.0875534008544,0.055
270.0876014016224,0.055
270.0876494023904,0.049999997
270.0876974031584,0.055
270.0877454039264,0.055
270.0877934046945,0.055
270.0878414054625,0.055
270.0878894062305,0.055
270.0879374069985,0.055
270.0879854077665,0.049999997
270.0880334085345,0.055
270.08808140930256,0.055
270.08812941007056,0.055
270.08817741083857,0.055
270.0882254116066,0.055
270.0882734123746,0.055
270.0883214131426,0.055
270.0883694139106,0.049999997
270.08841741467864,0.049999997
270.08846541544665,0.055
270.08851341621465,0.055
270.08856141698266,0.049999997
270.08860941775066,0.055
270.08865741851866,0.055
270.08870541928667,0.055
270.08875342005473,0.055
270.08880142082273,0.06
270.08884942159074,0.055
270.08889742235874,0.06
270.08894542312675,0.055
270.08899342389475,0.055
270.08904142466275,0.055
270.0890894254308,0.055
270.0891374261988,0.049999997
270.0891854269668,0.055
270.0892334277348,0.049999997
270.08928142850283,0.055
270.08932942927083,0.055
270.08937743003884,0.06
270.0894254308069,0.055
270.0894734315749,0.055
270.0895214323429,0.055
270.0895694331109,0.055
270.0896174338789,0.049999997
270.0896654346469,0.055
270.0897134354149,0.055
270.089761436183,0.055
270.089809436951,0.055
270.089857437719,0.049999997
270.089905438487,0.06
270.089953439255,0.055
270.090001440023,0.055
270.09004944079106,0.055
270.09009744155907,0.055
270.09014544232707,0.055
270.0901934430951,0.055
270.0902414438631,0.049999997
270.0902894446311,0.049999997
270.0903374453991,0.055
270.09038544616715,0.055
270.09043344693515,0.049999997
270.09048144770316,0.049999997
270.09052944847116,0.055
270.09057744923916,0.055
270.09062545000717,0.049999997
270.09067345077517,0.06
270.09072145154323,0.055
270.09076945231124,0.06
270.09081745307924,0.06
270.09086545384724,0.049999997
270.09091345461525,0.055
270.09096145538325,0.055
270.09100945615126,0.049999997
270.0910574569193,0.055
270.0911054576873,0.055
270.0911534584553,0.055
270.0912014592233,0.055
270.09124945999133,0.055
270.09129746075934,0.055
270.09134546152734,0.055
270.0913934622954,0.055
270.0914414630634,0.049999997
270.0914894638314,0.055
270.0915374645994,0.055
270.0915854653674,0.055
270.0916334661354,0.055
270.0916814669035,0.055
270.0917294676715,0.049999997
270.0917774684395,0.06
270.0918254692075,0.055
270.0918734699755,0.055
270.0919214707435,0.049999997
270.0919694715115,0.049999997
270.09201747227957,0.055
270.09206547304757,0.049999997
270.0921134738156,0.055
270.0921614745836,0.055
270.0922094753516,0.049999997
270.0922574761196,0.055
270.0923054768876,0.055
270.09235347765565,0.06
270.09240147842365,0.055
270.09244947919166,0.065
270.09249747995966,0.065
270.09254548072767,0.06
270.09259348149567,0.049999997
270.0926414822637,0.055
270.09268948303173,0.055
270.09273748379974,0.055
270.09278548456774,0.055
270.09283348533575,0.055
270.09288148610375,0.049999997
270.09292948687175,0.055
270.09297748763976,0.06
270.0930254884078,0.055
270.0930734891758,0.049999997
270.0931214899438,0.049999997
270.09316949071183,0.049999997
270.09321749147983,0.06
270.09326549224784,0.049999997
270.0933134930159,0.06
270.0933614937839,0.055
270.0934094945519,0.044999998
270.0934574953199,0.049999997
270.0935054960879,0.049999997
270.0935534968559,0.055
270.0936014976239,0.055
270.093649498392,0.049999997
270.09369749916,0.049999997
270.093745499928,0.055
270.093793500696,0.055
270.093841501464,0.055
270.093889502232,0.055
270.093937503,0.055
270.09398550376807,0.055
270.09403350453607,0.055
270.0940815053041,0.06
270.0941295060721,0.06
270.0941775068401,0.055
270.0942255076081,0.055
270.0942735083761,0.055
270.09432150914415,0.055
270.09436950991216,0.06
270.09441751068016,0.06
270.09446551144816,0.06
270.09451351221617,0.055
270.09456151298417,0.06
270.0946095137522,0.055
270.09465751452024,0.055
270.09470551528824,0.055
270.09475351605624,0.055
270.09480151682425,0.055
270.09484951759225,0.055
270.09489751836026,0.049999997
270.0949455191283,0.055
270.0949935198963,0.055
270.0950415206643,0.055
270.0950895214323,0.055
270.09513752220033,0.055
270.09518552296834,0.055
270.09523352373634,0.049999997
270.0952815245044,0.055
270.0953295252724,0.049999997
270.0953775260404,0.055
270.0954255268084,0.06
270.0954735275764,0.049999997
270.0955215283444,0.055
270.0955695291124,0.055
270.0956175298805,0.055
270.0956655306485,0.049999997
270.0957135314165,0.044999998
270.0957615321845,0.055
270.0958095329525,0.055
270.0958575337205,0.055
270.0959055344885,0.055
270.09595353525657,0.055
270.0960015360246,0.055
270.0960495367926,0.055
270.0960975375606,0.049999997
270.0961455383286,0.055
270.0961935390966,0.055
270.0962415398646,0.055
270.09628954063265,0.055
270.09633754140066,0.055
270.09638554216866,0.055
270.09643354293667,0.055
270.09648154370467,0.055
270.0965295444727,0.055
270.09657754524073,0.06
270.09662554600874,0.049999997
270.09667354677674,0.055
270.09672154754475,0.049999997
270.09676954831275,0.049999997
270.09681754908075,0.049999997
270.09686554984876,0.049999997
270.0969135506168,0.055
270.0969615513848,0.055
270.0970095521528,0.055
270.09705755292083,0.055
270.09710555368883,0.049999997
270.09715355445684,0.055
270.09720155522484,0.055
270.0972495559929,0.055
270.0972975567609,0.049999997
270.0973455575289,0.049999997
270.0973935582969,0.055
270.0974415590649,0.049999997
270.0974895598329,0.055
270.0975375606009,0.055
270.097585561369,0.049999997
270.097633562137,0.055
270.097681562905,0.049999997
270.097729563673,0.055
270.097777564441,0.049999997
270.097825565209,0.055
270.097873565977,0.049999997
270.0979215667451,0.049999997
270.0979695675131,0.055
270.0980175682811,0.049999997
270.0980655690491,0.055
270.0981135698171,0.049999997
270.0981615705851,0.06
270.09820957135315,0.06
270.09825757212116,0.055
270.09830557288916,0.055
270.09835357365716,0.06
270.09840157442517,0.06
270.0984495751932,0.055
270.0984975759612,0.055
270.09854557672924,0.049999997
270.09859357749724,0.055
270.09864157826524,0.055
270.09868957903325,0.06
270.09873757980125,0.055
270.09878558056926,0.055
270.09883358133726,0.055
270.0988815821053,0.049999997
270.0989295828733,0.055
270.09897758364133,0.055
270.09902558440933,0.055
270.09907358517734,0.055
270.09912158594534,0.049999997
270.09916958671334,0.049999997
270.0992175874814,0.055
270.0992655882494,0.049999997
270.0993135890174,0.049999997
270.0993615897854,0.055
270.0994095905534,0.049999997
270.0994575913214,0.049999997
270.09950559208943,0.055
270.0995535928575,0.06
270.0996015936255,0.049999997
270.0996495943935,0.06
270.0996975951615,0.055
270.0997455959295,0.049999997
270.0997935966975,0.049999997
270.09984159746557,0.055
270.0998895982336,0.049999997
270.0999375990016,0.055
270.0999855997696,0.049999997
270.1000336005376,0.055
270.1000816013056,0.049999997
270.1001296020736,0.049999997
270.10017760284165,0.055
270.10022560360966,0.055
270.10027360437766,0.049999997
270.10032160514567,0.049999997
270.10036960591367,0.049999997
270.1004176066817,0.06
270.1004656074497,0.055
270.10051360821774,0.055
270.10056160898574,0.055
270.10060960975375,0.049999997
270.10065761052175,0.055
270.10070561128975,0.055
270.10075361205776,0.055
270.10080161282576,0.055
270.1008496135938,0.055
270.1008976143618,0.055
270.10094561512983,0.055
270.10099361589783,0.06
270.10104161666584,0.055
270.10108961743384,0.055
270.10113761820185,0.049999997
270.1011856189699,0.055
270.1012336197379,0.06
270.1012816205059,0.055
270.1013296212739,0.055
270.1013776220419,0.055
270.1014256228099,0.055
270.101473623578,0.055
270.101521624346,0.055
270.101569625114,0.055
270.101617625882,0.055
270.10166562665,0.055
270.101713627418,0.055
270.101761628186,0.049999997
270.1018096289541,0.055
270.1018576297221,0.055
270.1019056304901,0.049999997
270.1019536312581,0.049999997
270.1020016320261,0.049999997
270.1020496327941,0.049999997
270.1020976335621,0.055
270.10214563433016,0.049999997
270.10219363509816,0.049999997
270.10224163586616,0.055
270.10228963663417,0.06
270.1023376374022,0.055
270.1023856381702,0.044999998
270.1024336389382,0.055
270.10248163970624,0.06
270.10252964047424,0.055
270.10257764124225,0.049999997
270.10262564201025,0.049999997
270.10267364277826,0.055
270.10272164354626,0.055
270.10276964431426,0.049999997
270.1028176450823,0.055
270.10286564585033,0.055
270.10291364661833,0.055
270.10296164738634,0.055
270.10300964815434,0.055
270.10305764892234,0.055
270.1031056496904,0.055
270.1031536504584,0.049999997
270.1032016512264,0.055
270.1032496519944,0.055
270.1032976527624,0.055
270.1033456535304,0.049999997
270.10339365429843,0.055
270.1034416550665,0.06
270.1034896558345,0.055
270.1035376566025,0.055
270.1035856573705,0.055
270.1036336581385,0.049999997
270.1036816589065,0.049999997
270.1037296596745,0.049999997
270.1037776604426,0.055
270.1038256612106,0.049999997
270.1038736619786,0.055
270.1039216627466,0.055
270.1039696635146,0.055
270.1040176642826,0.055
270.1040656650506,0.055
270.10411366581866,0.055
270.10416166658666,0.055
270.10420966735467,0.055
270.10425766812267,0.06
270.1043056688907,0.06
270.1043536696587,0.065
270.1044016704267,0.055
270.10444967119474,0.06
270.10449767196275,0.055
270.10454567273075,0.06
270.10459367349875,0.055
270.10464167426676,0.055
270.10468967503476,0.055
270.1047376758028,0.049999997
270.1047856765708,0.049999997
270.10483367733883,0.055
270.10488167810684,0.055
270.10492967887484,0.055
270.10497767964284,0.055
270.10502568041085,0.06
270.1050736811789,0.055
270.1051216819469,0.055
270.1051696827149,0.06
270.1052176834829,0.055
270.1052656842509,0.049999997
270.1053136850189,0.055
270.10536168578693,0.049999997
270.105409686555,0.055
270.105457687323,0.055
270.105505688091,0.055
270.105553688859,0.055
270.105601689627,0.055
270.105649690395,0.055
270.105697691163,0.049999997
270.1057456919311,0.055
270.1057936926991,0.049999997
270.1058416934671,0.055
270.1058896942351,0.049999997
270.1059376950031,0.049999997
270.1059856957711,0.049999997
270.1060336965391,0.049999997
270.10608169730716,0.055
270.10612969807516,0.049999997
270.10617769884317,0.049999997
270.1062256996112,0.055
270.1062737003792,0.055
270.1063217011472,0.055
270.10636970191524,0.055
270.10641770268325,0.049999997
270.10646570345125,0.055
270.10651370421925,0.049999997
270.10656170498726,0.049999997
270.10660970575526,0.06
270.10665770652327,0.055
270.1067057072913,0.06
270.10675370805933,0.06
270.10680170882733,0.06
270.10684970959534,0.06
270.10689771036334,0.049999997
270.10694571113135,0.06
270.10699371189935,0.044999998
270.1070417126674,0.055
270.1070897134354,0.055
270.1071377142034,0.055
270.1071857149714,0.055
270.1072337157394,0.055
270.10728171650743,0.06
270.10732971727543,0.055
270.1073777180435,0.055
270.1074257188115,0.055
270.1074737195795,0.049999997
270.1075217203475,0.055
270.1075697211155,0.049999997
270.1076177218835,0.055
270.1076657226515,0.055
270.1077137234196,0.055
270.1077617241876,0.049999997
270.1078097249556,0.055
270.1078577257236,0.06
270.1079057264916,0.055
270.1079537272596,0.055
270.10800172802766,0.049999997
270.10804972879566,0.049999997
270.10809772956367,0.06
270.10814573033167,0.049999997
270.1081937310997,0.055
270.1082417318677,0.055
270.1082897326357,0.06
270.10833773340374,0.049999997
270.10838573417175,0.06
270.10843373493975,0.049999997
270.10848173570776,0.055
270.10852973647576,0.049999997
270.10857773724376,0.055
270.10862573801177,0.055
270.1086737387798,0.055
270.10872173954783,0.055
270.10876974031584,0.055
270.10881774108384,0.055
270.10886574185184,0.055
270.10891374261985,0.055
270.10896174338785,0.055
270.1090097441559,0.049999997
270.1090577449239,0.055
270.1091057456919,0.049999997
270.1091537464599,0.055
270.1092017472279,0.049999997
270.10924974799593,0.055
270.10929774876394,0.055
270.109345749532,0.06
270.1093937503,0.055
270.109441751068,0.049999997
270.109489751836,0.055
270.109537752604,0.049999997
270.109585753372,0.055
270.1096337541401,0.055
270.1096817549081,0.055
270.1097297556761,0.055
270.1097777564441,0.049999997
270.1098257572121,0.049999997
270.1098737579801,0.055
270.1099217587481,0.049999997
270.10996975951616,0.049999997
270.11001776028417,0.049999997
270.11006576105217,0.055
270.1101137618202,0.055
270.1101617625882,0.055
270.1102097633562,0.049999997
270.1102577641242,0.055
270.11030576489225,0.049999997
270.11035376566025,0.055
270.11040176642825,0.049999997
270.11044976719626,0.055
270.11049776796426,0.049999997
270.11054576873227,0.06
270.11059376950027,0.055
270.11064177026833,0.055
270.11068977103633,0.055
270.11073777180434,0.049999997
270.11078577257234,0.055
270.11083377334035,0.049999997
270.11088177410835,0.049999997
270.11092977487635,0.049999997
270.1109777756444,0.049999997
270.1110257764124,0.055
270.1110737771804,0.055
270.1111217779484,0.055
270.11116977871643,0.049999997
270.11121777948443,0.055
270.1112657802525,0.055
270.1113137810205,0.06
270.1113617817885,0.055
270.1114097825565,0.055
270.1114577833245,0.06
270.1115057840925,0.055
270.1115537848605,0.055
270.1116017856286,0.06
270.1116497863966,0.055
270.1116977871646,0.055
270.1117457879326,0.055
270.1117937887006,0.055
270.1118417894686,0.055
270.1118897902366,0.055
270.11193779100466,0.055
270.11198579177267,0.049999997
270.1120337925407,0.055
270.1120817933087,0.055
270.1121297940767,0.049999997
270.1121777948447,0.055
270.1122257956127,0.055
270.11227379638075,0.055
270.11232179714875,0.06
270.11236979791676,0.049999997
270.11241779868476,0.049999997
270.11246579945276,0.06
270.11251380022077,0.055
270.1125618009888,0.055
270.11260980175683,0.055
270.11265780252484,0.055
270.11270580329284,0.055
270.11275380406084,0.06
270.11280180482885,0.049999997
270.11284980559685,0.049999997
270.1128978063649,0.055
270.1129458071329,0.055
270.1129938079009,0.055
270.1130418086689,0.049999997
270.11308980943693,0.055
270.11313781020493,0.055
270.11318581097294,0.055
270.113233811741,0.049999997
270.113281812509,0.055
270.113329813277,0.049999997
270.113377814045,0.049999997
270.113425814813,0.055
270.113473815581,0.044999998
270.113521816349,0.055
270.1135698171171,0.055
270.1136178178851,0.055
270.1136658186531,0.049999997
270.1137138194211,0.055
270.1137618201891,0.055
270.1138098209571,0.049999997
270.1138578217251,0.055
270.11390582249317,0.055
270.11395382326117,0.06
270.1140018240292,0.049999997
270.1140498247972,0.055
270.1140978255652,0.055
270.1141458263332,0.055
270.1141938271012,0.049999997
270.11424182786925,0.049999997
270.11428982863725,0.055
270.11433782940526,0.055
270.11438583017326,0.049999997
270.11443383094127,0.055
270.11448183170927,0.049999997
270.11452983247733,0.055
270.11457783324533,0.049999997
270.11462583401334,0.06
270.11467383478134,0.049999997
270.11472183554935,0.055
270.11476983631735,0.055
270.11481783708535,0.065
270.1148658378534,0.055
270.1149138386214,0.055
270.1149618393894,0.06
270.1150098401574,0.049999997
270.11505784092543,0.055
270.11510584169343,0.055
270.11515384246144,0.055
270.1152018432295,0.049999997
270.1152498439975,0.049999997
270.1152978447655,0.055
270.1153458455335,0.049999997
270.1153938463015,0.06
270.1154418470695,0.049999997
270.1154898478375,0.055
270.1155378486056,0.055
270.1155858493736,0.055
270.1156338501416,0.049999997
270.1156818509096,0.055
270.1157298516776,0.055
270.1157778524456,0.055
270.1158258532136,0.055
270.11587385398167,0.049999997
270.1159218547497,0.055
270.1159698555177,0.055
270.1160178562857,0.055
270.1160658570537,0.055
270.1161138578217,0.049999997
270.11616185858975,0.055
270.11620985935775,0.055
270.11625786012576,0.055
270.11630586089376,0.055
270.11635386166176,0.049999997
270.11640186242977,0.055
270.1164498631978,0.049999997
270.11649786396583,0.055
270.11654586473384,0.049999997
270.11659386550184,0.055
270.11664186626984,0.055
270.11668986703785,0.06
270.11673786780585,0.055
270.11678586857386,0.06
270.1168338693419,0.055
270.1168818701099,0.06
270.1169298708779,0.049999997
270.11697787164593,0.049999997
270.11702587241393,0.049999997
270.11707387318194,0.055
270.11712187394994,0.055
270.117169874718,0.055
270.117217875486,0.055
270.117265876254,0.055
270.117313877022,0.055
270.11736187779,0.055
270.117409878558,0.055
270.117457879326,0.055
270.1175058800941,0.055
270.1175538808621,0.055
270.1176018816301,0.055
270.1176498823981,0.055
270.1176978831661,0.055
270.1177458839341,0.055
270.11779388470217,0.055
270.11784188547017,0.055
270.1178898862382,0.055
270.1179378870062,0.055
270.1179858877742,0.049999997
270.1180338885422,0.055
270.1180818893102,0.055
270.11812989007825,0.06
270.11817789084625,0.055
270.11822589161426,0.055
270.11827389238226,0.055
270.11832189315027,0.049999997
270.11836989391827,0.055
270.1184178946863,0.049999997
270.11846589545434,0.055
270.11851389622234,0.06
270.11856189699034,0.049999997
270.11860989775835,0.055
270.11865789852635,0.049999997
270.11870589929435,0.049999997
270.11875390006236,0.06
270.1188019008304,0.055
270.1188499015984,0.055
270.1188979023664,0.049999997
270.11894590313443,0.055
270.11899390390244,0.049999997
270.11904190467044,0.06
270.11908990543844,0.055
270.1191379062065,0.06
270.1191859069745,0.049999997
270.1192339077425,0.055
270.1192819085105,0.049999997
270.1193299092785,0.06
270.1193779100465,0.055
270.1194259108146,0.055
270.1194739115826,0.049999997
270.1195219123506,0.06
270.1195699131186,0.055
270.1196179138866,0.055
270.1196659146546,0.055
270.1197139154226,0.049999997
270.11976191619067,0.049999997
270.1198099169587,0.049999997
270.1198579177267,0.049999997
270.1199059184947,0.055
270.1199539192627,0.055
270.1200019200307,0.055
270.1200499207987,0.055
270.12009792156675,0.055
270.12014592233476,0.055
270.12019392310276,0.055
270.12024192387076,0.06
270.12028992463877,0.055
270.1203379254068,0.055
270.1203859261748,0.06
270.12043392694284,0.055
270.12048192771084,0.06
270.12052992847885,0.049999997
270.12057792924685,0.06
270.12062593001485,0.049999997
270.12067393078286,0.055
270.12072193155086,0.055
270.1207699323189,0.055
270.1208179330869,0.055
270.12086593385493,0.055
270.12091393462293,0.055
270.12096193539094,0.055
270.12100993615894,0.055
270.121057936927,0.055
270.121105937695,0.055
270.121153938463,0.06
270.121201939231,0.055
270.121249939999,0.055
270.121297940767,0.055
270.121345941535,0.055
270.1213939423031,0.049999997
270.1214419430711,0.055
270.1214899438391,0.055
270.1215379446071,0.049999997
270.1215859453751,0.06
270.1216339461431,0.049999997
270.1216819469111,0.049999997
270.12172994767917,0.049999997
270.1217779484472,0.06
270.1218259492152,0.049999997
270.1218739499832,0.049999997
270.1219219507512,0.06
270.1219699515192,0.049999997
270.1220179522872,0.055
270.12206595305526,0.049999997
270.12211395382326,0.049999997
270.12216195459126,0.055
270.12220995535927,0.055
270.12225795612727,0.055
270.1223059568953,0.055
270.1223539576633,0.055
270.12240195843134,0.055
270.12244995919934,0.049999997
270.12249795996735,0.055
270.12254596073535,0.055
270.12259396150336,0.055
270.12264196227136,0.049999997
270.1226899630394,0.06
270.1227379638074,0.055
270.1227859645754,0.06
270.12283396534343,0.055
270.12288196611144,0.055
270.12292996687944,0.055
270.12297796764744,0.049999997
270.1230259684155,0.049999997
270.1230739691835,0.055
270.1231219699515,0.055
270.1231699707195,0.055
270.1232179714875,0.055
270.1232659722555,0.06
270.1233139730235,0.055
270.1233619737916,0.055
270.1234099745596,0.049999997
270.1234579753276,0.055
270.1235059760956,0.049999997
270.1235539768636,0.049999997
270.1236019776316,0.055
270.1236499783996,0.055
270.1236979791677,0.049999997
270.1237459799357,0.055
270.1237939807037,0.055
270.1238419814717,0.049999997
270.1238899822397,0.055
270.1239379830077,0.055
270.1239859837757,0.055
270.12403398454376,0.049999997
270.12408198531176,0.055
270.12412998607977,0.049999997
270.12417798684777,0.055
270.1242259876158,0.055
270.1242739883838,0.049999997
270.12432198915184,0.049999997
270.12436998991984,0.049999997
270.12441799068785,0.055
270.12446599145585,0.06
270.12451399222385,0.055
270.12456199299186,0.049999997
270.12460999375986,0.055
270.1246579945279,0.055
270.1247059952959,0.055
270.12475399606393,0.055
270.12480199683193,0.06
270.12484999759994,0.055
270.12489799836794,0.055
270.12494599913595,0.055
270.124993999904,0.055
270.125042000672,0.055
270.12509000144,0.06
270.125138002208,0.055
270.125186002976,0.055
270.125234003744,0.055
270.12528200451203,0.055
270.1253300052801,0.055
270.1253780060481,0.055
270.1254260068161,0.049999997
270.1254740075841,0.055
270.1255220083521,0.049999997
270.1255700091201,0.055
270.1256180098881,0.055
270.1256660106562,0.065
270.1257140114242,0.055
270.1257620121922,0.06
270.1258100129602,0.055
270.1258580137282,0.049999997
270.1259060144962,0.055
270.12595401526426,0.055
270.12600201603226,0.055
270.12605001680026,0.055
270.12609801756827,0.049999997
270.12614601833627,0.055
270.1261940191043,0.049999997
270.1262420198723,0.055
270.12629002064034,0.055
270.12633802140834,0.049999997
270.12638602217635,0.06
270.12643402294435,0.055
270.12648202371236,0.055
270.12653002448036,0.049999997
270.12657802524836,0.055
270.1266260260164,0.055
270.1266740267844,0.055
270.12672202755243,0.055
270.12677002832044,0.055
270.12681802908844,0.055
270.12686602985644,0.055
270.12691403062445,0.055
270.1269620313925,0.055
270.1270100321605,0.055
270.1270580329285,0.06
270.1271060336965,0.055
270.1271540344645,0.055
270.12720203523253,0.055
270.12725003600053,0.049999997
270.1272980367686,0.049999997
270.1273460375366,0.055
270.1273940383046,0.055
270.1274420390726,0.055
270.1274900398406,0.049999997
270.1275380406086,0.055
270.1275860413767,0.055
270.1276340421447,0.044999998
270.1276820429127,0.049999997
270.1277300436807,0.055
270.1277780444487,0.055
270.1278260452167,0.06
270.1278740459847,0.049999997
270.12792204675276,0.049999997
270.12797004752076,0.049999997
270.12801804828877,0.055
270.12806604905677,0.049999997
270.1281140498248,0.06
270.1281620505928,0.055
270.1282100513608,0.06
270.12825805212884,0.055
270.12830605289685,0.055
270.12835405366485,0.049999997
270.12840205443285,0.06
270.12845005520086,0.055
270.12849805596886,0.055
270.12854605673687,0.055
270.1285940575049,0.055
270.12864205827293,0.055
270.12869005904093,0.055
270.12873805980894,0.055
270.12878606057694,0.055
270.12883406134495,0.055
270.12888206211295,0.055
270.128930062881,0.049999997
270.128978063649,0.049999997
270.129026064417,0.055
270.129074065185,0.06
270.129122065953,0.049999997
270.12917006672103,0.055
270.1292180674891,0.055
270.1292660682571,0.055
270.1293140690251,0.06
270.1293620697931,0.055
270.1294100705611,0.06
270.1294580713291,0.049999997
270.1295060720971,0.055
270.1295540728652,0.049999997
270.1296020736332,0.055
270.1296500744012,0.049999997
270.1296980751692,0.06
270.1297460759372,0.049999997
270.1297940767052,0.06
270.1298420774732,0.049999997
270.12989007824126,0.06
270.12993807900926,0.049999997
270.12998607977727,0.055
270.1300340805453,0.049999997
270.1300820813133,0.055
270.1301300820813,0.049999997
270.1301780828493,0.055
270.13022608361734,0.049999997
270.13027408438535,0.055
270.13032208515335,0.049999997
270.13037008592136,0.049999997
270.13041808668936,0.06
270.13046608745736,0.06
270.13051408822537,0.055
270.13056208899343,0.06
270.13061008976143,0.055
270.13065809052944,0.065
270.13070609129744,0.049999997
270.13075409206544,0.06
270.13080209283345,0.055
270.1308500936015,0.065
270.1308980943695,0.055
270.1309460951375,0.055
270.1309940959055,0.055
270.1310420966735,0.06
270.13109009744153,0.055
270.13113809820953,0.06
270.1311860989776,0.055
270.1312340997456,0.06
270.1312821005136,0.055
270.1313301012816,0.06
270.1313781020496,0.055
270.1314261028176,0.055
270.1314741035856,0.06
270.1315221043537,0.049999997
270.1315701051217,0.055
270.1316181058897,0.055
270.1316661066577,0.049999997
270.1317141074257,0.055
270.1317621081937,0.049999997
270.1318101089617,0.055
270.13185810972976,0.049999997
270.13190611049777,0.06
270.13195411126577,0.055
270.1320021120338,0.055
270.1320501128018,0.055
270.1320981135698,0.055
270.1321461143378,0.055
270.13219411510585,0.055
270.13224211587385,0.055
270.13229011664185,0.055
270.13233811740986,0.055
270.13238611817786,0.055
270.13243411894587,0.049999997
270.1324821197139,0.055
270.13253012048193,0.049999997
270.13257812124994,0.055
270.13262612201794,0.055
270.13267412278594,0.055
270.13272212355395,0.055
270.13277012432195,0.049999997
270.13281812509,0.049999997
270.132866125858,0.049999997
270.132914126626,0.049999997
270.132962127394,0.06
270.133010128162,0.049999997
270.13305812893003,0.06
270.13310612969804,0.055
270.1331541304661,0.055
270.1332021312341,0.06
270.1332501320021,0.055
270.1332981327701,0.055
270.1333461335381,0.055
270.1333941343061,0.055
270.1334421350741,0.055
270.1334901358422,0.055
270.1335381366102,0.055
270.1335861373782,0.055
270.1336341381462,0.049999997
270.1336821389142,0.055
270.1337301396822,0.049999997
270.1337781404502,0.055
270.13382614121826,0.055
270.13387414198627,0.055
270.1339221427543,0.055
270.1339701435223,0.055
270.1340181442903,0.049999997
270.1340661450583,0.055
270.1341141458263,0.055
270.13416214659435,0.055
270.13421014736235,0.055
270.13425814813036,0.055
270.13430614889836,0.055
270.13435414966636,0.055
270.13440215043437,0.049999997
270.13445015120243,0.049999997
270.13449815197043,0.049999997
270.13454615273844,0.055
270.13459415350644,0.049999997
270.13464215427445,0.055
270.13469015504245,0.049999997
270.13473815581045,0.055
270.1347861565785,0.049999997
270.1348341573465,0.055
270.1348821581145,0.049999997
270.1349301588825,0.055
270.13497815965053,0.055
270.13502616041853,0.055
270.13507416118654,0.049999997
270.1351221619546,0.049999997
270.1351701627226,0.049999997
270.1352181634906,0.055
270.1352661642586,0.055
270.1353141650266,0.049999997
270.1353621657946,0.055
270.1354101665626,0.06
270.1354581673307,0.049999997
270.1355061680987,0.06
270.1355541688667,0.055
270.1356021696347,0.06
270.1356501704027,0.055
270.1356981711707,0.06
270.1357461719387,0.055
270.13579417270677,0.06
270.13584217347477,0.055
270.1358901742428,0.055
270.1359381750108,0.055
270.1359861757788,0.055
270.1360341765468,0.055
270.13608217731485,0.049999997
270.13613017808285,0.055
270.13617817885086,0.049999997
270.13622617961886,0.055
270.13627418038686,0.049999997
270.13632218115487,0.055
270.13637018192287,0.049999997
270.13641818269093,0.049999997
270.13646618345894,0.055
270.13651418422694,0.049999997
270.13656218499494,0.055
270.13661018576295,0.055
270.13665818653095,0.049999997
270.13670618729896,0.055
270.136754188067,0.049999997
270.136802188835,0.049999997
270.136850189603,0.055
270.136898190371,0.06
270.13694619113903,0.049999997
270.13699419190704,0.049999997
270.13704219267504,0.049999997
270.1370901934431,0.055
270.1371381942111,0.044999998
270.1371861949791,0.06
270.1372341957471,0.049999997
270.1372821965151,0.055
270.1373301972831,0.055
270.1373781980511,0.055
270.1374261988192,0.049999997
270.1374741995872,0.055
270.1375222003552,0.06
270.1375702011232,0.055
270.1376182018912,0.055
270.1376662026592,0.049999997
270.13771420342727,0.049999997
270.13776220419527,0.049999997
270.1378102049633,0.055
270.1378582057313,0.049999997
270.1379062064993,0.049999997
270.1379542072673,0.055
270.1380022080353,0.049999997
270.13805020880335,0.055
270.13809820957135,0.049999997
270.13814621033936,0.055
270.13819421110736,0.049999997
270.13824221187537,0.055
270.13829021264337,0.049999997
270.1383382134114,0.055
270.13838621417943,0.049999997
270.13843421494744,0.055
270.13848221571544,0.049999997
270.13853021648345,0.055
270.13857821725145,0.049999997
270.13862621801945,0.055
270.13867421878746,0.049999997
270.1387222195555,0.049999997
270.1387702203235,0.055
270.1388182210915,0.049999997
270.13886622185953,0.055
270.13891422262753,0.055
270.13896222339554,0.055
270.13901022416354,0.06
270.1390582249316,0.055
270.1391062256996,0.06
270.1391542264676,0.055
270.1392022272356,0.055
270.1392502280036,0.055
270.1392982287716,0.06
270.1393462295397,0.055
270.1393942303077,0.049999997
270.1394422310757,0.055
270.1394902318437,0.049999997
270.1395382326117,0.055
270.1395862333797,0.049999997
270.1396342341477,0.055
270.13968223491577,0.055
270.13973023568377,0.055
270.1397782364518,0.06
270.1398262372198,0.055
270.1398742379878,0.06
270.1399222387558,0.055
270.1399702395238,0.055
270.14001824029185,0.055
270.14006624105986,0.06
270.14011424182786,0.049999997
270.14016224259586,0.055
270.14021024336387,0.055
270.14025824413187,0.055
270.1403062448999,0.055
270.14035424566794,0.055
270.14040224643594,0.055
270.14045024720394,0.049999997
270.14049824797195,0.055
270.14054624873995,0.049999997
270.14059424950796,0.055
270.14064225027596,0.049999997
270.140690251044,0.055
270.140738251812,0.055
270.14078625258,0.055
270.14083425334803,0.049999997
270.14088225411604,0.055
270.14093025488404,0.055
270.1409782556521,0.049999997
270.1410262564201,0.049999997
270.1410742571881,0.055
270.1411222579561,0.049999997
270.1411702587241,0.055
270.1412182594921,0.055
270.1412662602601,0.049999997
270.1413142610282,0.055
270.1413622617962,0.055
270.1414102625642,0.049999997
270.1414582633322,0.055
270.1415062641002,0.055
270.1415542648682,0.055
270.1416022656362,0.049999997
270.14165026640427,0.049999997
270.1416982671723,0.055
270.1417462679403,0.055
270.1417942687083,0.055
270.1418422694763,0.06
270.1418902702443,0.055
270.1419382710123,0.055
270.14198627178035,0.055
270.14203427254836,0.06
270.14208227331636,0.055
270.14213027408437,0.055
270.14217827485237,0.055
270.1422262756204,0.055
270.1422742763884,0.055
270.14232227715644,0.055
270.14237027792444,0.055
270.14241827869245,0.049999997
270.14246627946045,0.049999997
270.14251428022845,0.07
270.14256228099646,0.055
270.1426102817645,0.055
270.1426582825325,0.055
270.1427062833005,0.055
270.14275428406853,0.049999997
270.14280228483653,0.055
270.14285028560454,0.049999997
270.14289828637254,0.055
270.1429462871406,0.055
270.1429942879086,0.055
270.1430422886766,0.049999997
270.1430902894446,0.055
270.1431382902126,0.049999997
270.1431862909806,0.049999997
270.1432342917486,0.055
270.1432822925167,0.049999997
270.1433302932847,0.049999997
270.1433782940527,0.055
270.1434262948207,0.049999997
270.1434742955887,0.055
270.1435222963567,0.049999997
270.1435702971247,0.049999997
270.1436182978928,0.055
270.1436662986608,0.065
270.1437142994288,0.055
270.1437623001968,0.049999997
270.1438103009648,0.049999997
270.1438583017328,0.065
270.1439063025008,0.055
270.14395430326886,0.049999997
270.14400230403686,0.06
270.14405030480486,0.049999997
270.14409830557287,0.055
270.1441463063409,0.06
270.1441943071089,0.055
270.14424230787694,0.055
270.14429030864494,0.055
270.14433830941294,0.055
270.14438631018095,0.055
270.14443431094895,0.055
270.14448231171696,0.055
270.14453031248496,0.055
270.144578313253,0.055
270.144626314021,0.049999997
270.14467431478903,0.055
270.14472231555703,0.049999997
270.14477031632504,0.06
270.14481831709304,0.049999997
270.14486631786104,0.055
270.1449143186291,0.055
270.1449623193971,0.055
270.1450103201651,0.055
270.1450583209331,0.055
270.1451063217011,0.049999997
270.1451543224691,0.055
270.14520232323713,0.049999997
270.1452503240052,0.055
270.1452983247732,0.055
270.1453463255412,0.055
270.1453943263092,0.049999997
270.1454423270772,0.055
270.1454903278452,0.055
270.1455383286132,0.055
270.1455863293813,0.049999997
270.1456343301493,0.049999997
270.1456823309173,0.055
270.1457303316853,0.055
270.1457783324533,0.055
270.1458263332213,0.055
270.14587433398935,0.049999997
270.14592233475736,0.049999997
270.14597033552536,0.055
270.14601833629337,0.049999997
270.14606633706137,0.055
270.1461143378294,0.049999997
270.1461623385974,0.055
270.14621033936544,0.055
270.14625834013344,0.049999997
270.14630634090145,0.055
270.14635434166945,0.049999997
270.14640234243745,0.055
270.14645034320546,0.055
270.14649834397346,0.055
270.1465463447415,0.044999998
270.1465943455095,0.06
270.14664234627753,0.055
270.14669034704553,0.055
270.14673834781354,0.055
270.14678634858154,0.055
270.14683434934955,0.06
270.1468823501176,0.055
270.1469303508856,0.055
270.1469783516536,0.055
270.1470263524216,0.055
270.1470743531896,0.049999997
270.1471223539576,0.049999997
270.14717035472563,0.055
270.1472183554937,0.055
270.1472663562617,0.055
270.1473143570297,0.049999997
270.1473623577977,0.049999997
270.1474103585657,0.049999997
270.1474583593337,0.06
270.1475063601018,0.049999997
270.1475543608698,0.049999997
270.1476023616378,0.055
270.1476503624058,0.055
270.1476983631738,0.049999997
270.1477463639418,0.055
270.1477943647098,0.049999997
270.14784236547786,0.055
270.14789036624586,0.055
270.14793836701386,0.049999997
270.14798636778187,0.049999997
270.1480343685499,0.055
270.1480823693179,0.049999997
270.1481303700859,0.049999997
270.14817837085394,0.049999997
270.14822637162194,0.055
270.14827437238995,0.055
270.14832237315795,0.055
270.14837037392596,0.055
270.14841837469396,0.06
270.14846637546196,0.06
270.14851437623,0.049999997
270.14856237699803,0.055
270.14861037776603,0.049999997
270.14865837853404,0.06
270.14870637930204,0.049999997
270.14875438007005,0.055
270.14880238083805,0.049999997
270.1488503816061,0.055
270.1488983823741,0.049999997
270.1489463831421,0.049999997
270.1489943839101,0.055
270.1490423846781,0.06
270.14909038544613,0.055
270.1491383862142,0.055
270.1491863869822,0.06
270.1492343877502,0.055
270.1492823885182,0.055
270.1493303892862,0.055
270.1493783900542,0.055
270.1494263908222,0.055
270.1494743915903,0.055
270.1495223923583,0.055
270.1495703931263,0.049999997
270.1496183938943,0.055
270.1496663946623,0.049999997
270.1497143954303,0.049999997
270.1497623961983,0.049999997
270.14981039696636,0.055
270.14985839773436,0.049999997
270.14990639850237,0.055
270.14995439927037,0.049999997
270.1500024000384,0.055
270.1500504008064,0.049999997
270.1500984015744,0.055
270.15014640234244,0.049999997
270.15019440311045,0.049999997
270.15024240387845,0.049999997
270.15029040464646,0.049999997
270.15033840541446,0.055
270.15038640618246,0.049999997
270.15043440695047,0.049999997
270.1504824077185,0.055
270.15053040848653,0.049999997
270.15057840925454,0.049999997
270.15062641002254,0.055
270.15067441079054,0.055
270.15072241155855,0.049999997
270.1507704123266,0.06
270.1508184130946,0.06
270.1508664138626,0.06
270.1509144146306,0.055
270.1509624153986,0.049999997
270.1510104161666,0.055
270.15105841693463,0.055
270.1511064177027,0.055
270.1511544184707,0.055
270.1512024192387,0.055
270.1512504200067,0.055
270.1512984207747,0.06
270.1513464215427,0.055
270.1513944223107,0.055
270.1514424230788,0.055
270.1514904238468,0.055
270.1515384246148,0.055
270.1515864253828,0.06
270.1516344261508,0.055
270.1516824269188,0.055
270.1517304276868,0.055
270.15177842845486,0.055
270.15182642922287,0.049999997
270.15187442999087,0.055
270.1519224307589,0.049999997
270.1519704315269,0.049999997
270.1520184322949,0.049999997
270.1520664330629,0.055
270.15211443383095,0.049999997
270.15216243459895,0.06
270.15221043536695,0.055
270.15225843613496,0.055
270.15230643690296,0.055
270.15235443767097,0.055
270.152402438439,0.055
270.15245043920703,0.055
270.15249843997503,0.055
270.15254644074304,0.055
270.15259444151104,0.049999997
270.15264244227905,0.055
270.15269044304705,0.055
270.1527384438151,0.055
270.1527864445831,0.049999997
270.1528344453511,0.055
270.1528824461191,0.055
270.1529304468871,0.049999997
270.15297844765513,0.055
270.15302644842313,0.049999997
270.1530744491912,0.055
270.1531224499592,0.055
270.1531704507272,0.06
270.1532184514952,0.06
270.1532664522632,0.06
270.1533144530312,0.055
270.1533624537992,0.055
270.1534104545673,0.06
270.1534584553353,0.055
270.1535064561033,0.049999997
270.1535544568713,0.055
270.1536024576393,0.055
270.1536504584073,0.055
270.1536984591753,0.055
270.15374645994336,0.055
270.15379446071137,0.055
270.15384246147937,0.06
270.1538904622474,0.055
270.1539384630154,0.055
270.1539864637834,0.055
270.15403446455144,0.055
270.15408246531945,0.06
270.15413046608745,0.06
270.15417846685546,0.055
270.15422646762346,0.055
270.15427446839146,0.055
270.15432246915947,0.049999997
270.1543704699275,0.049999997
270.15441847069553,0.049999997
270.15446647146354,0.049999997
270.15451447223154,0.049999997
270.15456247299954,0.055
270.15461047376755,0.049999997
270.15465847453555,0.055
270.1547064753036,0.055
270.1547544760716,0.055
270.1548024768396,0.049999997
270.1548504776076,0.055
270.1548984783756,0.055
270.15494647914363,0.049999997
270.15499447991164,0.055
270.1550424806797,0.06
270.1550904814477,0.055
270.1551384822157,0.055
270.1551864829837,0.055
270.1552344837517,0.055
270.1552824845197,0.055
270.1553304852877,0.055
270.1553784860558,0.055
270.1554264868238,0.055
270.1554744875918,0.06
270.1555224883598,0.055
270.1555704891278,0.049999997
270.1556184898958,0.049999997
270.15566649066386,0.055
270.15571449143187,0.055
270.15576249219987,0.055
270.1558104929679,0.055
270.1558584937359,0.055
270.1559064945039,0.055
270.1559544952719,0.055
270.15600249603995,0.055
270.15605049680795,0.055
270.15609849757595,0.055
270.15614649834396,0.055
270.15619449911196,0.049999997
270.15624249987997,0.055
270.15629050064797,0.049999997
270.15633850141603,0.055
270.15638650218403,0.049999997
270.15643450295204,0.049999997
270.15648250372004,0.055
270.15653050448805,0.049999997
270.15657850525605,0.055
270.15662650602405,0.049999997
270.1566745067921,0.055
270.1567225075601,0.049999997
270.1567705083281,0.049999997
270.1568185090961,0.049999997
270.15686650986413,0.055
270.15691451063213,0.055
270.15696251140014,0.06
270.1570105121682,0.055
270.1570585129362,0.049999997
270.1571065137042,0.055
270.1571545144722,0.049999997
270.1572025152402,0.055
270.1572505160082,0.049999997
270.1572985167763,0.055
270.1573465175443,0.055
270.1573945183123,0.055
270.1574425190803,0.055
270.1574905198483,0.06
270.1575385206163,0.06
270.1575865213843,0.055
270.15763452215236,0.06
270.15768252292037,0.055
270.1577305236884,0.055
270.1577785244564,0.055
270.1578265252244,0.055
270.1578745259924,0.049999997
270.1579225267604,0.055
270.15797052752845,0.055
270.15801852829645,0.055
270.15806652906446,0.055
270.15811452983246,0.06
270.15816253060046,0.055
270.15821053136847,0.055
270.1582585321365,0.055
270.15830653290453,0.055
270.15835453367254,0.055
270.15840253444054,0.055
270.15845053520854,0.049999997
270.15849853597655,0.049999997
270.15854653674455,0.055
270.15859453751256,0.049999997
270.1586425382806,0.049999997
270.1586905390486,0.049999997
270.1587385398166,0.06
270.15878654058463,0.055
270.15883454135263,0.055
270.15888254212064,0.055
270.1589305428887,0.049999997
270.1589785436567,0.055
270.1590265444247,0.049999997
270.1590745451927,0.055
270.1591225459607,0.055
270.1591705467287,0.055
270.1592185474967,0.055
270.1592665482648,0.055
270.1593145490328,0.055
270.1593625498008,0.055
270.1594105505688,0.055
270.1594585513368,0.06
270.1595065521048,0.055
270.1595545528728,0.055
270.15960255364087,0.055
270.15965055440887,0.055
270.1596985551769,0.055
270.1597465559449,0.055
270.1597945567129,0.055
270.1598425574809,0.055
270.1598905582489,0.055
270.15993855901695,0.055
270.15998655978495,0.055
270.16003456055296,0.055
270.16008256132096,0.049999997
270.16013056208897,0.049999997
270.16017856285697,0.055
270.160226563625,0.049999997
270.16027456439303,0.049999997
270.16032256516104,0.049999997
270.16037056592904,0.049999997
270.16041856669705,0.049999997
270.16046656746505,0.049999997
270.16051456823305,0.055
270.1605625690011,0.049999997
270.1606105697691,0.06
270.1606585705371,0.055
270.1607065713051,0.06
270.16075457207313,0.049999997
270.16080257284113,0.065
270.16085057360914,0.055
270.1608985743772,0.06
270.1609465751452,0.049999997
270.1609945759132,0.055
270.1610425766812,0.049999997
270.1610905774492,0.055
270.1611385782172,0.06
270.1611865789852,0.055
270.1612345797533,0.055
270.1612825805213,0.06
270.1613305812893,0.055
270.1613785820573,0.055
270.1614265828253,0.055
270.1614745835933,0.055
270.1615225843613,0.055
270.16157058512937,0.055
270.1616185858974,0.055
270.1616665866654,0.055
270.1617145874334,0.06
270.1617625882014,0.06
270.1618105889694,0.055
270.1618585897374,0.055
270.16190659050545,0.055
270.16195459127346,0.049999997
270.16200259204146,0.055
270.16205059280946,0.044999998
270.16209859357747,0.055
270.1621465943455,0.055
270.16219459511353,0.055
270.16224259588154,0.055
270.16229059664954,0.055
270.16233859741754,0.055
270.16238659818555,0.06
270.16243459895355,0.049999997
270.16248259972156,0.06
270.1625306004896,0.049999997
270.1625786012576,0.055
270.1626266020256,0.06
270.16267460279363,0.055
270.16272260356163,0.06
270.16277060432964,0.055
270.16281860509764,0.049999997
270.1628666058657,0.055
270.1629146066337,0.055
270.1629626074017,0.055
270.1630106081697,0.049999997
270.1630586089377,0.049999997
270.1631066097057,0.06
270.1631546104737,0.055
270.1632026112418,0.055
270.1632506120098,0.049999997
270.1632986127778,0.055
270.1633466135458,0.06
270.1633946143138,0.06
270.1634426150818,0.055
270.1634906158498,0.055
270.16353861661787,0.055
270.1635866173859,0.055
270.1636346181539,0.055
270.1636826189219,0.055
270.1637306196899,0.055
270.1637786204579,0.055
270.16382662122595,0.06
270.16387462199395,0.055
270.16392262276196,0.055
270.16397062352996,0.055
270.16401862429797,0.055
270.16406662506597,0.049999997
270.164114625834,0.055
270.16416262660204,0.055
270.16421062737004,0.055
270.16425862813804,0.049999997
270.16430662890605,0.055
270.16435462967405,0.055
270.16440263044205,0.06
270.16445063121006,0.049999997
270.1644986319781,0.055
270.1645466327461,0.055
270.1645946335141,0.06
270.16464263428213,0.049999997
270.16469063505014,0.055
270.16473863581814,0.055
270.16478663658614,0.049999997
270.1648346373542,0.049999997
270.1648826381222,0.055
270.1649306388902,0.049999997
270.1649786396582,0.055
270.1650266404262,0.055
270.1650746411942,0.055
270.1651226419622,0.055
270.1651706427303,0.055
270.1652186434983,0.049999997
270.1652666442663,0.055
270.1653146450343,0.049999997
270.1653626458023,0.055
270.1654106465703,0.055
270.16545864733837,0.049999997
270.1655066481064,0.055
270.1655546488744,0.055
270.1656026496424,0.055
270.1656506504104,0.055
270.1656986511784,0.049999997
270.1657466519464,0.055
270.16579465271445,0.06
270.16584265348246,0.055
270.16589065425046,0.055
270.16593865501846,0.055
270.16598665578647,0.06
270.1660346565545,0.049999997
270.1660826573225,0.055
270.16613065809054,0.049999997
270.16617865885854,0.049999997
270.16622665962655,0.049999997
270.16627466039455,0.055
270.16632266116255,0.055
270.16637066193056,0.055
270.16641866269856,0.055
270.1664666634666,0.049999997
270.1665146642346,0.06
270.16656266500263,0.049999997
270.16661066577063,0.06
270.16665866653864,0.055
270.16670666730664,0.06
270.16675466807465,0.06
270.1668026688427,0.055
270.1668506696107,0.055
270.1668986703787,0.049999997
270.1669466711467,0.049999997
270.1669946719147,0.049999997
270.1670426726827,0.055
270.1670906734508,0.055
270.1671386742188,0.055
270.1671866749868,0.06
270.1672346757548,0.049999997
270.1672826765228,0.055
270.1673306772908,0.055
270.1673786780588,0.055
270.16742667882687,0.055
270.1674746795949,0.055
270.1675226803629,0.055
270.1675706811309,0.049999997
270.1676186818989,0.055
270.1676666826669,0.055
270.1677146834349,0.049999997
270.16776268420296,0.049999997
270.16781068497096,0.06
270.16785868573896,0.055
270.16790668650697,0.055
270.16795468727497,0.055
270.168002688043,0.049999997
270.168050688811,0.055
270.16809868957904,0.055
270.16814669034704,0.055
270.16819469111505,0.055
270.16824269188305,0.049999997
270.16829069265106,0.049999997
270.16833869341906,0.049999997
270.16838669418706,0.055
270.1684346949551,0.049999997
270.1684826957231,0.055
270.16853069649113,0.049999997
270.16857869725914,0.055
270.16862669802714,0.049999997
270.16867469879514,0.06
270.1687226995632,0.049999997
270.1687707003312,0.055
270.1688187010992,0.049999997
270.1688667018672,0.06
270.1689147026352,0.055
270.1689627034032,0.06
270.1690107041712,0.055
270.1690587049393,0.06
270.1691067057073,0.055
270.1691547064753,0.06
270.1692027072433,0.055
270.1692507080113,0.065
270.1692987087793,0.055
270.1693467095473,0.049999997
270.1693947103154,0.055
270.1694427110834,0.049999997
270.1694907118514,0.055
270.1695387126194,0.055
270.1695867133874,0.055
270.1696347141554,0.055
270.1696827149234,0.055
270.16973071569146,0.055
270.16977871645946,0.055
270.16982671722747,0.055
270.16987471799547,0.049999997
270.1699227187635,0.055
270.1699707195315,0.049999997
270.1700187202995,0.055
270.17006672106754,0.055
270.17011472183555,0.055
270.17016272260355,0.06
270.17021072337155,0.055
270.17025872413956,0.055
270.17030672490756,0.049999997
270.1703547256756,0.055
270.1704027264436,0.055
270.17045072721163,0.055
270.17049872797963,0.055
270.17054672874764,0.055
270.17059472951564,0.049999997
270.17064273028365,0.055
270.1706907310517,0.055
270.1707387318197,0.055
270.1707867325877,0.055
270.1708347333557,0.06
270.1708827341237,0.049999997
270.1709307348917,0.049999997
270.17097873565973,0.055
270.1710267364278,0.055
270.1710747371958,0.055
270.1711227379638,0.049999997
270.1711707387318,0.049999997
270.1712187394998,0.06
270.1712667402678,0.055
270.1713147410358,0.055
270.1713627418039,0.055
270.1714107425719,0.055
270.1714587433399,0.055
270.1715067441079,0.055
270.1715547448759,0.055
270.1716027456439,0.055
270.1716507464119,0.055
270.17169874717996,0.055
270.17174674794796,0.055
270.17179474871597,0.055
270.171842749484,0.055
270.171890750252,0.049999997
270.17193875102,0.055
270.17198675178804,0.055
270.17203475255604,0.049999997
270.17208275332405,0.055
270.17213075409205,0.049999997
270.17217875486006,0.055
270.17222675562806,0.049999997
270.17227475639606,0.06
270.1723227571641,0.049999997
270.17237075793213,0.049999997
270.17241875870013,0.049999997
270.17246675946814,0.055
270.17251476023614,0.055
270.17256276100414,0.055
270.17261076177215,0.06
270.1726587625402,0.06
270.1727067633082,0.055
270.1727547640762,0.055
270.1728027648442,0.049999997
270.1728507656122,0.055
270.17289876638023,0.049999997
270.17294676714823,0.055
270.1729947679163,0.049999997
270.1730427686843,0.055
270.1730907694523,0.049999997
270.1731387702203,0.055
270.1731867709883,0.049999997
270.1732347717563,0.055
270.1732827725243,0.055
270.1733307732924,0.055
270.1733787740604,0.049999997
270.1734267748284,0.055
270.1734747755964,0.055
270.1735227763644,0.055
270.1735707771324,0.055
270.17361877790046,0.055
270.17366677866846,0.049999997
270.17371477943647,0.049999997
270.17376278020447,0.049999997
270.1738107809725,0.049999997
270.1738587817405,0.049999997
270.1739067825085,0.049999997
270.17395478327654,0.044999998
270.17400278404455,0.055
270.17405078481255,0.049999997
270.17409878558055,0.055
270.17414678634856,0.055
270.17419478711656,0.06
270.17424278788457,0.055
270.1742907886526,0.065
270.17433878942063,0.055
270.17438679018863,0.055
270.17443479095664,0.055
270.17448279172464,0.055
270.17453079249265,0.055
270.17457879326065,0.055
270.1746267940287,0.06
270.1746747947967,0.055
270.1747227955647,0.055
270.1747707963327,0.06
270.1748187971007,0.055
270.17486679786873,0.06
270.17491479863673,0.055
270.1749627994048,0.06
270.1750108001728,0.055
270.1750588009408,0.055
270.1751068017088,0.049999997
270.1751548024768,0.049999997
270.1752028032448,0.055
270.1752508040129,0.049999997
270.1752988047809,0.055
270.1753468055489,0.049999997
270.1753948063169,0.055
270.1754428070849,0.049999997
270.1754908078529,0.055
270.1755388086209,0.055
270.17558680938896,0.055
270.17563481015696,0.055
270.17568281092497,0.049999997
270.175730811693,0.049999997
270.175778812461,0.055
270.175826813229,0.049999997
270.175874813997,0.055
270.17592281476504,0.049999997
270.17597081553305,0.055
270.17601881630105,0.055
270.17606681706906,0.06
270.17611481783706,0.055
270.17616281860506,0.049999997
270.17621081937307,0.049999997
270.17625882014113,0.055
270.17630682090913,0.055
270.17635482167714,0.06
270.17640282244514,0.055
270.17645082321314,0.055
270.17649882398115,0.055
270.17654682474915,0.06
270.1765948255172,0.049999997
270.1766428262852,0.055
270.1766908270532,0.055
270.1767388278212,0.055
270.17678682858923,0.055
270.17683482935723,0.055
270.17688283012524,0.055
270.1769308308933,0.055
270.1769788316613,0.06
270.1770268324293,0.049999997
270.1770748331973,0.055
270.1771228339653,0.049999997
270.1771708347333,0.055
270.1772188355014,0.049999997
270.1772668362694,0.055
270.1773148370374,0.049999997
270.1773628378054,0.055
270.1774108385734,0.049999997
270.1774588393414,0.055
270.1775068401094,0.06
270.17755484087746,0.055
270.17760284164547,0.055
270.17765084241347,0.055
270.1776988431815,0.055
270.1777468439495,0.055
270.1777948447175,0.055
270.1778428454855,0.055
270.17789084625355,0.049999997
270.17793884702155,0.055
270.17798684778955,0.055
270.17803484855756,0.055
270.17808284932556,0.049999997
270.17813085009357,0.055
270.17817885086157,0.049999997
270.17822685162963,0.055
270.17827485239764,0.055
270.17832285316564,0.055
270.17837085393364,0.055
270.17841885470165,0.055
270.17846685546965,0.055
270.17851485623765,0.049999997
270.1785628570057,0.049999997
270.1786108577737,0.049999997
270.1786588585417,0.049999997
270.1787068593097,0.055
270.17875486007773,0.049999997
270.17880286084574,0.055
270.1788508616138,0.049999997
270.1788988623818,0.055
270.1789468631498,0.055
270.1789948639178,0.055
270.1790428646858,0.049999997
270.1790908654538,0.06
270.1791388662218,0.055
270.1791868669899,0.055
270.1792348677579,0.055
270.1792828685259,0.055
270.1793308692939,0.055
270.1793788700619,0.055
270.1794268708299,0.055
270.1794748715979,0.055
270.17952287236596,0.055
270.17957087313397,0.055
270.179618873902,0.06
270.17966687467,0.055
270.179714875438,0.06
270.179762876206,0.049999997
270.179810876974,0.049999997
270.17985887774205,0.055
270.17990687851005,0.055
270.17995487927806,0.049999997
270.18000288004606,0.049999997
270.18005088081406,0.055
270.18009888158207,0.055
270.1801468823501,0.06
270.18019488311813,0.049999997
270.18024288388614,0.055
270.18029088465414,0.055
270.18033888542215,0.055
270.18038688619015,0.055
270.18043488695815,0.055
270.1804828877262,0.055
270.1805308884942,0.049999997
270.1805788892622,0.055
270.1806268900302,0.049999997
270.18067489079823,0.055
270.18072289156623,0.055
270.18077089233424,0.055
270.1808188931023,0.044999998
270.1808668938703,0.055
270.1809148946383,0.055
270.1809628954063,0.055
270.1810108961743,0.055
270.1810588969423,0.055
270.1811068977103,0.055
270.1811548984784,0.055
270.1812028992464,0.055
270.1812509000144,0.055
270.1812989007824,0.055
270.1813469015504,0.055
270.1813949023184,0.049999997
270.1814429030864,0.055
270.18149090385447,0.055
270.18153890462247,0.055
270.1815869053905,0.049999997
270.1816349061585,0.055
270.1816829069265,0.055
270.1817309076945,0.06
270.1817789084625,0.049999997
270.18182690923055,0.055
270.18187490999856,0.055
270.18192291076656,0.055
270.18197091153456,0.049999997
270.18201891230257,0.049999997
270.18206691307057,0.055
270.18211491383863,0.055
270.18216291460664,0.055
270.18221091537464,0.049999997
270.18225891614264,0.044999998
270.18230691691065,0.055
270.18235491767865,0.049999997
270.18240291844666,0.055
270.1824509192147,0.06
270.1824989199827,0.055
270.1825469207507,0.055
270.1825949215187,0.055
270.18264292228673,0.055
270.18269092305474,0.055
270.18273892382274,0.055
270.1827869245908,0.055
270.1828349253588,0.049999997
270.1828829261268,0.055
270.1829309268948,0.049999997
270.1829789276628,0.055
270.1830269284308,0.055
270.1830749291988,0.055
270.1831229299669,0.049999997
270.1831709307349,0.055
270.1832189315029,0.055
270.1832669322709,0.055
270.1833149330389,0.049999997
270.1833629338069,0.055
270.1834109345749,0.055
270.18345893534297,0.055
270.183506936111,0.055
270.183554936879,0.055
270.183602937647,0.055
270.183650938415,0.055
270.183698939183,0.055
270.18374693995105,0.06
270.18379494071905,0.055
270.18384294148706,0.06
270.18389094225506,0.055
270.18393894302307,0.06
270.18398694379107,0.055
270.1840349445591,0.049999997
270.18408294532713,0.049999997
270.18413094609514,0.06
270.18417894686314,0.055
270.18422694763115,0.055
270.18427494839915,0.049999997
270.18432294916715,0.055
270.18437094993516,0.055
270.1844189507032,0.055
270.1844669514712,0.055
270.1845149522392,0.055
270.18456295300723,0.055
270.18461095377523,0.049999997
270.18465895454324,0.055
270.18470695531124,0.049999997
270.1847549560793,0.055
270.1848029568473,0.049999997
270.1848509576153,0.055
270.1848989583833,0.055
270.1849469591513,0.055
270.1849949599193,0.049999997
270.1850429606873,0.055
270.1850909614554,0.06
270.1851389622234,0.055
270.1851869629914,0.055
270.1852349637594,0.049999997
270.1852829645274,0.055
270.1853309652954,0.055
270.18537896606347,0.049999997
270.18542696683147,0.055
270.1854749675995,0.049999997
270.1855229683675,0.06
270.1855709691355,0.049999997
270.1856189699035,0.065
270.1856669706715,0.06
270.18571497143955,0.06
270.18576297220756,0.055
270.18581097297556,0.055
270.18585897374356,0.06
270.18590697451157,0.065
270.18595497527957,0.06
270.1860029760476,0.055
270.18605097681564,0.055
270.18609897758364,0.049999997
270.18614697835164,0.055
270.18619497911965,0.049999997
270.18624297988765,0.055
270.18629098065566,0.055
270.18633898142366,0.049999997
270.1863869821917,0.055
270.1864349829597,0.049999997
270.18648298372773,0.055
270.18653098449573,0.055
270.18657898526374,0.055
270.18662698603174,0.055
270.18667498679974,0.055
270.1867229875678,0.055
270.1867709883358,0.055
270.1868189891038,0.055
270.1868669898718,0.055
270.1869149906398,0.055
270.1869629914078,0.055
270.1870109921759,0.055
270.1870589929439,0.055
270.1871069937119,0.049999997
270.1871549944799,0.06
270.1872029952479,0.055
270.1872509960159,0.055
270.1872989967839,0.049999997
270.18734699755197,0.055
270.18739499832,0.055
270.187442999088,0.055
270.187490999856,0.055
270.187539000624,0.055
270.187587001392,0.055
270.18763500216,0.049999997
270.18768300292805,0.055
270.18773100369606,0.055
270.18777900446406,0.055
270.18782700523207,0.055
270.18787500600007,0.055
270.1879230067681,0.055
270.1879710075361,0.055
270.18801900830414,0.055
270.18806700907214,0.055
270.18811500984015,0.055
270.18816301060815,0.055
270.18821101137615,0.055
270.18825901214416,0.055
270.18830701291216,0.049999997
270.1883550136802,0.055
270.1884030144482,0.049999997
270.18845101521623,0.049999997
270.18849901598423,0.049999997
270.18854701675224,0.055
270.18859501752024,0.055
270.1886430182883,0.055
270.1886910190563,0.055
270.1887390198243,0.055
270.1887870205923,0.049999997
270.1888350213603,0.055
270.1888830221283,0.049999997
270.1889310228963,0.055
270.1889790236644,0.049999997
270.1890270244324,0.06
270.1890750252004,0.049999997
270.1891230259684,0.055
270.1891710267364,0.049999997
270.1892190275044,0.06
270.1892670282724,0.055
270.1893150290405,0.055
270.1893630298085,0.055
270.1894110305765,0.055
270.1894590313445,0.049999997
270.1895070321125,0.049999997
270.1895550328805,0.055
270.1896030336485,0.055
270.18965103441656,0.055
270.18969903518456,0.055
270.18974703595256,0.055
270.18979503672057,0.055
270.1898430374886,0.055
270.1898910382566,0.055
270.1899390390246,0.049999997
270.18998703979264,0.055
270.19003504056064,0.055
270.19008304132865,0.055
270.19013104209665,0.055
270.19017904286466,0.055
270.19022704363266,0.055
270.1902750444007,0.049999997
270.1903230451687,0.055
270.19037104593673,0.055
270.19041904670473,0.055
270.19046704747274,0.055
270.19051504824074,0.055
270.19056304900874,0.055
270.1906110497768,0.06
270.1906590505448,0.049999997
270.1907070513128,0.049999997
270.1907550520808,0.049999997
270.1908030528488,0.049999997
270.1908510536168,0.055
270.19089905438483,0.049999997
270.1909470551529,0.055
270.1909950559209,0.049999997
270.1910430566889,0.06
270.1910910574569,0.06
270.1911390582249,0.055
270.1911870589929,0.055
270.1912350597609,0.055
270.191283060529,0.055
270.191331061297,0.049999997
270.191379062065,0.055
270.191427062833,0.055
270.191475063601,0.049999997
270.191523064369,0.049999997
270.191571065137,0.055
270.19161906590506,0.055
270.19166706667306,0.055
270.19171506744107,0.049999997
270.19176306820907,0.055
270.1918110689771,0.049999997
270.1918590697451,0.055
270.19190707051314,0.055
270.19195507128114,0.055
270.19200307204915,0.055
270.19205107281715,0.06
270.19209907358515,0.055
270.19214707435316,0.055
270.19219507512116,0.049999997
270.1922430758892,0.055
270.1922910766572,0.06
270.19233907742523,0.055
270.19238707819324,0.055
270.19243507896124,0.055
270.19248307972924,0.055
270.19253108049725,0.055
270.1925790812653,0.055
270.1926270820333,0.055
270.1926750828013,0.055
270.1927230835693,0.055
270.1927710843373,0.055
270.1928190851053,0.055
270.19286708587333,0.055
270.1929150866414,0.049999997
270.1929630874094,0.055
270.1930110881774,0.055
270.1930590889454,0.049999997
270.1931070897134,0.049999997
270.1931550904814,0.055
270.1932030912494,0.055
270.1932510920175,0.055
270.1932990927855,0.055
270.1933470935535,0.055
270.1933950943215,0.055
270.1934430950895,0.055
270.1934910958575,0.06
270.19353909662556,0.055
270.19358709739356,0.055
270.19363509816156,0.055
270.19368309892957,0.055
270.1937310996976,0.055
270.1937791004656,0.055
270.1938271012336,0.055
270.19387510200164,0.055
270.19392310276965,0.049999997
270.19397110353765,0.055
270.19401910430565,0.049999997
270.19406710507366,0.049999997
270.19411510584166,0.055
270.19416310660966,0.049999997
270.1942111073777,0.055
270.19425910814573,0.06
270.19430710891373,0.055
270.19435510968174,0.055
270.19440311044974,0.06
270.19445111121775,0.055
270.19449911198575,0.055
270.1945471127538,0.049999997
270.1945951135218,0.055
270.1946431142898,0.049999997
270.1946911150578,0.055
270.1947391158258,0.055
270.19478711659383,0.049999997
270.19483511736183,0.06
270.1948831181299,0.055
270.1949311188979,0.06
270.1949791196659,0.055
270.1950271204339,0.049999997
270.1950751212019,0.055
270.1951231219699,0.049999997
270.195171122738,0.049999997
270.195219123506,0.055
270.195267124274,0.055
270.195315125042,0.055
270.19536312581,0.049999997
270.195411126578,0.06
270.195459127346,0.049999997
270.19550712811406,0.055
270.19555512888206,0.055
270.19560312965007,0.06
270.19565113041807,0.055
270.1956991311861,0.055
270.1957471319541,0.049999997
270.1957951327221,0.055
270.19584313349014,0.055
270.19589113425815,0.055
270.19593913502615,0.055
270.19598713579416,0.055
270.19603513656216,0.06
270.19608313733016,0.055
270.19613113809817,0.055
270.1961791388662,0.055
270.19622713963423,0.055
270.19627514040224,0.055
270.19632314117024,0.055
270.19637114193824,0.055
270.19641914270625,0.055
270.19646714347425,0.06
270.1965151442423,0.055
270.1965631450103,0.055
270.1966111457783,0.055
270.1966591465463,0.055
270.1967071473143,0.055
270.19675514808233,0.055
270.1968031488504,0.06
270.1968511496184,0.055
270.1968991503864,0.055
270.1969471511544,0.049999997
270.1969951519224,0.055
270.1970431526904,0.055
270.1970911534584,0.055
270.1971391542265,0.055
270.1971871549945,0.049999997
270.1972351557625,0.055
270.1972831565305,0.055
270.1973311572985,0.049999997
270.1973791580665,0.055
270.1974271588345,0.049999997
270.19747515960256,0.055
270.19752316037057,0.049999997
270.19757116113857,0.055
270.1976191619066,0.055
270.1976671626746,0.055
270.1977151634426,0.055
270.1977631642106,0.06
270.19781116497865,0.049999997
270.19785916574665,0.055
270.19790716651465,0.055
270.19795516728266,0.049999997
270.19800316805066,0.055
270.19805116881867,0.055
270.19809916958667,0.055
270.19814717035473,0.055
270.19819517112273,0.06
270.19824317189074,0.055
270.19829117265874,0.055
270.19833917342675,0.055
270.19838717419475,0.055
270.1984351749628,0.06
270.1984831757308,0.055
270.1985311764988,0.055
270.1985791772668,0.055
270.1986271780348,0.055
270.19867517880283,0.055
270.19872317957083,0.049999997
270.1987711803389,0.055
270.1988191811069,0.055
270.1988671818749,0.055
270.1989151826429,0.049999997
270.1989631834109,0.055
270.1990111841789,0.055
270.1990591849469,0.055
270.199107185715,0.055
270.199155186483,0.055
270.199203187251,0.049999997
270.199251188019,0.055
270.199299188787,0.049999997
270.199347189555,0.055
270.199395190323,0.049999997
270.19944319109106,0.055
270.19949119185907,0.055
270.19953919262707,0.055
270.1995871933951,0.049999997
270.1996351941631,0.049999997
270.1996831949311,0.055
270.1997311956991,0.055
270.19977919646715,0.055
270.19982719723515,0.055
270.19987519800316,0.06
270.19992319877116,0.055
270.19997119953916,0.055
270.20001920030717,0.06
270.2000672010752,0.044999998
270.20011520184323,0.055
270.20016320261124,0.055
270.20021120337924,0.055
270.20025920414724,0.049999997
270.20030720491525,0.055
270.20035520568325,0.055
270.2004032064513,0.049999997
270.2004512072193,0.055
270.2004992079873,0.055
270.2005472087553,0.06
270.2005952095233,0.055
270.20064321029133,0.055
270.20069121105934,0.049999997
270.2007392118274,0.06
270.2007872125954,0.055
270.2008352133634,0.049999997
270.2008832141314,0.055
270.2009312148994,0.055
270.2009792156674,0.055
270.2010272164354,0.055
270.2010752172035,0.055
270.2011232179715,0.049999997
270.2011712187395,0.055
270.2012192195075,0.055
270.2012672202755,0.055
270.2013152210435,0.049999997
270.2013632218115,0.055
270.20141122257957,0.055
270.20145922334757,0.055
270.2015072241156,0.049999997
270.2015552248836,0.055
270.2016032256516,0.049999997
270.2016512264196,0.06
270.20169922718765,0.055
270.20174722795565,0.055
270.20179522872365,0.055
270.20184322949166,0.055
270.20189123025966,0.049999997
270.20193923102767,0.055
270.20198723179567,0.055
270.20203523256373,0.06
270.20208323333173,0.055
270.20213123409974,0.06
270.20217923486774,0.049999997
270.20222723563575,0.055
270.20227523640375,0.055
270.20232323717175,0.055
270.2023712379398,0.055
270.2024192387078,0.055
270.2024672394758,0.055
270.2025152402438,0.049999997
270.20256324101183,0.065
270.20261124177983,0.044999998
270.20265924254784,0.055
270.2027072433159,0.055
270.2027552440839,0.055
270.2028032448519,0.049999997
270.2028512456199,0.055
270.2028992463879,0.055
270.2029472471559,0.055
270.2029952479239,0.055
270.203043248692,0.055
270.20309124946,0.055
270.203139250228,0.055
270.203187250996,0.055
270.203235251764,0.055
270.203283252532,0.06
270.20333125330006,0.055
270.20337925406807,0.06
270.2034272548361,0.049999997
270.2034752556041,0.049999997
270.2035232563721,0.055
270.2035712571401,0.06
270.2036192579081,0.055
270.20366725867615,0.06
270.20371525944415,0.06
270.20376326021216,0.049999997
270.20381126098016,0.055
270.20385926174816,0.049999997
270.20390726251617,0.055
270.2039552632842,0.055
270.20400326405223,0.055
270.20405126482024,0.049999997
270.20409926558824,0.049999997
270.20414726635624,0.055
270.20419526712425,0.049999997
270.20424326789225,0.049999997
270.20429126866026,0.055
270.2043392694283,0.049999997
270.2043872701963,0.055
270.2044352709643,0.049999997
270.20448327173233,0.055
270.20453127250033,0.055
270.20457927326834,0.049999997
270.20462727403634,0.049999997
270.2046752748044,0.055
270.2047232755724,0.055
270.2047712763404,0.055
270.2048192771084,0.055
270.2048672778764,0.055
270.2049152786444,0.055
270.2049632794125,0.06
270.2050112801805,0.055
270.2050592809485,0.044999998
270.2051072817165,0.055
270.2051552824845,0.055
270.2052032832525,0.06
270.2052512840205,0.049999997
270.20529928478857,0.06
270.20534728555657,0.055
270.2053952863246,0.055
270.2054432870926,0.055
270.2054912878606,0.06
270.2055392886286,0.055
270.2055872893966,0.06
270.20563529016465,0.055
270.20568329093265,0.055
270.20573129170066,0.055
270.20577929246866,0.055
270.20582729323667,0.06
270.20587529400467,0.055
270.2059232947727,0.049999997
270.20597129554073,0.055
270.20601929630874,0.055
270.20606729707674,0.049999997
270.20611529784475,0.055
270.20616329861275,0.055
270.20621129938075,0.06
270.20625930014876,0.055
270.2063073009168,0.055
270.2063553016848,0.055
270.2064033024528,0.055
270.20645130322083,0.049999997
270.20649930398883,0.055
270.20654730475684,0.049999997
270.2065953055249,0.055
270.2066433062929,0.055
270.2066913070609,0.055
270.2067393078289,0.055
270.2067873085969,0.055
270.2068353093649,0.049999997
270.2068833101329,0.049999997
270.206931310901,0.055
270.206979311669,0.049999997
270.207027312437,0.055
270.207075313205,0.055
270.207123313973,0.055
270.207171314741,0.049999997
270.207219315509,0.055
270.20726731627707,0.055
270.2073153170451,0.055
270.2073633178131,0.055
270.2074113185811,0.055
270.2074593193491,0.055
270.2075073201171,0.055
270.2075553208851,0.055
270.20760332165315,0.055
270.20765132242116,0.049999997
270.20769932318916,0.055
270.20774732395716,0.055
270.20779532472517,0.055
270.2078433254932,0.055
270.2078913262612,0.055
270.20793932702924,0.055
270.20798732779724,0.055
270.20803532856524,0.055
270.20808332933325,0.055
270.20813133010125,0.055
270.20817933086926,0.06
270.2082273316373,0.049999997
270.2082753324053,0.049999997
270.2083233331733,0.049999997
270.20837133394133,0.049999997
270.20841933470933,0.049999997
270.20846733547734,0.049999997
270.20851533624534,0.055
270.2085633370134,0.049999997
270.2086113377814,0.06
270.2086593385494,0.055
270.2087073393174,0.06
270.2087553400854,0.055
270.2088033408534,0.06
270.2088513416214,0.055
270.2088993423895,0.055
270.2089473431575,0.055
270.2089953439255,0.049999997
270.2090433446935,0.055
270.2090913454615,0.055
270.2091393462295,0.055
270.2091873469975,0.055
270.20923534776557,0.055
270.2092833485336,0.049999997
270.2093313493016,0.055
270.2093793500696,0.055
270.2094273508376,0.055
270.2094753516056,0.055
270.2095233523736,0.055
270.20957135314165,0.055
270.20961935390966,0.06
270.20966735467766,0.055
270.20971535544567,0.06
270.20976335621367,0.049999997
270.2098113569817,0.055
270.20985935774974,0.049999997
270.20990735851774,0.055
270.20995535928574,0.055
270.21000336005375,0.055
270.21005136082175,0.049999997
270.21009936158976,0.055
270.21014736235776,0.055
270.2101953631258,0.055
270.2102433638938,0.055
270.2102913646618,0.049999997
270.21033936542983,0.06
270.21038736619784,0.049999997
270.21043536696584,0.055
270.21048336773384,0.049999997
270.2105313685019,0.055
270.2105793692699,0.049999997
270.2106273700379,0.049999997
270.2106753708059,0.049999997
270.2107233715739,0.049999997
270.2107713723419,0.055
270.2108193731099,0.049999997
270.210867373878,0.055
270.210915374646,0.049999997
270.210963375414,0.06
270.211011376182,0.055
270.21105937695,0.049999997
270.211107377718,0.049999997
270.211155378486,0.055
270.2112033792541,0.055
270.2112513800221,0.055
270.2112993807901,0.049999997
270.2113473815581,0.055
270.2113953823261,0.055
270.2114433830941,0.055
270.21149138386215,0.055
270.21153938463016,0.055
270.21158738539816,0.06
270.21163538616617,0.049999997
270.21168338693417,0.055
270.2117313877022,0.049999997
270.2117793884702,0.055
270.21182738923824,0.055
270.21187539000624,0.055
270.21192339077425,0.055
270.21197139154225,0.06
270.21201939231025,0.055
270.21206739307826,0.055
270.21211539384626,0.06
270.2121633946143,0.055
270.2122113953823,0.06
270.21225939615033,0.06
270.21230739691833,0.055
270.21235539768634,0.055
270.21240339845434,0.049999997
270.21245139922235,0.044999998
270.2124993999904,0.049999997
270.2125474007584,0.055
270.2125954015264,0.055
270.2126434022944,0.06
270.2126914030624,0.055
270.2127394038304,0.055
270.21278740459843,0.055
270.2128354053665,0.055
270.2128834061345,0.055
270.2129314069025,0.055
270.2129794076705,0.049999997
270.2130274084385,0.049999997
270.2130754092065,0.049999997
270.21312340997457,0.055
270.2131714107426,0.049999997
270.2132194115106,0.049999997
270.2132674122786,0.055
270.2133154130466,0.049999997
270.2133634138146,0.055
270.2134114145826,0.055
270.21345941535066,0.049999997
270.21350741611866,0.049999997
270.21355541688666,0.049999997
270.21360341765467,0.055
270.21365141842267,0.055
270.2136994191907,0.049999997
270.2137474199587,0.055
270.21379542072674,0.055
270.21384342149474,0.055
270.21389142226275,0.049999997
270.21393942303075,0.049999997
270.21398742379876,0.055
270.21403542456676,0.06
270.21408342533476,0.055
270.2141314261028,0.055
270.2141794268708,0.055
270.21422742763883,0.055
270.21427542840684,0.049999997
270.21432342917484,0.055
270.21437142994284,0.049999997
270.21441943071085,0.055
270.2144674314789,0.049999997
270.2145154322469,0.055
270.2145634330149,0.049999997
270.2146114337829,0.06
270.2146594345509,0.049999997
270.2147074353189,0.055
270.214755436087,0.049999997
270.214803436855,0.06
270.214851437623,0.049999997
270.214899438391,0.06
270.214947439159,0.055
270.214995439927,0.065
270.215043440695,0.055
270.2150914414631,0.049999997
270.2151394422311,0.055
270.2151874429991,0.06
270.2152354437671,0.055
270.2152834445351,0.06
270.2153314453031,0.055
270.2153794460711,0.06
270.21542744683916,0.055
270.21547544760716,0.06
270.21552344837517,0.055
270.21557144914317,0.049999997
270.2156194499112,0.055
270.2156674506792,0.049999997
270.2157154514472,0.055
270.21576345221524,0.055
270.21581145298325,0.049999997
270.21585945375125,0.049999997
270.21590745451925,0.049999997
270.21595545528726,0.049999997
270.21600345605526,0.055
270.21605145682327,0.055
270.2160994575913,0.055
270.21614745835933,0.055
270.21619545912733,0.055
270.21624345989534,0.055
270.21629146066334,0.055
270.21633946143135,0.06
270.2163874621994,0.049999997
270.2164354629674,0.055
270.2164834637354,0.055
270.2165314645034,0.055
270.2165794652714,0.049999997
270.2166274660394,0.055
270.21667546680743,0.049999997
270.2167234675755,0.049999997
270.2167714683435,0.055
270.2168194691115,0.055
270.2168674698795,0.055
270.2169154706475,0.055
270.2169634714155,0.055
270.2170114721835,0.049999997
270.2170594729516,0.055
270.2171074737196,0.055
270.2171554744876,0.055
270.2172034752556,0.055
270.2172514760236,0.055
270.2172994767916,0.055
270.2173474775596,0.049999997
270.21739547832766,0.055
270.21744347909566,0.049999997
270.21749147986367,0.049999997
270.2175394806317,0.049999997
270.2175874813997,0.055
270.2176354821677,0.055
270.2176834829357,0.049999997
270.21773148370374,0.055
270.21777948447175,0.055
270.21782748523975,0.06
270.21787548600776,0.055
270.21792348677576,0.06
270.21797148754376,0.055
270.2180194883118,0.06
270.21806748907983,0.06
270.21811548984783,0.049999997
270.21816349061584,0.055
270.21821149138384,0.055
270.21825949215184,0.055
270.21830749291985,0.055
270.2183554936879,0.055
270.2184034944559,0.055
270.2184514952239,0.055
270.2184994959919,0.055
270.2185474967599,0.055
270.21859549752793,0.055
270.21864349829593,0.06
270.218691499064,0.055
270.218739499832,0.055
270.2187875006,0.06
270.218835501368,0.055
270.218883502136,0.049999997
270.218931502904,0.055
270.218979503672,0.049999997
270.2190275044401,0.049999997
270.2190755052081,0.049999997
270.2191235059761,0.049999997
270.2191715067441,0.049999997
270.2192195075121,0.049999997
270.2192675082801,0.049999997
270.2193155090481,0.055
270.21936350981616,0.055
270.21941151058417,0.06
270.21945951135217,0.06
270.2195075121202,0.049999997
270.2195555128882,0.055
270.2196035136562,0.049999997
270.2196515144242,0.055
270.21969951519225,0.055
270.21974751596025,0.055
270.21979551672825,0.055
270.21984351749626,0.055
270.21989151826426,0.055
270.21993951903227,0.055
270.2199875198003,0.055
270.22003552056833,0.049999997
270.22008352133633,0.055
270.22013152210434,0.055
270.22017952287234,0.055
270.22022752364035,0.06
270.22027552440835,0.055
270.2203235251764,0.055
270.2203715259444,0.055
270.2204195267124,0.06
270.2204675274804,0.055
270.2205155282484,0.055
270.22056352901643,0.055
270.22061152978443,0.055
270.2206595305525,0.055
270.2207075313205,0.055
270.2207555320885,0.055
270.2208035328565,0.055
270.2208515336245,0.055
270.2208995343925,0.049999997
270.2209475351605,0.055
270.2209955359286,0.049999997
270.2210435366966,0.055
270.2210915374646,0.055
270.2211395382326,0.049999997
270.2211875390006,0.055
270.2212355397686,0.049999997
270.2212835405366,0.055
270.22133154130466,0.049999997
270.22137954207267,0.06
270.2214275428407,0.055
270.2214755436087,0.06
270.2215235443767,0.055
270.2215715451447,0.06
270.22161954591274,0.055
270.22166754668075,0.049999997
270.22171554744875,0.049999997
270.22176354821676,0.049999997
270.22181154898476,0.055
270.22185954975276,0.049999997
270.22190755052077,0.049999997
270.22195555128883,0.055
270.22200355205683,0.055
270.22205155282484,0.055
270.22209955359284,0.049999997
270.22214755436084,0.055
270.22219555512885,0.055
270.22224355589685,0.055
270.2222915566649,0.06
270.2223395574329,0.055
270.2223875582009,0.055
270.2224355589689,0.055
270.22248355973693,0.049999997
270.22253156050493,0.049999997
270.22257956127294,0.055
270.222627562041,0.049999997
270.222675562809,0.06
270.222723563577,0.055
270.222771564345,0.055
270.222819565113,0.055
270.222867565881,0.06
270.222915566649,0.055
270.2229635674171,0.055
270.2230115681851,0.055
270.2230595689531,0.055
270.2231075697211,0.055
270.2231555704891,0.055
270.2232035712571,0.055
270.22325157202516,0.049999997
270.22329957279317,0.055
270.22334757356117,0.055
270.2233955743292,0.049999997
270.2234435750972,0.049999997
270.2234915758652,0.055
270.2235395766332,0.055
270.22358757740125,0.055
270.22363557816925,0.055
270.22368357893725,0.049999997
270.22373157970526,0.055
270.22377958047326,0.049999997
270.22382758124127,0.055
270.22387558200927,0.055
270.22392358277733,0.055
270.22397158354534,0.049999997
270.22401958431334,0.049999997
270.22406758508134,0.055
270.22411558584935,0.049999997
270.22416358661735,0.055
270.22421158738535,0.055
270.2242595881534,0.055
270.2243075889214,0.055
270.2243555896894,0.055
270.2244035904574,0.049999997
270.22445159122543,0.055
270.22449959199344,0.055
270.22454759276144,0.055
270.2245955935295,0.049999997
270.2246435942975,0.055
270.2246915950655,0.06
270.2247395958335,0.049999997
270.2247875966015,0.055
270.2248355973695,0.049999997
270.2248835981376,0.049999997
270.2249315989056,0.049999997
270.2249795996736,0.055
270.2250276004416,0.049999997
270.2250756012096,0.049999997
270.2251236019776,0.06
270.2251716027456,0.055
270.22521960351366,0.06
270.22526760428167,0.049999997
270.2253156050497,0.055
270.2253636058177,0.055
270.2254116065857,0.06
270.2254596073537,0.049999997
270.2255076081217,0.06
270.22555560888975,0.055
270.22560360965775,0.06
270.22565161042576,0.055
270.22569961119376,0.06
270.22574761196176,0.06
270.22579561272977,0.049999997
270.2258436134978,0.055
270.22589161426583,0.049999997
270.22593961503384,0.055
270.22598761580184,0.055
270.22603561656985,0.055
270.22608361733785,0.055
270.22613161810585,0.055
270.22617961887386,0.055
270.2262276196419,0.055
270.2262756204099,0.055
270.2263236211779,0.055
270.22637162194593,0.055
270.22641962271393,0.049999997
270.22646762348194,0.055
270.22651562425,0.055
270.226563625018,0.055
270.226611625786,0.055
270.226659626554,0.055
270.226707627322,0.055
270.22675562809,0.049999997
270.226803628858,0.055
270.2268516296261,0.049999997
270.2268996303941,0.055
270.2269476311621,0.055
270.2269956319301,0.055
270.2270436326981,0.055
270.2270916334661,0.055
270.2271396342341,0.055
270.22718763500217,0.049999997
270.22723563577017,0.055
270.2272836365382,0.049999997
270.2273316373062,0.055
270.2273796380742,0.055
270.2274276388422,0.049999997
270.2274756396102,0.055
270.22752364037825,0.049999997
270.22757164114626,0.055
270.22761964191426,0.055
270.22766764268226,0.06
270.22771564345027,0.055
270.22776364421827,0.055
270.2278116449863,0.055
270.22785964575434,0.055
270.22790764652234,0.055
270.22795564729034,0.055
270.22800364805835,0.055
270.22805164882635,0.055
270.22809964959436,0.055
270.2281476503624,0.06
270.2281956511304,0.055
270.2282436518984,0.055
270.2282916526664,0.055
270.22833965343443,0.055
270.22838765420244,0.049999997
270.22843565497044,0.049999997
270.2284836557385,0.055
270.2285316565065,0.055
270.2285796572745,0.049999997
270.2286276580425,0.06
270.2286756588105,0.055
270.2287236595785,0.055
270.2287716603465,0.055
270.2288196611146,0.055
270.2288676618826,0.055
270.2289156626506,0.055
270.2289636634186,0.055
270.2290116641866,0.055
270.2290596649546,0.055
270.2291076657226,0.055
270.22915566649067,0.055
270.2292036672587,0.055
270.2292516680267,0.055
270.2292996687947,0.055
270.2293476695627,0.055
270.2293956703307,0.06
270.2294436710987,0.055
270.22949167186675,0.055
270.22953967263476,0.06
270.22958767340276,0.049999997
270.22963567417077,0.055
270.22968367493877,0.049999997
270.2297316757068,0.055
270.22977967647483,0.049999997
270.22982767724284,0.049999997
270.22987567801084,0.049999997
270.22992367877885,0.055
270.22997167954685,0.055
270.23001968031485,0.055
270.23006768108286,0.055
270.2301156818509,0.06
270.2301636826189,0.055
270.2302116833869,0.049999997
270.23025968415493,0.049999997
270.23030768492293,0.06
270.23035568569094,0.055
270.23040368645894,0.055
270.230451687227,0.055
270.230499687995,0.055
270.230547688763,0.049999997
270.230595689531,0.06
270.230643690299,0.055
270.230691691067,0.06
270.230739691835,0.055
270.2307876926031,0.055
270.2308356933711,0.055
270.2308836941391,0.06
270.2309316949071,0.055
270.2309796956751,0.049999997
270.2310276964431,0.06
270.2310756972111,0.049999997
270.23112369797917,0.06
270.2311716987472,0.055
270.2312196995152,0.055
270.2312677002832,0.055
270.2313157010512,0.055
270.2313637018192,0.055
270.23141170258725,0.06
270.23145970335526,0.055
270.23150770412326,0.055
270.23155570489126,0.055
270.23160370565927,0.055
270.2316517064273,0.055
270.2316997071953,0.055
270.23174770796334,0.055
270.23179570873134,0.055
270.23184370949934,0.055
270.23189171026735,0.055
270.23193971103535,0.055
270.23198771180336,0.055
270.23203571257136,0.049999997
270.2320837133394,0.055
270.2321317141074,0.055
270.23217971487543,0.055
270.23222771564343,0.049999997
270.23227571641144,0.049999997
270.23232371717944,0.049999997
270.23237171794744,0.055
270.2324197187155,0.049999997
270.2324677194835,0.055
270.2325157202515,0.055
270.2325637210195,0.055
270.2326117217875,0.055
270.2326597225555,0.055
270.23270772332353,0.055
270.2327557240916,0.055
270.2328037248596,0.049999997
270.2328517256276,0.06
270.2328997263956,0.055
270.2329477271636,0.055
270.2329957279316,0.049999997
270.23304372869967,0.055
270.2330917294677,0.049999997
270.2331397302357,0.055
270.2331877310037,0.049999997
270.2332357317717,0.049999997
270.2332837325397,0.055
270.2333317333077,0.055
270.23337973407575,0.055
270.23342773484376,0.055
270.23347573561176,0.06
270.23352373637977,0.055
270.23357173714777,0.055
270.2336197379158,0.049999997
270.2336677386838,0.065
270.23371573945184,0.06
270.23376374021984,0.065
270.23381174098785,0.055
270.23385974175585,0.06
270.23390774252385,0.055
270.23395574329186,0.049999997
270.23400374405986,0.055
270.2340517448279,0.049999997
270.2340997455959,0.055
270.23414774636393,0.055
270.23419574713193,0.055
270.23424374789994,0.049999997
270.23429174866794,0.055
270.23433974943595,0.06
270.234387750204,0.055
270.234435750972,0.055
270.23448375174,0.055
270.234531752508,0.055
270.234579753276,0.055
270.234627754044,0.06
270.2346757548121,0.055
270.2347237555801,0.049999997
270.2347717563481,0.055
270.2348197571161,0.049999997
270.2348677578841,0.055
270.2349157586521,0.055
270.2349637594201,0.049999997
270.2350117601882,0.049999997
270.2350597609562,0.049999997
270.2351077617242,0.049999997
270.2351557624922,0.055
270.2352037632602,0.049999997
270.2352517640282,0.049999997
270.2352997647962,0.049999997
270.23534776556426,0.055
270.23539576633226,0.049999997
270.23544376710026,0.055
270.23549176786827,0.049999997
270.2355397686363,0.055
270.2355877694043,0.055
270.2356357701723,0.06
270.23568377094034,0.055
270.23573177170834,0.055
270.23577977247635,0.055
270.23582777324435,0.055
270.23587577401236,0.055
270.23592377478036,0.06
270.23597177554836,0.049999997
270.2360197763164,0.055
270.23606777708443,0.055
270.23611577785243,0.049999997
270.23616377862044,0.055
270.23621177938844,0.055
270.23625978015644,0.055
270.2363077809245,0.055
270.2363557816925,0.055
270.2364037824605,0.055
270.2364517832285,0.049999997
270.2364997839965,0.06
270.2365477847645,0.049999997
270.23659578553253,0.055
270.2366437863006,0.049999997
270.2366917870686,0.055
270.2367397878366,0.055
270.2367877886046,0.055
270.2368357893726,0.055
270.2368837901406,0.049999997
270.2369317909086,0.06
270.2369797916767,0.055
270.2370277924447,0.06
270.2370757932127,0.06
270.2371237939807,0.06
270.2371717947487,0.06
270.2372197955167,0.055
270.2372677962847,0.055
270.23731579705276,0.049999997
270.23736379782076,0.055
270.23741179858877,0.055
270.23745979935677,0.049999997
270.2375078001248,0.06
270.2375558008928,0.055
270.2376038016608,0.055
270.23765180242884,0.049999997
270.23769980319685,0.055
270.23774780396485,0.049999997
270.23779580473285,0.049999997
270.23784380550086,0.055
270.23789180626886,0.055
270.2379398070369,0.055
270.2379878078049,0.055
270.23803580857293,0.055
270.23808380934094,0.055
270.23813181010894,0.055
270.23817981087694,0.049999997
270.23822781164495,0.055
270.238275812413,0.055
270.238323813181,0.06
270.238371813949,0.049999997
270.238419814717,0.055
270.238467815485,0.049999997
270.238515816253,0.049999997
270.23856381702103,0.055
270.2386118177891,0.055
270.2386598185571,0.055
270.2387078193251,0.055
270.2387558200931,0.055
270.2388038208611,0.049999997
270.2388518216291,0.049999997
270.2388998223971,0.055
270.2389478231652,0.055
270.2389958239332,0.055
270.2390438247012,0.049999997
270.2390918254692,0.055
270.2391398262372,0.049999997
270.2391878270052,0.055
270.2392358277732,0.049999997
270.23928382854126,0.06
270.23933182930926,0.049999997
270.23937983007727,0.049999997
270.2394278308453,0.049999997
270.2394758316133,0.055
270.2395238323813,0.055
270.23957183314934,0.055
270.23961983391735,0.049999997
270.23966783468535,0.06
270.23971583545335,0.055
270.23976383622136,0.06
270.23981183698936,0.055
270.23985983775736,0.055
270.2399078385254,0.055
270.23995583929343,0.055
270.24000384006143,0.055
270.24005184082944,0.055
270.24009984159744,0.055
270.24014784236545,0.06
270.24019584313345,0.049999997
270.2402438439015,0.06
270.2402918446695,0.055
270.2403398454375,0.055
270.2403878462055,0.055
270.2404358469735,0.055
270.24048384774153,0.055
270.24053184850953,0.055
270.2405798492776,0.055
270.2406278500456,0.055
270.2406758508136,0.055
270.2407238515816,0.055
270.2407718523496,0.055
270.2408198531176,0.055
270.2408678538856,0.055
270.2409158546537,0.055
270.2409638554217,0.055
270.2410118561897,0.049999997
270.2410598569577,0.049999997
270.2411078577257,0.055
270.2411558584937,0.055
270.24120385926176,0.06
270.24125186002976,0.049999997
270.24129986079777,0.06
270.24134786156577,0.055
270.2413958623338,0.055
270.2414438631018,0.055
270.2414918638698,0.055
270.24153986463784,0.049999997
270.24158786540585,0.055
270.24163586617385,0.055
270.24168386694186,0.055
270.24173186770986,0.055
270.24177986847786,0.055
270.24182786924587,0.049999997
270.2418758700139,0.049999997
270.24192387078193,0.049999997
270.24197187154994,0.049999997
270.24201987231794,0.06
270.24206787308594,0.049999997
270.24211587385395,0.055
270.24216387462195,0.049999997
270.24221187539,0.06
270.242259876158,0.049999997
270.242307876926,0.055
270.242355877694,0.055
270.242403878462,0.055
270.24245187923003,0.055
270.24249987999804,0.049999997
270.2425478807661,0.06
270.2425958815341,0.065
270.2426438823021,0.06
270.2426918830701,0.049999997
270.2427398838381,0.049999997
270.2427878846061,0.049999997
270.2428358853742,0.055
270.2428838861422,0.06
270.2429318869102,0.055
270.2429798876782,0.055
270.2430278884462,0.055
270.2430758892142,0.055
270.2431238899822,0.049999997
270.24317189075026,0.055
270.24321989151827,0.055
270.24326789228627,0.055
270.2433158930543,0.055
270.2433638938223,0.049999997
270.2434118945903,0.055
270.2434598953583,0.049999997
270.24350789612635,0.055
270.24355589689435,0.049999997
270.24360389766235,0.049999997
270.24365189843036,0.055
270.24369989919836,0.055
270.24374789996637,0.055
270.24379590073437,0.049999997
270.24384390150243,0.055
270.24389190227043,0.055
270.24393990303844,0.055
270.24398790380644,0.055
270.24403590457445,0.049999997
270.24408390534245,0.055
270.24413190611045,0.055
270.2441799068785,0.049999997
270.2442279076465,0.06
270.2442759084145,0.049999997
270.2443239091825,0.049999997
270.24437190995053,0.055
270.24441991071853,0.044999998
270.2444679114866,0.055
270.2445159122546,0.055
270.2445639130226,0.055
270.2446119137906,0.049999997
270.2446599145586,0.06
270.2447079153266,0.055
270.2447559160946,0.06
270.2448039168627,0.049999997
270.2448519176307,0.06
270.2448999183987,0.055
270.2449479191667,0.06
270.2449959199347,0.055
270.2450439207027,0.06
270.2450919214707,0.06
270.24513992223876,0.049999997
270.24518792300677,0.055
270.24523592377477,0.049999997
270.2452839245428,0.049999997
270.2453319253108,0.055
270.2453799260788,0.055
270.2454279268468,0.055
270.24547592761485,0.055
270.24552392838285,0.06
270.24557192915086,0.055
270.24561992991886,0.055
270.24566793068686,0.049999997
270.24571593145487,0.055
270.24576393222287,0.055
270.24581193299093,0.049999997
270.24585993375894,0.055
270.24590793452694,0.049999997
270.24595593529494,0.055
270.24600393606295,0.049999997
270.24605193683095,0.049999997
270.246099937599,0.055
270.246147938367,0.055
270.246195939135,0.049999997
270.246243939903,0.055
270.24629194067103,0.055
270.24633994143903,0.055
270.24638794220704,0.055
270.2464359429751,0.055
270.2464839437431,0.055
270.2465319445111,0.049999997
270.2465799452791,0.049999997
270.2466279460471,0.055
270.2466759468151,0.055
270.2467239475831,0.049999997
270.2467719483512,0.055
270.2468199491192,0.055
270.2468679498872,0.055
270.2469159506552,0.055
270.2469639514232,0.055
270.2470119521912,0.055
270.2470599529592,0.055
270.24710795372727,0.055
270.24715595449527,0.055
270.2472039552633,0.049999997
270.2472519560313,0.055
270.2472999567993,0.055
270.2473479575673,0.055
270.2473959583353,0.049999997
270.24744395910335,0.055
270.24749195987135,0.055
270.24753996063936,0.049999997
270.24758796140736,0.055
270.24763596217537,0.055
270.24768396294337,0.055
270.24773196371143,0.049999997
270.24777996447943,0.049999997
270.24782796524744,0.049999997
270.24787596601544,0.055
270.24792396678345,0.049999997
270.24797196755145,0.055
270.24801996831945,0.049999997
270.2480679690875,0.055
270.2481159698555,0.049999997
270.2481639706235,0.055
270.2482119713915,0.049999997
270.24825997215953,0.055
270.24830797292753,0.044999998
270.24835597369554,0.055
270.2484039744636,0.055
270.2484519752316,0.06
270.2484999759996,0.055
270.2485479767676,0.06
270.2485959775356,0.06
270.2486439783036,0.049999997
270.2486919790716,0.055
270.2487399798397,0.049999997
270.2487879806077,0.055
270.2488359813757,0.049999997
270.2488839821437,0.06
270.2489319829117,0.055
270.2489799836797,0.055
270.2490279844477,0.055
270.24907598521577,0.055
270.2491239859838,0.055
270.2491719867518,0.06
270.2492199875198,0.055
270.2492679882878,0.055
270.2493159890558,0.055
270.24936398982385,0.055
270.24941199059185,0.055
270.24945999135986,0.055
270.24950799212786,0.055
270.24955599289586,0.055
270.24960399366387,0.055
270.2496519944319,0.055
270.24969999519993,0.049999997
270.24974799596794,0.06
270.24979599673594,0.049999997
270.24984399750394,0.055
270.24989199827195,0.049999997
270.24993999903995,0.049999997
270.24998799980796,0.055
270.250036000576,0.055
270.250084001344,0.049999997
270.250132002112,0.049999997
270.25018000288003,0.049999997
270.25022800364803,0.049999997
270.25027600441604,0.049999997
270.25032400518404,0.055
270.2503720059521,0.06
270.2504200067201,0.055
270.2504680074881,0.06
270.2505160082561,0.055
270.2505640090241,0.055
270.2506120097921,0.049999997
270.2506600105601,0.055
270.2507080113282,0.055
270.2507560120962,0.044999998
270.2508040128642,0.055
270.2508520136322,0.049999997
270.2509000144002,0.055
270.2509480151682,0.055
270.25099601593627,0.06
270.25104401670427,0.055
270.2510920174723,0.049999997
270.2511400182403,0.055
270.2511880190083,0.049999997
270.2512360197763,0.049999997
270.2512840205443,0.055
270.25133202131235,0.06
270.25138002208035,0.055
270.25142802284836,0.055
270.25147602361636,0.06
270.25152402438437,0.049999997
270.25157202515237,0.055
270.2516200259204,0.055
270.25166802668844,0.055
270.25171602745644,0.049999997
270.25176402822444,0.055
270.25181202899245,0.049999997
270.25186002976045,0.055
270.25190803052845,0.06
270.25195603129646,0.049999997
270.2520040320645,0.049999997
270.2520520328325,0.049999997
270.2521000336005,0.055
270.25214803436853,0.055
270.25219603513654,0.055
270.25224403590454,0.055
270.25229203667254,0.049999997
270.2523400374406,0.055
270.2523880382086,0.055
270.2524360389766,0.055
270.2524840397446,0.049999997
270.2525320405126,0.055
270.2525800412806,0.049999997
270.2526280420487,0.055
270.2526760428167,0.049999997
270.2527240435847,0.055
270.2527720443527,0.049999997
270.2528200451207,0.049999997
270.2528680458887,0.055
270.2529160466567,0.049999997
270.25296404742477,0.049999997
270.2530120481928,0.055
270.2530600489608,0.049999997
270.2531080497288,0.06
270.2531560504968,0.055
270.2532040512648,0.06
270.2532520520328,0.055
270.25330005280085,0.055
270.25334805356886,0.055
270.25339605433686,0.055
270.25344405510486,0.06
270.25349205587287,0.06
270.2535400566409,0.055
270.2535880574089,0.055
270.25363605817694,0.055
270.25368405894494,0.055
270.25373205971295,0.055
270.25378006048095,0.055
270.25382806124895,0.055
270.25387606201696,0.055
270.25392406278496,0.055
270.253972063553,0.055
270.254020064321,0.055
270.25406806508903,0.055
270.25411606585703,0.055
270.25416406662504,0.055
270.25421206739304,0.055
270.2542600681611,0.055
270.2543080689291,0.055
270.2543560696971,0.055
270.2544040704651,0.055
270.2544520712331,0.049999997
